3.417458261726918245e+00,2.489392187998525241e+00,0.000000000000000000e+00,0.000000000000000000e+00
3.441586688599483690e+00,2.319537134006642187e+00,3.936236135692809945e+00,1.000000000000000000e+00
3.461935556931620361e+00,1.691471647388864463e+00,0.000000000000000000e+00,0.000000000000000000e+00
3.478188673430292255e+00,1.544875901008861074e+00,0.000000000000000000e+00,0.000000000000000000e+00
3.492986669648810771e+00,1.400735122209886718e+00,0.000000000000000000e+00,0.000000000000000000e+00
3.506355212056590620e+00,1.259293699103747999e+00,0.000000000000000000e+00,0.000000000000000000e+00
3.518322318767189927e+00,1.120775623525387177e+00,7.629653310982497771e+00,1.000000000000000000e+00
3.524975837934031020e+00,1.165756570671197118e-01,-4.868226795028474108e+00,1.000000000000000000e+00
3.528222621303984674e+00,5.752620407679353010e-01,-4.762053195421110274e+00,1.000000000000000000e+00
3.535907494131789619e+00,1.000772233632854613e+00,0.000000000000000000e+00,0.000000000000000000e+00
3.545308129414580289e+00,8.664991402516906138e-01,0.000000000000000000e+00,0.000000000000000000e+00
3.553381856197719735e+00,7.357713831767740409e-01,0.000000000000000000e+00,0.000000000000000000e+00
3.560164820469301272e+00,6.087396863343149667e-01,0.000000000000000000e+00,0.000000000000000000e+00
3.565694598348402078e+00,4.855378007676113827e-01,2.067962118009549766e+00,1.000000000000000000e+00
3.568962194596326576e+00,1.353048036634486029e-01,0.000000000000000000e+00,0.000000000000000000e+00
3.569837921292023708e+00,3.000148425631542215e-02,-9.545561353557152628e+00,1.000000000000000000e+00
3.574508479131678573e+00,9.933038774743885302e-01,5.727081143417905196e+00,1.000000000000000000e+00
3.580908683469441467e+00,2.142927332220603831e-01,-3.599816676526572667e+00,1.000000000000000000e+00
3.584359226420585909e+00,5.024170122096665025e-01,-4.100879719193260442e+00,1.000000000000000000e+00
3.590881449116649193e+00,8.322760762741390206e-01,0.000000000000000000e+00,0.000000000000000000e+00
3.598574196601468156e+00,6.930249353983907179e-01,-5.002869378007273049e+00,1.000000000000000000e+00
3.607387794398344560e+00,1.107586404665992230e+00,-7.534026082575262961e+00,0.000000000000000000e+00
3.621503794656537156e+00,1.776415253171928166e+00,-7.534026082575262961e+00,0.000000000000000000e+00
3.642138079935148820e+00,2.406936588365406582e+00,3.765380117803789339e+00,1.000000000000000000e+00
3.663400545689942334e+00,1.787982970170399089e+00,-7.534026082575262961e+00,0.000000000000000000e+00
3.684023265188177465e+00,2.390333527340193331e+00,6.199277366493132213e+00,1.000000000000000000e+00
3.703972068710285281e+00,1.518958434764050569e+00,-7.534026082575262961e+00,0.000000000000000000e+00
3.721830508451940300e+00,2.105242659518550052e+00,-7.534026082575262961e+00,0.000000000000000000e+00
3.745380976974198362e+00,2.653055975387940357e+00,0.000000000000000000e+00,0.000000000000000000e+00
3.770794275576033083e+00,2.405730449853399566e+00,0.000000000000000000e+00,0.000000000000000000e+00
3.793758262905708722e+00,2.163789533275558785e+00,1.426749799382485140e+00,1.000000000000000000e+00
3.813700254041516580e+00,1.789477292373410133e+00,0.000000000000000000e+00,0.000000000000000000e+00
3.830580332289957202e+00,1.565112325397091109e+00,-6.098207540786777514e+00,1.000000000000000000e+00
3.847853501490054118e+00,1.920718022654141599e+00,0.000000000000000000e+00,0.000000000000000000e+00
3.865992739411078905e+00,1.684584377951392042e+00,7.003206639117756538e+00,1.000000000000000000e+00
3.878893340373795517e+00,8.154996080254576230e-01,3.408517267802004813e+00,1.000000000000000000e+00
3.884761318021875187e+00,3.112526835803925973e-01,0.000000000000000000e+00,0.000000000000000000e+00
3.887077777224032804e+00,1.356136866285158338e-01,0.000000000000000000e+00,0.000000000000000000e+00
3.887668932785978804e+00,-3.311288494599306381e-02,5.646958336382244426e+00,1.000000000000000000e+00
3.884296426060799945e+00,-7.040061353842405056e-01,-5.839050439298003603e+00,1.000000000000000000e+00
3.879047409434248639e+00,-3.083517590991330382e-01,9.197503877041615539e+00,1.000000000000000000e+00
3.871497355183763034e+00,-1.294134249889964394e+00,1.192438731334406476e+00,1.000000000000000000e+00
3.857575931634350752e+00,-1.510061743409977231e+00,0.000000000000000000e+00,0.000000000000000000e+00
3.842043046001411000e+00,-1.604866587720120030e+00,0.000000000000000000e+00,0.000000000000000000e+00
3.825592809964996732e+00,-1.692862714032342897e+00,-7.147932495301296818e+00,0.000000000000000000e+00
3.811385217811727344e+00,-1.090796348506200664e+00,4.693362999861660612e+00,1.000000000000000000e+00
3.797953386008607435e+00,-1.647799969451066993e+00,-7.147932495301296818e+00,0.000000000000000000e+00
3.784279234055921481e+00,-1.027581011492996410e+00,1.887874846314014921e+00,1.000000000000000000e+00
3.772700505157909667e+00,-1.314801465360420529e+00,1.233859584418639521e-01,1.000000000000000000e+00
3.759100539245062489e+00,-1.414003547627643131e+00,-7.147932495301296818e+00,0.000000000000000000e+00
3.747844505452725627e+00,-7.764771095032744208e-01,-4.941915226740256628e-01,1.000000000000000000e+00
3.739830592876382198e+00,-8.310763880466406350e-01,0.000000000000000000e+00,0.000000000000000000e+00
3.731061922440600309e+00,-9.317377055471538494e-01,-3.322986598334964903e+00,1.000000000000000000e+00
3.722852363844610046e+00,-6.867672262864997768e-01,-5.557806048104341201e-01,1.000000000000000000e+00
3.715773774572664223e+00,-7.329688166041462560e-01,0.000000000000000000e+00,0.000000000000000000e+00
3.707989629419163435e+00,-8.329013207368750615e-01,0.000000000000000000e+00,0.000000000000000000e+00
3.699232087432984706e+00,-9.270773576845861008e-01,-3.532505755169190742e-01,1.000000000000000000e+00
3.689725556014612717e+00,-9.786695778785405864e-01,8.983509878320717235e+00,1.000000000000000000e+00
3.675281659766868714e+00,-2.006680470255101323e+00,-7.147932495301296818e+00,0.000000000000000000e+00
3.658470521079499438e+00,-1.286628754167906674e+00,-7.147932495301296818e+00,0.000000000000000000e+00
3.648769962224587715e+00,-5.872848778551176263e-01,6.259314517079667795e+00,1.000000000000000000e+00
3.639431301278761577e+00,-1.351880809262901106e+00,-7.147932495301296818e+00,0.000000000000000000e+00
3.629145549995491216e+00,-6.376433185923078284e-01,0.000000000000000000e+00,0.000000000000000000e+00
3.622378255361123678e+00,-7.235757712608135162e-01,0.000000000000000000e+00,0.000000000000000000e+00
3.614774327783557339e+00,-8.044696720745140306e-01,-3.568349095552458827e+00,1.000000000000000000e+00
3.608152613218539528e+00,-4.901341917435776407e-01,1.950642226331003037e+00,1.000000000000000000e+00
3.601883259799447234e+00,-7.917046040955106889e-01,-6.513162649011075445e+00,1.000000000000000000e+00
3.596879514421988944e+00,-1.486605348474310251e-01,0.000000000000000000e+00,0.000000000000000000e+00
3.594941467891580089e+00,-2.481428815258913956e-01,-1.522302358983371739e+00,1.000000000000000000e+00
3.592790663743524071e+00,-1.751078653267502672e-01,9.831175097679397012e+00,1.000000000000000000e+00
3.585673453117943499e+00,-1.358895282730225862e+00,0.000000000000000000e+00,0.000000000000000000e+00
3.571871651482217302e+00,-1.405278283797209538e+00,6.976929606988624855e+00,1.000000000000000000e+00
3.554094641081461781e+00,-2.227023004903362580e+00,0.000000000000000000e+00,0.000000000000000000e+00
3.531806222031614872e+00,-2.230118327044158466e+00,1.830936521795492045e+00,1.000000000000000000e+00
3.508565658987096825e+00,-2.436681686969372596e+00,0.000000000000000000e+00,0.000000000000000000e+00
3.484266121248384973e+00,-2.420826669484355431e+00,-7.334292127159458552e+00,1.000000000000000000e+00
3.463997654561485895e+00,-1.549961808708749000e+00,0.000000000000000000e+00,0.000000000000000000e+00
3.448444278168100396e+00,-1.561157106652756088e+00,-6.252094076142206802e+00,1.000000000000000000e+00
3.436116378171231833e+00,-8.359189687336383567e-01,-7.311649530574298339e+00,1.000000000000000000e+00
3.431492077045297240e+00,-1.179247303086444765e-02,1.422691841925431966e+00,1.000000000000000000e+00
3.430306364634054805e+00,-2.472401529023621758e-01,0.000000000000000000e+00,0.000000000000000000e+00
3.427570089513484852e+00,-3.053172866891545878e-01,0.000000000000000000e+00,0.000000000000000000e+00
3.424266835306263079e+00,-3.603282842471461911e-01,0.000000000000000000e+00,0.000000000000000000e+00
3.420427282568988758e+00,-4.122701614570121187e-01,-6.159039572791257910e+00,1.000000000000000000e+00
3.419376395893599430e+00,2.652823825503006772e-01,7.238735500934946998e+00,1.000000000000000000e+00
3.417808538025479237e+00,-6.655244253766862128e-01,0.000000000000000000e+00,0.000000000000000000e+00
3.410981237965481583e+00,-7.031757310577761988e-01,-8.243566845101351959e+00,1.000000000000000000e+00
3.408213403056484125e+00,2.374639613007938077e-01,0.000000000000000000e+00,0.000000000000000000e+00
3.410256102452010829e+00,1.641702811619810132e-01,0.000000000000000000e+00,0.000000000000000000e+00
3.411577513366031322e+00,9.347660762730834738e-02,8.906196022077709884e+00,1.000000000000000000e+00
3.407429059310085773e+00,-1.027585808889595498e+00,0.000000000000000000e+00,0.000000000000000000e+00
3.397060204507409420e+00,-1.047647723950139165e+00,-8.406006915029674786e+00,1.000000000000000000e+00
3.391032135735478459e+00,-6.602929781345995286e-02,0.000000000000000000e+00,0.000000000000000000e+00
3.390115139979490433e+00,-1.226025153094708608e-01,0.000000000000000000e+00,0.000000000000000000e+00
3.388644030361953607e+00,-1.765894373155000030e-01,3.459673472166782116e+00,1.000000000000000000e+00
3.384778485974156759e+00,-6.395459533516303363e-01,5.293739600599566941e+00,1.000000000000000000e+00
3.375381557063432236e+00,-1.301338037719681040e+00,-4.536211020091993618e+00,1.000000000000000000e+00
3.364817006526760412e+00,-7.605625669490846397e-01,-7.918220006466810901e+00,0.000000000000000000e+00
3.361409862192936249e+00,1.656667817937479970e-01,6.462813922388295218e+00,1.000000000000000000e+00
3.359289324995192061e+00,-6.673159739055959383e-01,9.506057404841467218e+00,1.000000000000000000e+00
3.347340899433155492e+00,-1.830716143147592900e+00,-1.625480144423473994e-01,0.000000000000000000e+00
3.329244272611793232e+00,-1.783479272070167099e+00,-1.625480144423473994e-01,0.000000000000000000e+00
3.311630797447368213e+00,-1.733884361107861372e+00,-1.625480144423473994e-01,0.000000000000000000e+00
3.294523118835820608e+00,-1.682139093273656183e+00,-2.406099252821005674e+00,1.000000000000000000e+00
3.279175987519858282e+00,-1.356205693502629428e+00,1.321556765552127644e+00,1.000000000000000000e+00
3.264991275107719471e+00,-1.492952917304349425e+00,0.000000000000000000e+00,0.000000000000000000e+00
3.250208691370628511e+00,-1.459889896775055762e+00,-8.280933392197997733e+00,1.000000000000000000e+00
3.240347164388036383e+00,-4.144744521055294673e-01,-7.918220006466810901e+00,0.000000000000000000e+00
3.240556172995152195e+00,5.456927676568071872e-01,-7.918220006466810901e+00,0.000000000000000000e+00
3.250184599284562381e+00,1.465072565605480825e+00,-8.088633906166782239e+00,1.000000000000000000e+00
3.268911739998824562e+00,2.362857586848915670e+00,8.247109577130080638e+00,1.000000000000000000e+00
3.287410265866949732e+00,1.231149745447271071e+00,0.000000000000000000e+00,0.000000000000000000e+00
3.299331531464568368e+00,1.144562014830669217e+00,-2.415423991432712469e+00,1.000000000000000000e+00
3.311716561177322493e+00,1.351082557605716827e+00,0.000000000000000000e+00,0.000000000000000000e+00
3.324788418704447412e+00,1.253698163807630550e+00,0.000000000000000000e+00,0.000000000000000000e+00
3.336890747426418002e+00,1.157309306627214873e+00,-4.060193789446666202e+00,1.000000000000000000e+00
3.350248404770212574e+00,1.550046971452643252e+00,0.000000000000000000e+00,0.000000000000000000e+00
3.365231223229446123e+00,1.435230981440215769e+00,0.000000000000000000e+00,0.000000000000000000e+00
3.379071556476984650e+00,1.321718317478313143e+00,0.000000000000000000e+00,0.000000000000000000e+00
3.391783454762762329e+00,1.209732289651821002e+00,0.000000000000000000e+00,0.000000000000000000e+00
3.403383135537203952e+00,1.099481575987456106e+00,-2.137746477055908478e+00,1.000000000000000000e+00
3.415036474287841184e+00,1.244060426103823724e+00,-4.369428559137144674e+00,1.000000000000000000e+00
3.429286301099452317e+00,1.642065895045937252e+00,3.858366240659443225e+00,1.000000000000000000e+00
3.443033154743139423e+00,1.052158478849263279e+00,0.000000000000000000e+00,0.000000000000000000e+00
3.453033045075004193e+00,9.366787237963065671e-01,0.000000000000000000e+00,0.000000000000000000e+00
3.461889484507184811e+00,8.237512030420442999e-01,4.522939089641773158e+00,1.000000000000000000e+00
3.467242374928691362e+00,1.875391508796742934e-01,0.000000000000000000e+00,0.000000000000000000e+00
3.468733687763891460e+00,1.027718521549566555e-01,0.000000000000000000e+00,0.000000000000000000e+00
3.469391738908815803e+00,2.121806951173232231e-02,0.000000000000000000e+00,0.000000000000000000e+00
3.469248919337887926e+00,-5.706717519467845862e-02,1.742193297838972033e+00,1.000000000000000000e+00
3.467420523575885039e+00,-3.343881967956474077e-01,3.468949084225061430e+00,1.000000000000000000e+00
3.461961876251482106e+00,-8.006760734475993901e-01,0.000000000000000000e+00,0.000000000000000000e+00
3.453762460461814676e+00,-8.428159156130552443e-01,0.000000000000000000e+00,0.000000000000000000e+00
3.445158078409682911e+00,-8.813136525098883567e-01,-5.531846545802410198e-01,1.000000000000000000e+00
3.436478755964965437e+00,-8.513996870493647506e-01,0.000000000000000000e+00,0.000000000000000000e+00
3.427808145910644644e+00,-8.855679288100315460e-01,0.000000000000000000e+00,0.000000000000000000e+00
3.418811347201325290e+00,-9.163042376678584011e-01,4.875157689469952871e+00,1.000000000000000000e+00
3.406912186946194687e+00,-1.519558884682282507e+00,8.721777763830404595e+00,1.000000000000000000e+00
3.387029444038751169e+00,-2.553377681988953096e+00,6.916146552092294897e-01,1.000000000000000000e+00
3.361337633813667125e+00,-2.587207586125797043e+00,2.318054734016548046e+00,1.000000000000000000e+00
3.334454690452811843e+00,-2.809259841542955272e+00,-1.625480144423473994e-01,0.000000000000000000e+00
3.306770919364115713e+00,-2.717862562850732910e+00,-1.625480144423473994e-01,0.000000000000000000e+00
3.280014072030680516e+00,-2.623647692044498658e+00,-1.625480144423473994e-01,0.000000000000000000e+00
3.254210842847871099e+00,-2.526944256058110128e+00,5.300279425271270384e+00,1.000000000000000000e+00
3.226363021287962152e+00,-3.094673115864781110e+00,-1.625480144423473994e-01,0.000000000000000000e+00
3.195996920097501359e+00,-2.965260621473439606e+00,-3.887201118394543187e+00,1.000000000000000000e+00
3.169003246945539143e+00,-2.377556348475162284e+00,4.415780069683061804e-01,1.000000000000000000e+00
3.145400003220924390e+00,-2.338502929040355838e+00,3.155169800524570967e+00,1.000000000000000000e+00
3.120696256876795527e+00,-2.628215219132141733e+00,-4.233775867004729854e+00,1.000000000000000000e+00
3.097285877990656466e+00,-1.993904943175790034e+00,-4.493162783938105420e+00,0.000000000000000000e+00
3.080266798528654260e+00,-1.349271540013158743e+00,-5.211814180447461808e+00,0.000000000000000000e+00
3.069987919076839766e+00,-6.401211513478839432e-01,-9.214209117241843217e+00,0.000000000000000000e+00
3.068896928155040449e+00,5.310123562471396053e-01,-9.214209117241843217e+00,0.000000000000000000e+00
3.079298643611305231e+00,1.653584732741190555e+00,-7.011292195577619069e+00,0.000000000000000000e+00
3.099484378876712576e+00,2.457796129289904652e+00,-7.011292195577619069e+00,0.000000000000000000e+00
3.127542787764735266e+00,3.224249534741165490e+00,-7.214107138510559736e+00,0.000000000000000000e+00
3.163205927580409860e+00,3.977032235904305324e+00,-9.048821231496715356e+00,0.000000000000000000e+00
3.207234030819956061e+00,4.913705499298593793e+00,-8.312333860682413089e+00,0.000000000000000000e+00
3.259983025185015926e+00,5.707050058335658704e+00,6.068650060466014295e+00,1.000000000000000000e+00
3.312504653668484345e+00,4.702566485000018837e+00,-8.624825012505867861e+00,1.000000000000000000e+00
3.363175736841350627e+00,5.502402611205184257e+00,-5.184538104891531773e+00,1.000000000000000000e+00
3.419727675754604679e+00,5.835288889761089060e+00,-3.494969761930966090e+00,1.000000000000000000e+00
3.478543551010057744e+00,5.933485357336570232e+00,-6.172474334573187171e+00,0.000000000000000000e+00
3.539622900495419167e+00,6.312612993862424027e+00,-6.172474334573187171e+00,0.000000000000000000e+00
3.604280620852571726e+00,6.644001608416334470e+00,-6.172474334573187171e+00,0.000000000000000000e+00
3.672028977057383514e+00,6.925373447175720010e+00,0.000000000000000000e+00,0.000000000000000000e+00
3.739429819493342411e+00,6.514191043197351760e+00,2.048410002661307239e+00,0.000000000000000000e+00
3.801804138536343913e+00,5.903289402211123083e+00,2.048410002661307239e+00,0.000000000000000000e+00
3.858171418351170612e+00,5.315147393951161092e+00,8.560609640122262221e+00,1.000000000000000000e+00
3.906062348474705459e+00,4.159782564585588815e+00,-3.645456621222578075e+00,0.000000000000000000e+00
3.947573359811376470e+00,4.136888777761825509e+00,1.814772118603489304e+00,0.000000000000000000e+00
3.986689288170962353e+00,3.640034381149271248e+00,5.543702227824409690e-02,1.000000000000000000e+00
4.021571925063891051e+00,3.304341648185692204e+00,-9.245974361523618512e+00,1.000000000000000000e+00
4.056397264116066381e+00,3.690651993655273966e+00,1.814772118603489304e+00,0.000000000000000000e+00
4.091141035443589757e+00,3.213919199533194604e+00,2.457354664234610020e+00,1.000000000000000000e+00
4.121006068050795612e+00,2.713006157760265324e+00,4.782519748493463396e-01,0.000000000000000000e+00
4.146576856841557301e+00,2.368738265467922322e+00,2.205801454057347843e+00,1.000000000000000000e+00
4.168249563999998131e+00,1.924852391686731501e+00,2.606804027271250046e+00,1.000000000000000000e+00
4.185460949956704368e+00,1.476086426730248258e+00,8.006950925105634553e+00,1.000000000000000000e+00
4.196777597943833094e+00,7.181080662662062686e-01,-5.079679498185594611e+00,1.000000000000000000e+00
4.204264384588227266e+00,7.846112106531281105e-01,9.646548471390445911e+00,0.000000000000000000e+00
4.208408612028090801e+00,-3.100562631684884718e-02,9.646548471390445911e+00,0.000000000000000000e+00
4.204556154361025477e+00,-8.128186140249743508e-01,9.646548471390445911e+00,0.000000000000000000e+00
4.193005868352069676e+00,-1.569405285089509494e+00,0.000000000000000000e+00,0.000000000000000000e+00
4.176658607446937843e+00,-1.713094476867019322e+00,0.000000000000000000e+00,0.000000000000000000e+00
4.158910352407766631e+00,-1.848823901746192266e+00,9.076338790606602203e+00,1.000000000000000000e+00
4.137163718252723221e+00,-2.570643374732342945e+00,1.735561354341057516e+00,0.000000000000000000e+00
4.110492391241550081e+00,-2.783652676319171348e+00,1.420141783771557975e+00,1.000000000000000000e+00
4.081825811990580810e+00,-2.966726953243700393e+00,9.632806060690946026e+00,0.000000000000000000e+00
4.048638145830733670e+00,-3.747967241009388495e+00,-5.551449911878960641e+00,1.000000000000000000e+00
4.012927700366449635e+00,-3.353251812534679743e+00,-6.714050075072462320e+00,1.000000000000000000e+00
3.981618305599184282e+00,-2.858405196673547088e+00,0.000000000000000000e+00,0.000000000000000000e+00
3.952757990662356224e+00,-2.918458697484173747e+00,5.913426402435828066e+00,0.000000000000000000e+00
3.921045551012431130e+00,-3.477986014672536097e+00,0.000000000000000000e+00,0.000000000000000000e+00
3.886151517150918888e+00,-3.502039877169188742e+00,0.000000000000000000e+00,0.000000000000000000e+00
3.851049220774939386e+00,-3.518931688669038493e+00,0.000000000000000000e+00,0.000000000000000000e+00
3.815810005344159261e+00,-3.528725813023115609e+00,-8.035552080022421606e+00,1.000000000000000000e+00
3.784021338279122570e+00,-2.752421864401843887e+00,3.685619600670468898e+00,1.000000000000000000e+00
3.754710112137086941e+00,-3.146906330084766612e+00,6.008530306798018472e+00,1.000000000000000000e+00
3.720454705179291111e+00,-3.762754191884938315e+00,2.165827432597666746e+00,1.000000000000000000e+00
3.681922568145420183e+00,-3.961805456020353056e+00,0.000000000000000000e+00,0.000000000000000000e+00
3.642488217929580330e+00,-3.919765228053865069e+00,0.000000000000000000e+00,0.000000000000000000e+00
3.603503883550299047e+00,-3.871178545923291914e+00,0.000000000000000000e+00,0.000000000000000000e+00
3.565034150811369873e+00,-3.816245266603013775e+00,0.000000000000000000e+00,0.000000000000000000e+00
3.527141496160619560e+00,-3.755189638332093516e+00,0.000000000000000000e+00,0.000000000000000000e+00
3.489886048799999863e+00,-3.688258908318311491e+00,0.000000000000000000e+00,0.000000000000000000e+00
3.453325367992695405e+00,-3.615721653825819448e+00,0.000000000000000000e+00,0.000000000000000000e+00
3.417514238167454366e+00,-3.537865874282328793e+00,-1.625480144423473994e-01,0.000000000000000000e+00
3.382591704363719032e+00,-3.435731874043458145e+00,-1.625480144423473994e-01,0.000000000000000000e+00
3.348708951468839956e+00,-3.329568450442609517e+00,-1.625480144423473994e-01,0.000000000000000000e+00
3.315904580152383208e+00,-3.219753233545034732e+00,-1.625480144423473994e-01,0.000000000000000000e+00
3.284213387369994575e+00,-3.106669425594600131e+00,-1.625480144423473994e-01,0.000000000000000000e+00
3.253666323251935832e+00,-2.990703018817355119e+00,-1.625480144423473994e-01,0.000000000000000000e+00
3.224290475268936973e+00,-2.872240140640330619e+00,-1.625480144423473994e-01,0.000000000000000000e+00
3.196109078253055902e+00,-2.751664558143137818e+00,0.000000000000000000e+00,0.000000000000000000e+00
3.169051236559937479e+00,-2.649272880408373609e+00,-4.493162783938105420e+00,0.000000000000000000e+00
3.145526177053914019e+00,-1.993695248391287755e+00,-4.493162783938105420e+00,0.000000000000000000e+00
3.128459624711048992e+00,-1.359905209249129943e+00,-5.211814180447461808e+00,0.000000000000000000e+00
3.118029573960637624e+00,-6.605745144013177583e-01,-9.214209117241843217e+00,0.000000000000000000e+00
3.116697580399250267e+00,5.025425716950510102e-01,-9.214209117241843217e+00,0.000000000000000000e+00
3.126779369995063895e+00,1.617259240106233342e+00,-7.011292195577619069e+00,0.000000000000000000e+00
3.146563205983036848e+00,2.412814815527212886e+00,-7.011292195577619069e+00,0.000000000000000000e+00
3.174131098113007976e+00,3.170107056037821280e+00,-7.214107138510559736e+00,0.000000000000000000e+00
3.209208853088780788e+00,3.912958606236365267e+00,-9.048821231496715356e+00,0.000000000000000000e+00
3.252545403740556562e+00,4.838063840582454311e+00,-8.312333860682413089e+00,0.000000000000000000e+00
3.304481924002162341e+00,5.618670494954581152e+00,-9.032368982392268819e+00,0.000000000000000000e+00
3.364377937585685263e+00,6.431782917960291002e+00,-9.032368982392268819e+00,0.000000000000000000e+00
3.432123260122398101e+00,7.181277644322007880e+00,-6.508094411289421899e+00,0.000000000000000000e+00
3.505719348091068888e+00,7.567989266704721274e+00,5.190497665823441409e+00,0.000000000000000000e+00
3.576910647606942995e+00,6.578424319814517141e+00,-6.172474334573187171e+00,0.000000000000000000e+00
3.644084754357135303e+00,6.878029689191181184e+00,0.000000000000000000e+00,0.000000000000000000e+00
3.711047264169709425e+00,6.474561933124517665e+00,0.000000000000000000e+00,0.000000000000000000e+00
3.773988818161221559e+00,6.074373429137446045e+00,2.048410002661307239e+00,0.000000000000000000e+00
3.832039584256326403e+00,5.480088964043258848e+00,2.048410002661307239e+00,0.000000000000000000e+00
3.884249965913974645e+00,4.908627206841316593e+00,0.000000000000000000e+00,0.000000000000000000e+00
3.931678373054104281e+00,4.541476308951808427e+00,-3.645456621222578075e+00,0.000000000000000000e+00
3.976876775749718096e+00,4.489646834843572520e+00,1.814772118603489304e+00,0.000000000000000000e+00
4.019455246029638218e+00,3.978529665579352503e+00,1.814772118603489304e+00,0.000000000000000000e+00
4.057019989613471544e+00,3.488985628806921646e+00,1.814772118603489304e+00,0.000000000000000000e+00
4.089784500618645069e+00,3.020488123758105825e+00,1.814772118603489304e+00,0.000000000000000000e+00
4.117956342002210057e+00,2.572369945273845993e+00,1.577788853919412926e+00,0.000000000000000000e+00
4.141809009152757959e+00,2.159873366797248728e+00,1.577788853919412926e+00,0.000000000000000000e+00
4.161616418956659125e+00,1.764958443423015666e+00,1.577788853919412926e+00,0.000000000000000000e+00
4.177551104126113302e+00,1.386888479050335521e+00,1.577788853919412926e+00,0.000000000000000000e+00
4.189778087913716753e+00,1.024898615984001449e+00,1.577788853919412926e+00,0.000000000000000000e+00
4.198454684130704884e+00,6.782134242877410069e-01,9.646548471390445911e+00,0.000000000000000000e+00
4.201529349218626308e+00,-1.388205695577823251e-01,9.646548471390445911e+00,0.000000000000000000e+00
4.196588925513327517e+00,-9.229790875829387842e-01,9.646548471390445911e+00,0.000000000000000000e+00
4.183923294421049377e+00,-1.682769571596615776e+00,0.000000000000000000e+00,0.000000000000000000e+00
4.166468570274379779e+00,-1.820653917050498283e+00,0.000000000000000000e+00,0.000000000000000000e+00
4.147670593763036706e+00,-1.950645545695859795e+00,0.000000000000000000e+00,0.000000000000000000e+00
4.127607900625057447e+00,-2.072829995965852046e+00,1.735561354341057516e+00,0.000000000000000000e+00
4.105820734329975075e+00,-2.306514103010326000e+00,1.735561354341057516e+00,0.000000000000000000e+00
4.081736056155277126e+00,-2.531510198665481326e+00,0.000000000000000000e+00,0.000000000000000000e+00
4.056014191381675182e+00,-2.620528270585381847e+00,0.000000000000000000e+00,0.000000000000000000e+00
4.029435790717394106e+00,-2.702078955362186008e+00,0.000000000000000000e+00,0.000000000000000000e+00
4.002075302465505580e+00,-2.776212281835490625e+00,0.000000000000000000e+00,0.000000000000000000e+00
3.974006674603216549e+00,-2.842978600120284138e+00,0.000000000000000000e+00,0.000000000000000000e+00
3.945303343886938041e+00,-2.902430287705306977e+00,5.913426402435828066e+00,0.000000000000000000e+00
3.913736367242836689e+00,-3.465187369201061962e+00,0.000000000000000000e+00,0.000000000000000000e+00
3.878973659827880116e+00,-3.488501119929626970e+00,0.000000000000000000e+00,0.000000000000000000e+00
3.844010034041565049e+00,-3.504666153435306963e+00,0.000000000000000000e+00,0.000000000000000000e+00
3.808916683453732688e+00,-3.513750515057901147e+00,0.000000000000000000e+00,0.000000000000000000e+00
3.773764050678801052e+00,-3.515838134956075223e+00,0.000000000000000000e+00,0.000000000000000000e+00
3.738621663541209728e+00,-3.511029889665568060e+00,0.000000000000000000e+00,0.000000000000000000e+00
3.703557961786109853e+00,-3.499444403453261021e+00,0.000000000000000000e+00,0.000000000000000000e+00
3.668640116985268929e+00,-3.481218579742188624e+00,0.000000000000000000e+00,0.000000000000000000e+00
3.633933848362386865e+00,-3.456507858032281444e+00,0.000000000000000000e+00,0.000000000000000000e+00
3.599503237284074064e+00,-3.425486197019683932e+00,0.000000000000000000e+00,0.000000000000000000e+00
3.565410543132003340e+00,-3.388345789864497970e+00,0.000000000000000000e+00,0.000000000000000000e+00
3.531716023189276576e+00,-3.345296522612366541e+00,0.000000000000000000e+00,0.000000000000000000e+00
3.498477759042454505e+00,-3.296565191486095614e+00,0.000000000000000000e+00,0.000000000000000000e+00
3.465751491824057062e+00,-3.242394498989932927e+00,0.000000000000000000e+00,0.000000000000000000e+00
3.433590468404082330e+00,-3.183041852392462179e+00,0.000000000000000000e+00,0.000000000000000000e+00
3.402045300389639149e+00,-3.118777991080831313e+00,-1.625480144423473994e-01,0.000000000000000000e+00
3.371251391175815293e+00,-3.030552418201188036e+00,-1.625480144423473994e-01,0.000000000000000000e+00
3.341356410081301576e+00,-2.938683648169250873e+00,-1.625480144423473994e-01,0.000000000000000000e+00
3.312395266857321552e+00,-2.843510622552243738e+00,-1.625480144423473994e-01,0.000000000000000000e+00
3.284399468348935258e+00,-2.745374901947696511e+00,-1.625480144423473994e-01,0.000000000000000000e+00
3.257397101498800573e+00,-2.644618637374133385e+00,-1.625480144423473994e-01,0.000000000000000000e+00
3.231412836245727505e+00,-2.541582632968618416e+00,-1.625480144423473994e-01,0.000000000000000000e+00
3.206467947303835331e+00,-2.436604521724337058e+00,0.000000000000000000e+00,0.000000000000000000e+00
3.182490094672770553e+00,-2.349923443903813247e+00,0.000000000000000000e+00,0.000000000000000000e+00
3.159388840225596073e+00,-2.261121931500961857e+00,-4.493162783938105420e+00,0.000000000000000000e+00
3.139683086280475877e+00,-1.619455913631222765e+00,-4.493162783938105420e+00,0.000000000000000000e+00
3.126294781959985336e+00,-9.999810516831142415e-01,-9.214209117241843217e+00,0.000000000000000000e+00
3.121624425882519205e+00,1.755598479140366708e-01,-9.214209117241843217e+00,0.000000000000000000e+00
3.128493040082613863e+00,1.302895187083734196e+00,-8.222586275266895228e+00,0.000000000000000000e+00
3.145864343396100438e+00,2.259794966227434809e+00,-7.011292195577619069e+00,0.000000000000000000e+00
3.171931672731417962e+00,3.023699768931165099e+00,-7.011292195577619069e+00,0.000000000000000000e+00
3.205463026461916609e+00,3.748498268170774139e+00,-9.048821231496715356e+00,0.000000000000000000e+00
3.247191640218163755e+00,4.681827468069386100e+00,-8.312333860682413089e+00,0.000000000000000000e+00
3.297604256748857043e+00,5.471077192481303975e+00,-9.048821231496715356e+00,0.000000000000000000e+00
3.356074892146772459e+00,6.295537772344713012e+00,-9.032368982392268819e+00,0.000000000000000000e+00
3.422502408283801589e+00,7.055114432449087758e+00,-6.508094411289421899e+00,0.000000000000000000e+00
3.494881442700217278e+00,7.451859660401912500e+00,4.255354863303793422e+00,0.000000000000000000e+00
3.565416796047471859e+00,6.573069431529216189e+00,-6.172474334573187171e+00,0.000000000000000000e+00
3.632566742348795952e+00,6.879240697102237512e+00,-7.171472320190181549e+00,0.000000000000000000e+00
3.703033918397042878e+00,7.240130440929163136e+00,0.000000000000000000e+00,0.000000000000000000e+00
3.773494650650983218e+00,6.809551327146837529e+00,2.048410002661307239e+00,0.000000000000000000e+00
3.838760643015034724e+00,6.185115307635911996e+00,2.048410002661307239e+00,0.000000000000000000e+00
3.897889850000985312e+00,5.584682783450778842e+00,2.048410002661307239e+00,0.000000000000000000e+00
3.951124127141949938e+00,5.008585804492081017e+00,0.000000000000000000e+00,0.000000000000000000e+00
3.999482036199928814e+00,4.626053217177647170e+00,1.814772118603489304e+00,0.000000000000000000e+00
4.043400464175748610e+00,4.109684698342086051e+00,1.814772118603489304e+00,0.000000000000000000e+00
4.082255202862419274e+00,3.615450763125294564e+00,1.814772118603489304e+00,0.000000000000000000e+00
4.116265220075611353e+00,3.142792566731081205e+00,1.814772118603489304e+00,0.000000000000000000e+00
4.145643208775078747e+00,2.691006197969510350e+00,0.000000000000000000e+00,0.000000000000000000e+00
4.171130314208725487e+00,2.376592132225588294e+00,1.577788853919412926e+00,0.000000000000000000e+00
4.193070059270381122e+00,1.974043390439377266e+00,1.577788853919412926e+00,0.000000000000000000e+00
4.211063412333626133e+00,1.588925510244992623e+00,1.577788853919412926e+00,0.000000000000000000e+00
4.225281061925960202e+00,1.220429738739757131e+00,1.577788853919412926e+00,0.000000000000000000e+00
4.235885529204098887e+00,8.677327342173778435e-01,9.646548471390445911e+00,0.000000000000000000e+00
4.240979987993214628e+00,7.854802702532062697e-02,9.646548471390445911e+00,0.000000000000000000e+00
4.238341773388140332e+00,-6.768917399338086893e-01,9.646548471390445911e+00,0.000000000000000000e+00
4.228269371680393185e+00,-1.407119203630755155e+00,0.000000000000000000e+00,0.000000000000000000e+00
4.213496022647291284e+00,-1.561659393614579727e+00,0.000000000000000000e+00,0.000000000000000000e+00
4.197213801459640514e+00,-1.708101853956704108e+00,0.000000000000000000e+00,0.000000000000000000e+00
4.179503208487976629e+00,-1.846550807090265867e+00,0.000000000000000000e+00,0.000000000000000000e+00
4.160443744577003500e+00,-1.977101065280750802e+00,0.000000000000000000e+00,0.000000000000000000e+00
4.140114002851381869e+00,-2.099838587423833225e+00,1.735561354341057516e+00,0.000000000000000000e+00
4.118064295557271492e+00,-2.331876884512616321e+00,1.735561354341057516e+00,0.000000000000000000e+00
4.093732780325182397e+00,-2.555394388851396581e+00,0.000000000000000000e+00,0.000000000000000000e+00
4.067768822132034501e+00,-2.645134134740009912e+00,0.000000000000000000e+00,0.000000000000000000e+00
4.040941136558352298e+00,-2.727400415744349438e+00,0.000000000000000000e+00,0.000000000000000000e+00
4.013324244656057971e+00,-2.802240535823572465e+00,0.000000000000000000e+00,0.000000000000000000e+00
3.984992195911972512e+00,-2.869701793669244605e+00,0.000000000000000000e+00,0.000000000000000000e+00
3.956018560383092630e+00,-2.929833241486988982e+00,5.913426402435828066e+00,0.000000000000000000e+00
3.924199701546859487e+00,-3.487764624130796243e+00,0.000000000000000000e+00,0.000000000000000000e+00
3.889207250663348603e+00,-3.511957821226696197e+00,0.000000000000000000e+00,0.000000000000000000e+00
3.854005167800397480e+00,-3.528983341741339874e+00,0.000000000000000000e+00,0.000000000000000000e+00
3.818664860427512853e+00,-3.538903835943848719e+00,0.000000000000000000e+00,0.000000000000000000e+00
3.783257038763464308e+00,-3.541797905383408995e+00,0.000000000000000000e+00,0.000000000000000000e+00
3.747851550989256264e+00,-3.537761228174333361e+00,0.000000000000000000e+00,0.000000000000000000e+00
3.712517208376644451e+00,-3.526907422188320318e+00,0.000000000000000000e+00,0.000000000000000000e+00
3.677321603006147299e+00,-3.509368635295520900e+00,0.000000000000000000e+00,0.000000000000000000e+00
3.642330920833941388e+00,-3.485295856993100738e+00,0.000000000000000000e+00,0.000000000000000000e+00
3.607609752899541000e+00,-3.454858951122743438e+00,0.000000000000000000e+00,0.000000000000000000e+00
3.573220907444975669e+00,-3.418246414744343209e+00,0.000000000000000000e+00,0.000000000000000000e+00
3.539225225641843053e+00,-3.375664873436839297e+00,0.000000000000000000e+00,0.000000000000000000e+00
3.505681403497653559e+00,-3.327338328179165305e+00,0.000000000000000000e+00,0.000000000000000000e+00
3.472645822341024147e+00,-3.273507173378050528e+00,0.000000000000000000e+00,0.000000000000000000e+00
3.440172390071881470e+00,-3.214427009428333371e+00,0.000000000000000000e+00,0.000000000000000000e+00
3.408312395114345694e+00,-3.150367276314331999e+00,-1.625480144423473994e-01,0.000000000000000000e+00
3.377201787240645903e+00,-3.062306831204932855e+00,-1.625480144423473994e-01,0.000000000000000000e+00
3.346988797740671373e+00,-2.970527395592008624e+00,-1.625480144423473994e-01,0.000000000000000000e+00
3.317709091067022165e+00,-2.875368719521235850e+00,-1.625480144423473994e-01,0.000000000000000000e+00
3.289394918519196409e+00,-2.777173645629894327e+00,-1.625480144423473994e-01,0.000000000000000000e+00
3.262075096687170994e+00,-2.676286040869153116e+00,-1.625480144423473994e-01,0.000000000000000000e+00
3.235775006201680792e+00,-2.573048816349139845e+00,-1.625480144423473994e-01,0.000000000000000000e+00
