-5.364033609641998268e+00,-9.290228504504904450e+00,5.785265005345054945e+00,1.000000000000000000e+00
-5.452349516989843714e+00,-8.272291675950297574e+00,5.803422792952446230e+00,1.000000000000000000e+00
-5.530521934510096216e+00,-7.263784573397351174e+00,-9.592299444797632191e+00,1.000000000000000000e+00
-5.605048417777745762e+00,-7.693490907102735754e+00,-7.021447968170204668e+00,1.000000000000000000e+00
-5.682981876228270224e+00,-7.923952022156440123e+00,0.000000000000000000e+00,0.000000000000000000e+00
-5.760155321013880503e+00,-7.471230763360245497e+00,0.000000000000000000e+00,0.000000000000000000e+00
-5.832956467780541665e+00,-7.052631356175197652e+00,0.000000000000000000e+00,0.000000000000000000e+00
-5.901719000419036298e+00,-6.666470447249249531e+00,0.000000000000000000e+00,0.000000000000000000e+00
-5.966759604302583675e+00,-6.311034835663020814e+00,5.025530157895525818e+00,1.000000000000000000e+00
-6.025706930020978014e+00,-5.393547709707654292e+00,0.000000000000000000e+00,0.000000000000000000e+00
-6.078379753215340742e+00,-5.117383915742357736e+00,0.000000000000000000e+00,0.000000000000000000e+00
-6.128397443261054178e+00,-4.864615997626207999e+00,-1.729090246237789952e+00,1.000000000000000000e+00
-6.176939667612654894e+00,-4.844097508134378671e+00,0.000000000000000000e+00,0.000000000000000000e+00
-6.224380725807050041e+00,-4.625697729006655656e+00,8.282362743281534989e-03,1.000000000000000000e+00
-6.269724648899520858e+00,-4.426365874402427458e+00,4.521952761269849574e+00,1.000000000000000000e+00
-6.310649951535639346e+00,-3.692011087229499555e+00,8.116940332293527405e+00,1.000000000000000000e+00
-6.342413334187344098e+00,-2.556471809733994682e+00,2.621197011695914902e+00,1.000000000000000000e+00
-6.366120799540675002e+00,-2.148049429316476466e+00,-4.673886658420349782e+00,1.000000000000000000e+00
-6.389889561564606524e+00,-2.653502947068782536e+00,0.000000000000000000e+00,0.000000000000000000e+00
-6.416056323580731302e+00,-2.573449678435854260e+00,-7.173339668741041564e+00,1.000000000000000000e+00
-6.445417217023819312e+00,-3.373786579664999508e+00,8.870528257878724787e+00,1.000000000000000000e+00
-6.473851896264166683e+00,-2.206552935276271832e+00,1.611146708054966847e+00,1.000000000000000000e+00
-6.494842068132554935e+00,-1.970477887313137888e+00,-6.867392288031995307e+00,1.000000000000000000e+00
-6.518146940321394744e+00,-2.764631007679504648e+00,0.000000000000000000e+00,0.000000000000000000e+00
-6.545542244096570705e+00,-2.710463073080171092e+00,0.000000000000000000e+00,0.000000000000000000e+00
-6.572434660118877225e+00,-2.664819627541349156e+00,0.000000000000000000e+00,0.000000000000000000e+00
-6.598907136052496902e+00,-2.627197245234567546e+00,4.050443857120828994e+00,1.000000000000000000e+00
-6.622900486263951336e+00,-2.126426691451467121e+00,5.917160449236380515e+00,1.000000000000000000e+00
-6.641041661075338887e+00,-1.439304157539545548e+00,0.000000000000000000e+00,0.000000000000000000e+00
-6.655553662259015901e+00,-1.466143893896029615e+00,2.713033462730254364e+00,1.000000000000000000e+00
-6.668940047711680918e+00,-1.185821327348644649e+00,3.884379748624133821e+00,1.000000000000000000e+00
-6.678992003306052361e+00,-7.882482754120047064e-01,3.897602216786986151e+00,1.000000000000000000e+00
-6.685151676687884681e+00,-4.087899926185719623e-01,0.000000000000000000e+00,0.000000000000000000e+00
-6.689591480413207947e+00,-4.865775771174098985e-01,-6.077228057410250628e+00,1.000000000000000000e+00
-6.697902849586267138e+00,-1.246335657135189123e+00,0.000000000000000000e+00,0.000000000000000000e+00
-6.710577774764152181e+00,-1.293509652663890730e+00,0.000000000000000000e+00,0.000000000000000000e+00
-6.723728411444253261e+00,-1.341575761076868600e+00,0.000000000000000000e+00,0.000000000000000000e+00
-6.737363911470215072e+00,-1.390584786510882243e+00,0.000000000000000000e+00,0.000000000000000000e+00
-6.751493923270820652e+00,-1.440584983384965767e+00,1.631405751820436123e+00,1.000000000000000000e+00
-6.765320217331742825e+00,-1.313560873893669489e+00,-7.367906364689902787e+00,1.000000000000000000e+00
-6.782345591070270352e+00,-2.170730662737333727e+00,0.000000000000000000e+00,0.000000000000000000e+00
-6.804177867693848469e+00,-2.199141808235242745e+00,9.559752381794533349e+00,1.000000000000000000e+00
-6.821711284974734113e+00,-1.218676253429200829e+00,0.000000000000000000e+00,0.000000000000000000e+00
-6.834234350755553855e+00,-1.293319771540178964e+00,0.000000000000000000e+00,0.000000000000000000e+00
-6.847501849412762631e+00,-1.367546193632891871e+00,0.000000000000000000e+00,0.000000000000000000e+00
-6.861510277798128499e+00,-1.441501875236368857e+00,-4.771959772966094526e+00,1.000000000000000000e+00
-6.878474661014058356e+00,-2.003341646835566259e+00,0.000000000000000000e+00,0.000000000000000000e+00
-6.898752849202904436e+00,-2.058066460860278113e+00,0.000000000000000000e+00,0.000000000000000000e+00
-6.919586379767236117e+00,-2.114585707077681231e+00,-8.846506012715336098e+00,1.000000000000000000e+00
-6.944933354837504957e+00,-3.038935506036666290e+00,7.015149902716748542e+00,1.000000000000000000e+00
-6.972376064360249259e+00,-2.392838734436870229e+00,0.000000000000000000e+00,0.000000000000000000e+00
-6.996559491701010103e+00,-2.449908917453115453e+00,0.000000000000000000e+00,0.000000000000000000e+00
-7.021323198859913184e+00,-2.509093511449226988e+00,-8.335115927089688626e+00,1.000000000000000000e+00
-7.050095889902110891e+00,-3.318295923308188122e+00,6.353011386779461311e+00,1.000000000000000000e+00
-7.080903394276838014e+00,-2.798577917764084599e+00,0.000000000000000000e+00,0.000000000000000000e+00
-7.109156341763004150e+00,-2.858366460388057639e+00,-2.723125152119054704e+00,1.000000000000000000e+00
-7.139035425763358589e+00,-3.143564542830177277e+00,0.000000000000000000e+00,0.000000000000000000e+00
-7.170717483858596530e+00,-3.198818543202922804e+00,4.402330523647308702e+00,1.000000000000000000e+00
-7.201433811755299175e+00,-2.921612685227126693e+00,0.000000000000000000e+00,0.000000000000000000e+00
-7.230979651129366026e+00,-2.995111922004132676e+00,0.000000000000000000e+00,0.000000000000000000e+00
-7.261265953061640133e+00,-3.069804485091311985e+00,9.294154867306758661e-01,1.000000000000000000e+00
-7.292018793141805233e+00,-3.083185093361711537e+00,4.470753417796498042e+00,1.000000000000000000e+00
-7.321898269292772099e+00,-2.876458385493850578e+00,-5.117091967183307055e+00,1.000000000000000000e+00
-7.352498117566094393e+00,-3.278790199047340259e+00,-6.650627346741799784e+00,1.000000000000000000e+00
-7.387388000392939524e+00,-3.738426004058046370e+00,0.000000000000000000e+00,0.000000000000000000e+00
-7.425057665363814507e+00,-3.802098231596536149e+00,0.000000000000000000e+00,0.000000000000000000e+00
-7.463369728567932349e+00,-3.866975689814124983e+00,0.000000000000000000e+00,0.000000000000000000e+00
-7.502334853964052641e+00,-3.932748349153647460e+00,0.000000000000000000e+00,0.000000000000000000e+00
-7.541960567301879692e+00,-3.999097646072214740e+00,0.000000000000000000e+00,0.000000000000000000e+00
-7.582251168401168862e+00,-4.065695991742355631e+00,3.409709378892178400e+00,1.000000000000000000e+00
-7.622718421388691823e+00,-4.027357713225265812e+00,-7.648319729659562860e+00,1.000000000000000000e+00
-7.664239048911264618e+00,-4.295712891981784409e+00,-5.940024554064020634e+00,1.000000000000000000e+00
-7.708058196419238506e+00,-4.480313588992215657e+00,0.000000000000000000e+00,0.000000000000000000e+00
-7.753111064634674143e+00,-4.535640109090119942e+00,0.000000000000000000e+00,0.000000000000000000e+00
-7.798712410867479683e+00,-4.589822247707541436e+00,0.000000000000000000e+00,0.000000000000000000e+00
-7.844848810795348903e+00,-4.642419548644765470e+00,9.035146706998888888e+00,1.000000000000000000e+00
-7.891519096779054721e+00,-4.706266789100973291e+00,-8.047576813179826871e+00,1.000000000000000000e+00
-7.938573630872718390e+00,-4.695733009982117068e+00,0.000000000000000000e+00,0.000000000000000000e+00
-7.985745357778603726e+00,-4.742792374948773926e+00,0.000000000000000000e+00,0.000000000000000000e+00
-8.033372735763702366e+00,-4.786454346003002236e+00,0.000000000000000000e+00,0.000000000000000000e+00
-8.081419915089298911e+00,-4.826303454313284114e+00,4.567404259126794486e+00,1.000000000000000000e+00
-8.130451915197658863e+00,-5.000283451366558829e+00,0.000000000000000000e+00,0.000000000000000000e+00
-8.180572325807005996e+00,-5.025553637002579954e+00,-3.674458358479517628e+00,1.000000000000000000e+00
-8.230242227902678565e+00,-4.891727861843771841e+00,0.000000000000000000e+00,0.000000000000000000e+00
-8.279261092370649777e+00,-4.913281928953519895e+00,4.360071323775525087e+00,1.000000000000000000e+00
-8.329499789752986771e+00,-5.160684998860372019e+00,0.000000000000000000e+00,0.000000000000000000e+00
-8.381112005589214320e+00,-5.160765622938688679e+00,7.062211241697749387e+00,1.000000000000000000e+00
-8.434720791491931990e+00,-5.608154237600019520e+00,0.000000000000000000e+00,0.000000000000000000e+00
-8.490664846173102021e+00,-5.576409949366087915e+00,0.000000000000000000e+00,0.000000000000000000e+00
-8.546261784898771197e+00,-5.538018828106689107e+00,0.000000000000000000e+00,0.000000000000000000e+00
-8.601443926666847872e+00,-5.492722224484197113e+00,0.000000000000000000e+00,0.000000000000000000e+00
-8.656141271861125475e+00,-5.440321248504725204e+00,0.000000000000000000e+00,0.000000000000000000e+00
-8.710282104629957445e+00,-5.380677718121845921e+00,0.000000000000000000e+00,0.000000000000000000e+00
-8.763793601861538107e+00,-5.313714457212585174e+00,0.000000000000000000e+00,0.000000000000000000e+00
-8.816602442067997814e+00,-5.239414906232108038e+00,3.353923835178251878e+00,1.000000000000000000e+00
-8.870181306854924230e+00,-5.500946662503626072e+00,-2.071273211433299899e+00,1.000000000000000000e+00
-8.923743084426018157e+00,-5.178329447896511617e+00,-1.509776337637269705e-01,1.000000000000000000e+00
-8.975002381527716011e+00,-5.060653625182880866e+00,-2.899491053837699450e+00,1.000000000000000000e+00
-9.023669683875160885e+00,-4.629660383651325262e+00,-4.220295509359194952e+00,1.000000000000000000e+00
-9.067349063067693393e+00,-4.049077466021409499e+00,0.000000000000000000e+00,0.000000000000000000e+00
-9.107459415879878506e+00,-3.963490254604357776e+00,0.000000000000000000e+00,0.000000000000000000e+00
-9.146688590646393280e+00,-3.872337340982058063e+00,0.000000000000000000e+00,0.000000000000000000e+00
-9.184982380910048150e+00,-3.775944933432815009e+00,0.000000000000000000e+00,0.000000000000000000e+00
-9.222289932737716356e+00,-3.674658778159238359e+00,-8.020577265850139526e+00,1.000000000000000000e+00
-9.254185708995251503e+00,-2.602361627792229459e+00,8.302039742343188422e+00,1.000000000000000000e+00
-9.284460835810797619e+00,-3.539533770996226458e+00,-1.900908996316164057e-01,1.000000000000000000e+00
-9.319237313844761061e+00,-3.401491021043230312e+00,0.000000000000000000e+00,0.000000000000000000e+00
-9.352726520255426834e+00,-3.284063076832316241e+00,-4.906826267784931694e+00,1.000000000000000000e+00
-9.382303419312851389e+00,-2.562769109772866205e+00,-7.650906302473988063e+00,1.000000000000000000e+00
-9.403241914778485366e+00,-1.527562608122658983e+00,0.000000000000000000e+00,0.000000000000000000e+00
-9.418253334231430074e+00,-1.468624283955926924e+00,0.000000000000000000e+00,0.000000000000000000e+00
-9.432670105639683555e+00,-1.408551355166045127e+00,0.000000000000000000e+00,0.000000000000000000e+00
-9.446481744236045586e+00,-1.347534370552456062e+00,6.171438207614321492e-01,1.000000000000000000e+00
-9.460022812729450337e+00,-1.361419313261036157e+00,0.000000000000000000e+00,0.000000000000000000e+00
-9.473342197435714596e+00,-1.295808118318223734e+00,-3.311537137323812274e+00,1.000000000000000000e+00
-9.484163816110992684e+00,-8.241970495207842085e-01,0.000000000000000000e+00,0.000000000000000000e+00
-9.492185865549584989e+00,-7.753382683520259055e-01,-7.783897869218248111e-01,1.000000000000000000e+00
-9.499287879519728861e+00,-6.313786564856035399e-01,0.000000000000000000e+00,0.000000000000000000e+00
-9.505401607745522341e+00,-5.869857260591307968e-01,0.000000000000000000e+00,0.000000000000000000e+00
-9.511073122354243736e+00,-5.429909865181441475e-01,4.057911350638507386e+00,1.000000000000000000e+00
-9.518555224157905670e+00,-9.951862692342564598e-01,0.000000000000000000e+00,0.000000000000000000e+00
-9.528217590049198549e+00,-9.309114274816390200e-01,0.000000000000000000e+00,0.000000000000000000e+00
-9.537238831216960477e+00,-8.670235633746584680e-01,7.648348221672458536e+00,1.000000000000000000e+00
-9.549849497276550636e+00,-1.735232808516830927e+00,4.035318567802585576e+00,1.000000000000000000e+00
-9.568964716876248389e+00,-2.122940988001003504e+00,-2.887700661317629258e+00,1.000000000000000000e+00
-9.588049466569106727e+00,-1.649311300841251660e+00,0.000000000000000000e+00,0.000000000000000000e+00
-9.604054821352733029e+00,-1.541037083883344483e+00,0.000000000000000000e+00,0.000000000000000000e+00
-9.618980639167663327e+00,-1.433519101970398113e+00,0.000000000000000000e+00,0.000000000000000000e+00
-9.632835542871589496e+00,-1.326990608802347760e+00,0.000000000000000000e+00,0.000000000000000000e+00
-9.645630428370330023e+00,-1.221671613864144357e+00,2.489408025925352597e+00,1.000000000000000000e+00
-9.658728357511908058e+00,-1.415277360741986845e+00,9.164680809952116647e+00,1.000000000000000000e+00
-9.677315695583596167e+00,-2.391558693526022683e+00,0.000000000000000000e+00,0.000000000000000000e+00
-9.700508707458165958e+00,-2.231202521767304603e+00,-8.606627555222436499e+00,1.000000000000000000e+00
-9.717504670423659618e+00,-1.059041580114399306e+00,0.000000000000000000e+00,0.000000000000000000e+00
-9.727581172382036456e+00,-9.452733210523523999e-01,-6.920665218014803166e+00,1.000000000000000000e+00
-9.732858945435571840e+00,-2.458001310607521583e-02,0.000000000000000000e+00,0.000000000000000000e+00
-9.732769531809433161e+00,4.934378529234665495e-02,9.138117238159752631e+00,1.000000000000000000e+00
-9.736798112537476513e+00,-9.475402843606484105e-01,7.947726898714712718e+00,1.000000000000000000e+00
-9.749963867239916482e+00,-1.760124673798785677e+00,7.143425403107293015e+00,1.000000000000000000e+00
-9.770644303169738976e+00,-2.437245554552174731e+00,-7.220163588405275057e+00,1.000000000000000000e+00
-9.790418637921712630e+00,-1.423514385069908572e+00,0.000000000000000000e+00,0.000000000000000000e+00
-9.803996163353559723e+00,-1.277919091560463905e+00,0.000000000000000000e+00,0.000000000000000000e+00
-9.816131357433981464e+00,-1.135390510443581302e+00,0.000000000000000000e+00,0.000000000000000000e+00
-9.826855832589561857e+00,-9.961350080685822395e-01,0.000000000000000000e+00,0.000000000000000000e+00
-9.836203175212782313e+00,-8.603391676676441779e-01,0.000000000000000000e+00,0.000000000000000000e+00
-9.844208751592447015e+00,-7.281706355942313413e-01,0.000000000000000000e+00,0.000000000000000000e+00
-9.850909522526348994e+00,-5.997790122063991758e-01,2.249010528811066223e+00,1.000000000000000000e+00
-9.857482113109799826e+00,-7.261388165963719166e-01,4.537131668461846346e+00,1.000000000000000000e+00
-9.866438652237102147e+00,-1.099238599419754436e+00,-7.204686736077643872e+00,1.000000000000000000e+00
-9.873139636276038189e+00,-1.530556937312662069e-01,-7.205399925008655337e+00,1.000000000000000000e+00
-9.870557003593837919e+00,7.541088909839730459e-01,2.803627185419226286e+00,1.000000000000000000e+00
-9.864096020526032405e+00,5.154631720792619554e-01,8.031503264896098671e+00,1.000000000000000000e+00
-9.862619719054281475e+00,-2.959552800052230870e-01,0.000000000000000000e+00,0.000000000000000000e+00
-9.865061375673862543e+00,-1.816405257391391082e-01,0.000000000000000000e+00,0.000000000000000000e+00
-9.866378973186010981e+00,-7.158100609876280607e-02,3.974258962290870834e+00,1.000000000000000000e+00
-9.868613605303288239e+00,-4.063691419829335572e-01,0.000000000000000000e+00,0.000000000000000000e+00
-9.872132729728692269e+00,-2.861293246232439746e-01,5.764722729303755067e+00,1.000000000000000000e+00
-9.877358211008759881e+00,-8.070296433498477251e-01,9.466081465425562058e+00,1.000000000000000000e+00
-9.889529304698312373e+00,-1.709807072964013130e+00,-8.652702437355291210e+00,1.000000000000000000e+00
-9.901523564251975884e+00,-5.848649670319940874e-01,0.000000000000000000e+00,0.000000000000000000e+00
-9.906761961880992118e+00,-4.500733280372313794e-01,0.000000000000000000e+00,0.000000000000000000e+00
-9.910672720041953099e+00,-3.198065355311355273e-01,0.000000000000000000e+00,0.000000000000000000e+00
-9.913301527586897421e+00,-1.941595830358410490e-01,0.000000000000000000e+00,0.000000000000000000e+00
-9.914694954372846425e+00,-7.321233986827556384e-02,0.000000000000000000e+00,0.000000000000000000e+00
-9.914900304686435462e+00,4.296942318141910855e-02,-7.625147171198740637e+00,1.000000000000000000e+00
-9.910222275119695112e+00,9.800500365351274557e-01,0.000000000000000000e+00,0.000000000000000000e+00
-9.900097319539082008e+00,1.051203888711149670e+00,0.000000000000000000e+00,0.000000000000000000e+00
-9.889284005968319136e+00,1.117215981443229422e+00,0.000000000000000000e+00,0.000000000000000000e+00
-9.877833509826162484e+00,1.178141376237917370e+00,4.541011302632904645e+00,1.000000000000000000e+00
-9.868070718777564920e+00,7.321166429323702207e-01,2.655625524673868032e+00,1.000000000000000000e+00
-9.861755166371155568e+00,5.099191417256968561e-01,2.888848078699717270e+00,1.000000000000000000e+00
-9.857747226621871306e+00,2.689793306628596725e-01,0.000000000000000000e+00,0.000000000000000000e+00
-9.854650594577755385e+00,3.585772883260809896e-01,0.000000000000000000e+00,0.000000000000000000e+00
-9.850677901166573491e+00,4.437467143581636519e-01,-3.920297461761468316e+00,1.000000000000000000e+00
-9.843886369554093463e+00,9.628717897591432262e-01,0.000000000000000000e+00,0.000000000000000000e+00
-9.833995086656473816e+00,1.020373094486069609e+00,0.000000000000000000e+00,0.000000000000000000e+00
-9.823549489621388631e+00,1.073284949965345181e+00,0.000000000000000000e+00,0.000000000000000000e+00
-9.812595210632290232e+00,1.121666832776778255e+00,9.620471000512209159e+00,1.000000000000000000e+00
-9.806136154028822105e+00,7.158926859550464317e-02,0.000000000000000000e+00,0.000000000000000000e+00
-9.805027968027992813e+00,1.580591234743816687e-01,0.000000000000000000e+00,0.000000000000000000e+00
-9.803072472156550532e+00,2.406589203552600698e-01,7.825368579000246960e-01,1.000000000000000000e+00
-9.800713100382550280e+00,2.301321398889446812e-01,1.742969882315348329e+00,1.000000000000000000e+00
-9.798956801941457684e+00,1.098341345294554100e-01,-7.922995022496599482e+00,1.000000000000000000e+00
-9.793377286800728498e+00,1.098208424880867451e+00,-9.882287913573827964e+00,1.000000000000000000e+00
-9.777074455100555284e+00,2.272211718100319633e+00,-5.979691305693020098e+00,1.000000000000000000e+00
-9.751274607448408460e+00,2.951044929900023206e+00,0.000000000000000000e+00,0.000000000000000000e+00
-9.721969829117579565e+00,2.904441225519164504e+00,-7.945212240663568792e+00,1.000000000000000000e+00
-9.688916773937108928e+00,3.788732397795143036e+00,0.000000000000000000e+00,0.000000000000000000e+00
-9.651457989431472484e+00,3.692600480934517204e+00,0.000000000000000000e+00,0.000000000000000000e+00
-9.614982134848114370e+00,3.591731430990880547e+00,-7.397516714226288315e+00,1.000000000000000000e+00
-9.575487000934403525e+00,4.380175500395787402e+00,0.000000000000000000e+00,0.000000000000000000e+00
-9.532346350165616045e+00,4.232465879828175126e+00,0.000000000000000000e+00,0.000000000000000000e+00
-9.490701681858707772e+00,4.080648663453803948e+00,0.000000000000000000e+00,0.000000000000000000e+00
-9.450591861723733444e+00,3.925217008720828904e+00,-9.716421908426786658e+00,1.000000000000000000e+00
-9.406647029938280724e+00,4.958231518418668493e+00,7.941792034195405137e-01,1.000000000000000000e+00
-9.358459759015053336e+00,4.648454290311588188e+00,0.000000000000000000e+00,0.000000000000000000e+00
-9.312922863310316046e+00,4.437434883375561689e+00,0.000000000000000000e+00,0.000000000000000000e+00
-9.269505808970013305e+00,4.224391641991489088e+00,-4.720667409593208852e+00,1.000000000000000000e+00
-9.225636654821233407e+00,4.580072187000644668e+00,-6.161887460060222921e+00,1.000000000000000000e+00
-9.177563090681051250e+00,5.077757316478449745e+00,6.142991853922204371e+00,1.000000000000000000e+00
-9.131309717741807219e+00,4.079740190415471091e+00,0.000000000000000000e+00,0.000000000000000000e+00
-9.091595484662786220e+00,3.839170971104553409e+00,0.000000000000000000e+00,0.000000000000000000e+00
-9.054282718441315936e+00,3.599656678907658947e+00,0.000000000000000000e+00,0.000000000000000000e+00
-9.019358078233166154e+00,3.361810496945138116e+00,0.000000000000000000e+00,0.000000000000000000e+00
-8.986802271064998848e+00,3.126205228192587615e+00,0.000000000000000000e+00,0.000000000000000000e+00
-8.956590465076947893e+00,2.893371387454381161e+00,0.000000000000000000e+00,0.000000000000000000e+00
-8.928692717364304698e+00,2.663796265470045999e+00,0.000000000000000000e+00,0.000000000000000000e+00
-8.903074407283302349e+00,2.437923834393130651e+00,0.000000000000000000e+00,0.000000000000000000e+00
-8.879696667398402354e+00,2.216155363643780962e+00,0.000000000000000000e+00,0.000000000000000000e+00
-8.858516805544196515e+00,1.998850618953135205e+00,0.000000000000000000e+00,0.000000000000000000e+00
-8.839488712717972874e+00,1.786329524348294617e+00,0.000000000000000000e+00,0.000000000000000000e+00
-8.822563252681604240e+00,1.578874175993018270e+00,0.000000000000000000e+00,0.000000000000000000e+00
-8.807688630215547931e+00,1.376731107419711719e+00,0.000000000000000000e+00,0.000000000000000000e+00
-8.794810735921334555e+00,1.180113717096317405e+00,0.000000000000000000e+00,0.000000000000000000e+00
-8.783873466307165145e+00,9.892047809220465560e-01,0.000000000000000000e+00,0.000000000000000000e+00
-8.774819018613271737e+00,8.041589837118565676e-01,0.000000000000000000e+00,0.000000000000000000e+00
-8.767588160443395395e+00,6.251054146939141187e-01,0.000000000000000000e+00,0.000000000000000000e+00
-8.762120474771638357e+00,4.521499822861773654e-01,0.000000000000000000e+00,0.000000000000000000e+00
-8.758354581298332775e+00,2.853777127984274409e-01,0.000000000000000000e+00,0.000000000000000000e+00
-8.756228335443356769e+00,1.248549061517058162e-01,0.000000000000000000e+00,0.000000000000000000e+00
-8.755679006499876849e+00,-2.936887080308178688e-02,0.000000000000000000e+00,0.000000000000000000e+00
-8.756643436635460631e+00,-1.772589662343431738e-01,0.000000000000000000e+00,0.000000000000000000e+00
-8.759058182529987135e+00,-3.187940077567086861e-01,0.000000000000000000e+00,0.000000000000000000e+00
-8.762859641489537665e+00,-4.539644517212584329e-01,0.000000000000000000e+00,0.000000000000000000e+00
-8.767984163880399251e+00,-5.827713156917246895e-01,0.000000000000000000e+00,0.000000000000000000e+00
-8.774368153694814154e+00,-7.052250890528997118e-01,0.000000000000000000e+00,0.000000000000000000e+00
-8.781948158996682352e+00,-8.213448139334847964e-01,0.000000000000000000e+00,0.000000000000000000e+00
-8.790660953906787256e+00,-9.311573264037871223e-01,0.000000000000000000e+00,0.000000000000000000e+00
-8.800443613678545773e+00,-1.034696646164627865e+00,0.000000000000000000e+00,0.000000000000000000e+00
-8.811233584291130683e+00,-1.132003501619997854e+00,0.000000000000000000e+00,0.000000000000000000e+00
-8.822968747851184901e+00,-1.223124976272084163e+00,0.000000000000000000e+00,0.000000000000000000e+00
-8.835587484950609749e+00,-1.308114261749971696e+00,0.000000000000000000e+00,0.000000000000000000e+00
-8.849028734979370370e+00,-1.387030502445710134e+00,0.000000000000000000e+00,0.000000000000000000e+00
-8.863232055241335061e+00,-1.459938716652240398e+00,0.000000000000000000e+00,0.000000000000000000e+00
-8.878137679570686558e+00,-1.526909779250180899e+00,0.000000000000000000e+00,0.000000000000000000e+00
-8.893686576998346638e+00,-1.588020451351550788e+00,0.000000000000000000e+00,0.000000000000000000e+00
-8.909820510874265409e+00,-1.643353442857461877e+00,0.000000000000000000e+00,0.000000000000000000e+00
-8.926482098714078717e+00,-1.692997494604573161e+00,0.000000000000000000e+00,0.000000000000000000e+00
-8.943614872909233071e+00,-1.737047467643224818e+00,0.000000000000000000e+00,0.000000000000000000e+00
-8.961163342319414582e+00,-1.775604428190231454e+00,0.000000000000000000e+00,0.000000000000000000e+00
-8.979073054656550923e+00,-1.808775717912389336e+00,0.000000000000000000e+00,0.000000000000000000e+00
-8.997290659471532948e+00,-1.836675000402986591e+00,0.000000000000000000e+00,0.000000000000000000e+00
-9.015763971469150206e+00,-1.859422275992160367e+00,0.000000000000000000e+00,0.000000000000000000e+00
-9.034442033804081618e+00,-1.877143858361024487e+00,0.000000000000000000e+00,0.000000000000000000e+00
-9.053275180951555257e+00,-1.889972307786409234e+00,0.000000000000000000e+00,0.000000000000000000e+00
-9.072215100700740109e+00,-1.898046317204741040e+00,0.000000000000000000e+00,0.000000000000000000e+00
-9.091214894786844525e+00,-1.901510548626892394e+00,0.000000000000000000e+00,0.000000000000000000e+00
-9.110229137659130672e+00,-1.900515418738107476e+00,0.000000000000000000e+00,0.000000000000000000e+00
-9.129213932876046655e+00,-1.895216833756796948e+00,0.000000000000000000e+00,0.000000000000000000e+00
-9.148126966624683831e+00,-1.885775874783079953e+00,0.000000000000000000e+00,0.000000000000000000e+00
-9.166927557878914001e+00,-1.872358435924697417e+00,0.000000000000000000e+00,0.000000000000000000e+00
-9.185576704737803411e+00,-1.855134818429125643e+00,0.000000000000000000e+00,0.000000000000000000e+00
-9.204037126521932066e+00,-1.834279284864273274e+00,0.000000000000000000e+00,0.000000000000000000e+00
-9.222273301248824495e+00,-1.809969578067281759e+00,0.000000000000000000e+00,0.000000000000000000e+00
-9.240251498158484011e+00,-1.782386410116316267e+00,0.000000000000000000e+00,0.000000000000000000e+00
-9.257939805014345325e+00,-1.751712926972089246e+00,0.000000000000000000e+00,0.000000000000000000e+00
-9.275308149962766535e+00,-1.718134154685864168e+00,0.000000000000000000e+00,0.000000000000000000e+00
-9.292328317793744574e+00,-1.681836433183705459e+00,0.000000000000000000e+00,0.000000000000000000e+00
-9.308973960505603884e+00,-1.643006843620682389e+00,0.000000000000000000e+00,0.000000000000000000e+00
-9.325220602135921411e+00,-1.601832635163918273e+00,0.000000000000000000e+00,0.000000000000000000e+00
-9.341045637878483632e+00,-1.558500656822304986e+00,0.000000000000000000e+00,0.000000000000000000e+00
-9.356428327560831093e+00,-1.513196799607432252e+00,0.000000000000000000e+00,0.000000000000000000e+00
-9.371349783607994866e+00,-1.466105453899931632e+00,0.000000000000000000e+00,0.000000000000000000e+00
-9.385792953664706673e+00,-1.417408986423741357e+00,0.000000000000000000e+00,0.000000000000000000e+00
-9.399742598090092827e+00,-1.367287240713489727e+00,0.000000000000000000e+00,0.000000000000000000e+00
-9.413185262575263224e+00,-1.315917064412729376e+00,0.000000000000000000e+00,0.000000000000000000e+00
-9.426109246165045974e+00,-1.263471866177751313e+00,0.000000000000000000e+00,0.000000000000000000e+00
-9.438504564990328305e+00,-1.210121204396732431e+00,0.000000000000000000e+00,0.000000000000000000e+00
-9.450362912037084229e+00,-1.156030409379254165e+00,0.000000000000000000e+00,0.000000000000000000e+00
-9.461677613292238220e+00,-1.101360240137377433e+00,0.000000000000000000e+00,0.000000000000000000e+00
-9.472443580615452774e+00,-1.046266576375609825e+00,0.000000000000000000e+00,0.000000000000000000e+00
-9.482657261690023986e+00,-9.909001458403929874e-01,0.000000000000000000e+00,0.000000000000000000e+00
-9.492316587405520423e+00,-9.354062867559231886e-01,0.000000000000000000e+00,0.000000000000000000e+00
-9.501420917020434231e+00,-8.799247446960333230e-01,0.000000000000000000e+00,0.000000000000000000e+00
-9.509970981445045268e+00,-8.245895029139590493e-01,0.000000000000000000e+00,0.000000000000000000e+00
-9.517968824973607411e+00,-7.695286448740529250e-01,0.000000000000000000e+00,0.000000000000000000e+00
-9.525417745781416201e+00,-7.148642475015829501e-01,0.000000000000000000e+00,0.000000000000000000e+00
-9.532322235486541118e+00,-6.607123034873131351e-01,0.000000000000000000e+00,0.000000000000000000e+00
-9.538687918058785797e+00,-6.071826708502873204e-01,0.000000000000000000e+00,0.000000000000000000e+00
-9.544521488340048876e+00,-5.543790478720969084e-01,0.000000000000000000e+00,0.000000000000000000e+00
-9.549830650421071709e+00,-5.023989714653182004e-01,0.000000000000000000e+00,0.000000000000000000e+00
-9.554624056100152529e+00,-4.513338370237511277e-01,0.000000000000000000e+00,0.000000000000000000e+00
-9.558911243629916399e+00,-4.012689378183342259e-01,0.000000000000000000e+00,0.000000000000000000e+00
-9.562702576938992394e+00,-3.522835220457937733e-01,0.000000000000000000e+00,0.000000000000000000e+00
-9.566009185496898937e+00,-3.044508657028405230e-01,0.000000000000000000e+00,0.000000000000000000e+00
-9.568842904972406416e+00,-2.578383595428204722e-01,0.000000000000000000e+00,0.000000000000000000e+00
-9.571216218818788590e+00,-2.125076084700523726e-01,0.000000000000000000e+00,0.000000000000000000e+00
-9.573142200903248522e+00,-1.685145418358612868e-01,0.000000000000000000e+00,0.000000000000000000e+00
-9.574634459283140941e+00,-1.259095332159914649e-01,0.000000000000000000e+00,0.000000000000000000e+00
-9.575707081217775141e+00,-8.473752836848794101e-02,0.000000000000000000e+00,0.000000000000000000e+00
-9.576374579492231476e+00,-4.503818019143764756e-02,0.000000000000000000e+00,0.000000000000000000e+00
-9.576651840118300285e+00,-6.845989618688722023e-03,0.000000000000000000e+00,0.000000000000000000e+00
-9.576554071467565876e+00,2.980954849325802292e-02,0.000000000000000000e+00,0.000000000000000000e+00
-9.576096754882721385e+00,6.490379532431871101e-02,0.000000000000000000e+00,0.000000000000000000e+00
-9.575295596805229792e+00,9.841681463008288000e-02,0.000000000000000000e+00,0.000000000000000000e+00
-9.574166482450598537e+00,1.303332165004210674e-01,0.000000000000000000e+00,0.000000000000000000e+00
-9.572725431056509748e+00,1.606419988901048868e-01,0.000000000000000000e+00,0.000000000000000000e+00
-9.570988552723918019e+00,1.893363873966772970e-01,0.000000000000000000e+00,0.000000000000000000e+00
-9.568972006866703239e+00,2.164136736926267346e-01,0.000000000000000000e+00,0.000000000000000000e+00
-9.566691962281792527e+00,2.418750529599919818e-01,0.000000000000000000e+00,0.000000000000000000e+00
-9.564164558848274211e+00,2.657254606256739260e-01,0.000000000000000000e+00,0.000000000000000000e+00
-9.561405870861362288e+00,2.879734086545298610e-01,0.000000000000000000e+00,0.000000000000000000e+00
-9.558431872004589991e+00,3.086308216243311420e-01,0.000000000000000000e+00,0.000000000000000000e+00
-9.555258401961497228e+00,3.277128727812237963e-01,0.000000000000000000e+00,0.000000000000000000e+00
-9.551901134666165305e+00,3.452378202557422338e-01,0.000000000000000000e+00,0.000000000000000000e+00
-9.548375548190271900e+00,3.612268436069560051e-01,0.000000000000000000e+00,0.000000000000000000e+00
-9.544696896262617969e+00,3.757038808551547704e-01,0.000000000000000000e+00,0.000000000000000000e+00
-9.540880181415575478e+00,3.886954661608028605e-01,0.000000000000000000e+00,0.000000000000000000e+00
-9.536940129751213746e+00,4.002305683084912413e-01,0.000000000000000000e+00,0.000000000000000000e+00
-9.532891167318412684e+00,4.103404301585152347e-01,0.000000000000000000e+00,0.000000000000000000e+00
-9.528747398090461118e+00,4.190584092347258149e-01,0.000000000000000000e+00,0.000000000000000000e+00
-9.524522583531028985e+00,4.264198196247362405e-01,0.000000000000000000e+00,0.000000000000000000e+00
-9.520230123734554795e+00,4.324617753767454054e-01,0.000000000000000000e+00,0.000000000000000000e+00
-9.515883040125229897e+00,4.372230355855808992e-01,0.000000000000000000e+00,0.000000000000000000e+00
-9.511493959696785794e+00,4.407438513685087433e-01,0.000000000000000000e+00,0.000000000000000000e+00
-9.507075100773258569e+00,4.430658149384611999e-01,0.000000000000000000e+00,0.000000000000000000e+00
-9.502638260268797765e+00,4.442317109882064075e-01,0.000000000000000000e+00,0.000000000000000000e+00
-9.498194802422432304e+00,4.442853706033033090e-01,0.000000000000000000e+00,0.000000000000000000e+00
-9.493755648981530015e+00,4.432715279242167017e-01,0.000000000000000000e+00,0.000000000000000000e+00
-9.489331270805438479e+00,4.412356797785287887e-01,0.000000000000000000e+00,0.000000000000000000e+00
-9.484931680858645464e+00,4.382239485026812043e-01,0.000000000000000000e+00,0.000000000000000000e+00
-9.480566428560550207e+00,4.342829481690473892e-01,0.000000000000000000e+00,0.000000000000000000e+00
-9.476244595456901010e+00,4.294596544284143280e-01,0.000000000000000000e+00,0.000000000000000000e+00
-9.471974792175750224e+00,4.238012781701676612e-01,0.000000000000000000e+00,0.000000000000000000e+00
-9.467765156628956902e+00,4.173551431927591815e-01,0.000000000000000000e+00,0.000000000000000000e+00
-9.463623353418226358e+00,4.101685680655120514e-01,0.000000000000000000e+00,0.000000000000000000e+00
-9.459556574403089613e+00,4.022887523496765927e-01,0.000000000000000000e+00,0.000000000000000000e+00
-9.455571540386442209e+00,3.937626673320631654e-01,0.000000000000000000e+00,0.000000000000000000e+00
-9.451674503871965172e+00,3.846369514087797925e-01,0.000000000000000000e+00,0.000000000000000000e+00
-9.447871252846320900e+00,3.749578102398047896e-01,0.000000000000000000e+00,0.000000000000000000e+00
-9.444167115537938528e+00,3.647709217775525481e-01,0.000000000000000000e+00,0.000000000000000000e+00
-9.440566966103258295e+00,3.541213462544830493e-01,0.000000000000000000e+00,0.000000000000000000e+00
-9.437075231190560132e+00,3.430534411963884200e-01,0.000000000000000000e+00,0.000000000000000000e+00
-9.433695897330816038e+00,3.316107815094611611e-01,0.000000000000000000e+00,0.000000000000000000e+00
-9.430432519104767763e+00,3.198360846708328542e-01,0.000000000000000000e+00,0.000000000000000000e+00
-9.427288228035051176e+00,3.077711410341392173e-01,0.000000000000000000e+00,0.000000000000000000e+00
-9.424265742152272196e+00,2.954567492440050569e-01,0.000000000000000000e+00,0.000000000000000000e+00
-9.421367376184038633e+00,2.829326567362918099e-01,0.000000000000000000e+00,0.000000000000000000e+00
-9.418595052316216965e+00,2.702375052846421877e-01,0.000000000000000000e+00,0.000000000000000000e+00
-9.415950311476239065e+00,2.574087815384111244e-01,0.000000000000000000e+00,0.000000000000000000e+00
-9.413434325088786636e+00,2.444827724825783255e-01,0.000000000000000000e+00,0.000000000000000000e+00
-9.411047907255063905e+00,2.314945257367545528e-01,0.000000000000000000e+00,0.000000000000000000e+00
-9.408791527307617031e+00,2.184778145979965613e-01,0.000000000000000000e+00,0.000000000000000000e+00
-9.406665322693781306e+00,2.054651077208349552e-01,0.000000000000000000e+00,0.000000000000000000e+00
-9.404669112141887055e+00,1.924875433177490602e-01,0.000000000000000000e+00,0.000000000000000000e+00
-9.402802409065568412e+00,1.795749077542531380e-01,0.000000000000000000e+00,0.000000000000000000e+00
-9.401064435162837185e+00,1.667556184048147316e-01,0.000000000000000000e+00,0.000000000000000000e+00
-9.399454134167953612e+00,1.540567106289469912e-01,0.000000000000000000e+00,0.000000000000000000e+00
-9.397970185715502467e+00,1.415038287209919865e-01,0.000000000000000000e+00,0.000000000000000000e+00
-9.396611019277672838e+00,1.291212206822830999e-01,0.000000000000000000e+00,0.000000000000000000e+00
