4.804303438944311111e+00,-8.383976231647439548e+00,6.821748260823625287e+00,1.000000000000000000e+00
4.721194508728649986e+00,-8.235913542050434799e+00,-9.590377981552421716e+00,0.000000000000000000e+00
4.639342885249003956e+00,-8.105990675750266661e+00,-9.590377981552421716e+00,0.000000000000000000e+00
4.559204954277701560e+00,-7.884838650301451146e+00,5.010779954090205379e+00,0.000000000000000000e+00
4.480261694461368904e+00,-7.913951132748420214e+00,9.622849891275450318e+00,1.000000000000000000e+00
4.400192504426048146e+00,-8.134935024611689158e+00,5.517407935665068486e+00,1.000000000000000000e+00
4.318315621341380250e+00,-8.259689323830286867e+00,3.045965156844316901e+00,1.000000000000000000e+00
4.235568315529507188e+00,-8.296531419309731703e+00,5.017865040351876971e+00,1.000000000000000000e+00
4.151848420024012221e+00,-8.469428680487565586e+00,4.090489915931088127e+00,1.000000000000000000e+00
4.066561689685338266e+00,-8.604497397749565124e+00,8.926032148094675378e+00,0.000000000000000000e+00
3.978177750619622532e+00,-9.131702397718735043e+00,8.157794705396160140e+00,0.000000000000000000e+00
3.884640952778683598e+00,-9.630694015987314671e+00,5.594846652216787675e+00,0.000000000000000000e+00
3.787058177798045211e+00,-9.916723197292503400e+00,3.142312743841977341e+00,0.000000000000000000e+00
3.687673949671162354e+00,-9.964938692882734372e+00,0.000000000000000000e+00,0.000000000000000000e+00
3.589331173070409609e+00,-9.672930205982289920e+00,-7.935574153717606549e+00,0.000000000000000000e+00
3.497974292144882646e+00,-8.477790310348007452e+00,-6.335053294251693501e+00,0.000000000000000000e+00
3.417739567094456810e+00,-7.468779083171874333e+00,-6.755140152681475385e+00,0.000000000000000000e+00
3.347794295525865937e+00,-6.417216848013030273e+00,-2.712951516589774403e+00,0.000000000000000000e+00
3.286089056656372520e+00,-5.869771692323259238e+00,8.968124569403521207e+00,1.000000000000000000e+00
3.223392792614169000e+00,-6.750307061337163184e+00,-8.651703213813675575e+00,0.000000000000000000e+00
3.161873786822843702e+00,-5.427189761383098165e+00,0.000000000000000000e+00,0.000000000000000000e+00
3.108601876390613583e+00,-5.204274208642986288e+00,2.920161826500133895e+00,1.000000000000000000e+00
3.055952810522863494e+00,-5.335446159116396636e+00,-7.731881649440770943e+00,1.000000000000000000e+00
3.007975593412974380e+00,-4.148345139339289389e+00,0.000000000000000000e+00,0.000000000000000000e+00
2.967418511626493505e+00,-3.942253924470296766e+00,3.289459878530243131e+00,1.000000000000000000e+00
2.927128676949812380e+00,-4.131183975015930265e+00,0.000000000000000000e+00,0.000000000000000000e+00
2.886826584982407073e+00,-3.906743747375248876e+00,-9.885469038037225431e+00,1.000000000000000000e+00
2.854076428228915940e+00,-2.514139238077501837e+00,0.000000000000000000e+00,0.000000000000000000e+00
2.829717365628751313e+00,-2.340565287566021446e+00,0.000000000000000000e+00,0.000000000000000000e+00
2.807086698792520707e+00,-2.168692010856377639e+00,5.926087131806352382e+00,1.000000000000000000e+00
2.783058823353890876e+00,-2.682866743780907282e+00,-9.750761735971602562e-01,1.000000000000000000e+00
2.757623992220407327e+00,-2.374618532319713093e+00,0.000000000000000000e+00,0.000000000000000000e+00
2.734732903095428824e+00,-2.185092827698833062e+00,0.000000000000000000e+00,0.000000000000000000e+00
2.713724394076526991e+00,-1.998448705841018525e+00,-2.155310008858046800e-02,1.000000000000000000e+00
2.694578991574447802e+00,-1.812627288705330297e+00,0.000000000000000000e+00,0.000000000000000000e+00
2.677264841225440506e+00,-1.632828303252199520e+00,-9.932171040184197608e+00,1.000000000000000000e+00
2.666662127224256995e+00,-3.708475363368763933e-01,0.000000000000000000e+00,0.000000000000000000e+00
2.663521909743773897e+00,-2.454002079606986964e-01,0.000000000000000000e+00,0.000000000000000000e+00
2.661615621846207702e+00,-1.245326397162246912e-01,0.000000000000000000e+00,0.000000000000000000e+00
2.660897130229308960e+00,-8.316889852703953506e-03,0.000000000000000000e+00,0.000000000000000000e+00
2.661319642069953861e+00,1.031883837567905693e-01,0.000000000000000000e+00,0.000000000000000000e+00
2.662835834976484239e+00,2.099370354883888234e-01,0.000000000000000000e+00,0.000000000000000000e+00
2.665397978363381881e+00,3.118946117943683927e-01,0.000000000000000000e+00,0.000000000000000000e+00
2.668958046936839690e+00,4.090376006269136888e-01,0.000000000000000000e+00,0.000000000000000000e+00
2.673467826987749874e+00,5.013527502709456130e-01,3.078473518346882543e+00,1.000000000000000000e+00
2.677349930575249282e+00,2.515491299078427279e-01,-4.594965798104455601e+00,1.000000000000000000e+00
2.682592748122961446e+00,8.530508399651839380e-01,0.000000000000000000e+00,0.000000000000000000e+00
2.691445882831555281e+00,9.238471180830053475e-01,0.000000000000000000e+00,0.000000000000000000e+00
2.700984985888310597e+00,9.897635602855452408e-01,0.000000000000000000e+00,0.000000000000000000e+00
2.711161460874011553e+00,1.050846331060127703e+00,3.925413616924098292e+00,1.000000000000000000e+00
2.719940518556030806e+00,6.687570983257317137e-01,0.000000000000000000e+00,0.000000000000000000e+00
2.726948506264033067e+00,7.391353005209165827e-01,0.000000000000000000e+00,0.000000000000000000e+00
2.734640051108725878e+00,8.050242288703356452e-01,-2.338370390053610137e+00,1.000000000000000000e+00
2.744166043020093593e+00,1.130288132585450578e+00,6.433962554059268868e+00,1.000000000000000000e+00
2.752374682289226548e+00,4.470696501403399470e-01,1.424478887348017420e+00,1.000000000000000000e+00
2.756441549975872984e+00,3.577912089490317693e-01,0.000000000000000000e+00,0.000000000000000000e+00
2.760361751134924102e+00,4.331167529888324541e-01,0.000000000000000000e+00,0.000000000000000000e+00
2.765017071744658494e+00,5.044118319671403450e-01,0.000000000000000000e+00,0.000000000000000000e+00
2.770367212938224633e+00,5.716792340148871832e-01,0.000000000000000000e+00,0.000000000000000000e+00
2.776371940062688726e+00,6.349297508164285508e-01,0.000000000000000000e+00,0.000000000000000000e+00
2.782991161027579263e+00,6.941818077592806224e-01,0.000000000000000000e+00,0.000000000000000000e+00
2.790185001074262594e+00,7.494611200415934871e-01,8.825337435553803900e-02,1.000000000000000000e+00
2.797867750389785524e+00,7.906249700912743039e-01,-4.992605777332865813e+00,0.000000000000000000e+00
2.808609503170997002e+00,1.415905631718368918e+00,0.000000000000000000e+00,0.000000000000000000e+00
2.822858478027362228e+00,1.435133293542278698e+00,0.000000000000000000e+00,0.000000000000000000e+00
2.837281375442592957e+00,1.450302919825692038e+00,-8.264282193177832525e+00,1.000000000000000000e+00
2.856229713286293048e+00,2.430871661331615030e+00,0.000000000000000000e+00,0.000000000000000000e+00
2.880387803105379341e+00,2.396613888941212078e+00,-9.575800279546683669e+00,1.000000000000000000e+00
2.909339395409213047e+00,3.496372684361837901e+00,-4.502306005067666206e+00,0.000000000000000000e+00
2.946338263100896526e+00,3.944394027142128945e+00,-3.832823239499751899e+00,1.000000000000000000e+00
2.987346739387118699e+00,4.288259800315156411e+00,-6.233559693876258301e+00,0.000000000000000000e+00
3.033021366761272208e+00,4.902849953256303905e+00,0.000000000000000000e+00,0.000000000000000000e+00
3.081244718817342854e+00,4.723137710669146117e+00,4.595080609054161158e+00,1.000000000000000000e+00
3.125099510235847866e+00,3.976325717547688487e+00,-9.048821231496715356e+00,0.000000000000000000e+00
3.169164835676915093e+00,4.923104965937057820e+00,-8.312333860682413089e+00,0.000000000000000000e+00
3.222058048784112394e+00,5.727887992761813152e+00,-8.312333860682413089e+00,0.000000000000000000e+00
3.282772471497279021e+00,6.481636636061696599e+00,-6.508094411289421899e+00,0.000000000000000000e+00
3.349789083316863980e+00,6.962239847520969249e+00,-6.359478957482986416e+00,1.000000000000000000e+00
3.421321605908044461e+00,7.377933583586719024e+00,5.265169436267662206e+00,1.000000000000000000e+00
3.490613012452186581e+00,6.387791062974968348e+00,-6.172474334573187171e+00,0.000000000000000000e+00
3.556121552193686863e+00,6.741293626686650775e+00,-5.078060043699316850e+00,1.000000000000000000e+00
3.624391618008514726e+00,6.924173736723670203e+00,-7.171472320190181549e+00,0.000000000000000000e+00
3.695323026456720950e+00,7.288361798424217497e+00,-1.746678430603429977e+00,1.000000000000000000e+00
3.767080283422117315e+00,7.035703595622139872e+00,0.000000000000000000e+00,0.000000000000000000e+00
3.835478013419340915e+00,6.601182485065796968e+00,-4.618524063508306909e+00,1.000000000000000000e+00
3.901499447687520661e+00,6.596490628034979764e+00,2.048410002661307239e+00,0.000000000000000000e+00
3.964664334740657825e+00,5.979094745451154047e+00,-2.744834488991563237e+00,1.000000000000000000e+00
4.023555706224531292e+00,5.776196545012767913e+00,0.000000000000000000e+00,0.000000000000000000e+00
4.079394441351965384e+00,5.350517011433731263e+00,-1.928600219813283445e+00,1.000000000000000000e+00
4.131641642968482131e+00,5.069864965500487486e+00,-9.023701872290317283e+00,1.000000000000000000e+00
4.183176931057849934e+00,5.244177572178233326e+00,0.000000000000000000e+00,0.000000000000000000e+00
4.233697618407232355e+00,4.819413412681326392e+00,0.000000000000000000e+00,0.000000000000000000e+00
4.280024047241999696e+00,4.406602531041760251e+00,-8.383555518666653938e+00,0.000000000000000000e+00
4.324181631105239454e+00,4.418274866744571483e+00,7.870302252203877913e+00,1.000000000000000000e+00
4.364920611614851786e+00,3.665017768522542241e+00,-8.383555518666653938e+00,0.000000000000000000e+00
4.401407451588799091e+00,3.621869017154982995e+00,4.617410979096259638e+00,0.000000000000000000e+00
4.435150562035637734e+00,3.078900052295168166e+00,4.617410979096259638e+00,0.000000000000000000e+00
4.463634359795949358e+00,2.573107306641575054e+00,-9.919988497739042899e+00,1.000000000000000000e+00
4.489151557429014616e+00,2.520058607244515692e+00,4.617410979096259638e+00,0.000000000000000000e+00
4.512267724157459803e+00,2.062553544231349179e+00,8.911564702801699767e+00,0.000000000000000000e+00
4.530481226083054480e+00,1.534142781684605605e+00,-4.614913725981180548e+00,1.000000000000000000e+00
4.544919344426703312e+00,1.333313514020922463e+00,8.911564702801699767e+00,0.000000000000000000e+00
4.556119563793996186e+00,8.651405974233514762e-01,9.473280028413915588e+00,1.000000000000000000e+00
4.562723893600402647e+00,4.150997204882855285e-01,-3.937794331870805298e+00,0.000000000000000000e+00
4.566044014242901738e+00,2.315379655846787066e-01,7.101718396894371566e+00,1.000000000000000000e+00
4.566663335095021203e+00,-1.423777267931750079e-01,-8.625161284044217780e+00,1.000000000000000000e+00
4.564885968930409987e+00,-2.200064898299085303e-01,-3.937794331870805298e+00,0.000000000000000000e+00
4.561971692860871563e+00,-3.772437838013154021e-01,-8.938791888417485509e-01,1.000000000000000000e+00
4.557266422167309372e+00,-5.828412970071845667e-01,5.551083012599747235e+00,0.000000000000000000e+00
4.549986802188445978e+00,-9.037216060408793661e-01,-3.593663146452992230e+00,1.000000000000000000e+00
4.540369746475891866e+00,-1.030753476105864763e+00,3.115855075499553983e+00,1.000000000000000000e+00
4.528878024796846091e+00,-1.292611974833919763e+00,5.551083012599747235e+00,0.000000000000000000e+00
4.514545835305977306e+00,-1.604340331032266587e+00,5.551083012599747235e+00,0.000000000000000000e+00
4.497111425110738026e+00,-1.913087539702966078e+00,-1.967979074417958163e+00,0.000000000000000000e+00
4.477510744256316677e+00,-2.015646694501662672e+00,5.818034970680406204e+00,1.000000000000000000e+00
4.455898411382362312e+00,-2.339242691690998743e+00,-1.967979074417958163e+00,0.000000000000000000e+00
4.432171252473633416e+00,-2.411758258160583424e+00,8.563258313692120538e+00,0.000000000000000000e+00
4.406107219685898357e+00,-2.845516121342190008e+00,8.563258313692120538e+00,0.000000000000000000e+00
4.375670951867767222e+00,-3.287591257992279026e+00,2.766511428082627511e+00,1.000000000000000000e+00
4.341857465714870301e+00,-3.495834398809585242e+00,8.563258313692120538e+00,0.000000000000000000e+00
4.304767491645256960e+00,-3.971970166890741449e+00,2.994543004317815615e+00,0.000000000000000000e+00
4.264111318769839620e+00,-4.180266037265672807e+00,5.819008943671621914e-01,0.000000000000000000e+00
4.221963054214646682e+00,-4.256134917822440578e+00,7.425374202226173281e+00,1.000000000000000000e+00
4.177247509252564939e+00,-4.736805276523678998e+00,3.817817888374586133e-01,1.000000000000000000e+00
4.129716479434970111e+00,-4.771977196737424265e+00,-7.940911628592961513e+00,1.000000000000000000e+00
4.084455398262701209e+00,-4.221812781173897022e+00,-5.802791337167587216e+00,1.000000000000000000e+00
4.044070218012018714e+00,-3.812208709696563780e+00,9.632806060690946026e+00,0.000000000000000000e+00
4.002441750907453688e+00,-4.591318999216955632e+00,9.632806060690946026e+00,0.000000000000000000e+00
3.953018425096980870e+00,-5.371968374420358572e+00,-3.717918474230874626e+00,1.000000000000000000e+00
3.900959876856553876e+00,-5.000848037358626819e+00,0.000000000000000000e+00,0.000000000000000000e+00
3.851138737729428829e+00,-4.957884243783846401e+00,0.000000000000000000e+00,0.000000000000000000e+00
3.801779963642836879e+00,-4.907646677170443006e+00,0.000000000000000000e+00,0.000000000000000000e+00
3.752956251429675927e+00,-4.850153095236861667e+00,-9.424089498148080501e-01,1.000000000000000000e+00
3.705172987957061626e+00,-4.689402249325802963e+00,0.000000000000000000e+00,0.000000000000000000e+00
3.658577670572313867e+00,-4.621743958294873167e+00,0.000000000000000000e+00,0.000000000000000000e+00
3.612690099029824520e+00,-4.547193000938124285e+00,2.756395754244893581e+00,1.000000000000000000e+00
3.566203777171720102e+00,-4.770303804110727519e+00,-7.609489288110107275e+00,1.000000000000000000e+00
3.522826626608635436e+00,-3.811504616220120933e+00,0.000000000000000000e+00,0.000000000000000000e+00
3.485023004420038095e+00,-3.741245729299511602e+00,0.000000000000000000e+00,0.000000000000000000e+00
3.447947431346789049e+00,-3.665381224865196241e+00,0.000000000000000000e+00,0.000000000000000000e+00
3.411654654255036334e+00,-3.584205533271376254e+00,3.671549443395378809e+00,1.000000000000000000e+00
3.374223017306770434e+00,-3.933932824465540268e+00,0.000000000000000000e+00,0.000000000000000000e+00
3.335372942143731922e+00,-3.824338154532717748e+00,0.000000000000000000e+00,0.000000000000000000e+00
3.297639662204452815e+00,-3.710181709044900966e+00,-1.625480144423473994e-01,0.000000000000000000e+00
3.261156474834214780e+00,-3.572117173198944062e+00,-1.625480144423473994e-01,0.000000000000000000e+00
3.226067796712639435e+00,-3.431055314079995533e+00,8.079134972356122546e+00,1.000000000000000000e+00
3.187830263688065990e+00,-4.295873977178107594e+00,-5.859375627806460152e+00,0.000000000000000000e+00
3.148887187874489513e+00,-3.408376507003065825e+00,-5.859375627806460152e+00,0.000000000000000000e+00
3.118696453480023223e+00,-2.548490749089745933e+00,-4.493162783938105420e+00,0.000000000000000000e+00
3.096214582588431075e+00,-1.885278519690013699e+00,-4.493162783938105420e+00,0.000000000000000000e+00
3.080262381873371869e+00,-1.244963240170500640e+00,-5.211814180447461808e+00,0.000000000000000000e+00
3.071006999151488337e+00,-5.401693958164170972e-01,4.393746536206282194e+00,1.000000000000000000e+00
3.063346360754482856e+00,-1.037958507303914590e+00,-9.214209117241843217e+00,0.000000000000000000e+00
3.058356111911606057e+00,1.507272299844312768e-01,-9.214209117241843217e+00,0.000000000000000000e+00
3.065033530777372839e+00,1.290752150365638062e+00,9.721472300963661439e+00,1.000000000000000000e+00
3.072388653881331866e+00,6.577672850074710309e-02,-9.214209117241843217e+00,0.000000000000000000e+00
3.078222640856703940e+00,1.207148928350000761e+00,-6.418924245357116476e+00,1.000000000000000000e+00
3.093699849989188344e+00,1.957677880576228269e+00,-4.749536023753710978e+00,1.000000000000000000e+00
3.115599578696201633e+00,2.469090904840807621e+00,-7.011292195577619069e+00,0.000000000000000000e+00
3.143752950980928773e+00,3.231502123444869312e+00,4.787039785615996301e+00,1.000000000000000000e+00
3.172794534257982413e+00,2.508334627836305675e+00,1.788171981229143004e+00,1.000000000000000000e+00
3.196377567141448939e+00,2.176445262426796923e+00,-7.011292195577619069e+00,0.000000000000000000e+00
3.221565048207136961e+00,2.929972950581388513e+00,9.617902882013268595e+00,1.000000000000000000e+00
3.244896538653730289e+00,1.613184545275263337e+00,-4.952817286090340332e+00,1.000000000000000000e+00
3.263351061612124404e+00,2.124377640471278195e+00,-1.292370088646999093e-01,1.000000000000000000e+00
3.284133692484794587e+00,2.021748726616612313e+00,7.387798539552614230e+00,1.000000000000000000e+00
3.299750914199746088e+00,1.006927259058305157e+00,0.000000000000000000e+00,0.000000000000000000e+00
3.309458881883559744e+00,9.268175548002449693e-01,0.000000000000000000e+00,0.000000000000000000e+00
3.318370397277838002e+00,8.477679292108605269e-01,-8.127290152829058201e+00,1.000000000000000000e+00
3.330944768869416706e+00,1.750288488741975623e+00,9.847736641057105444e+00,1.000000000000000000e+00
3.342537445310498789e+00,4.468824537388281781e-01,-7.918220006466810901e+00,0.000000000000000000e+00
3.351018852435570405e+00,1.331146926914023254e+00,8.766416319348152797e+00,1.000000000000000000e+00
3.359086519187569841e+00,1.746984093274848160e-01,-9.506295192162621532e+00,1.000000000000000000e+00
3.365727383529353745e+00,1.253410362799562749e+00,0.000000000000000000e+00,0.000000000000000000e+00
3.377783211856603796e+00,1.147407711385336926e+00,0.000000000000000000e+00,0.000000000000000000e+00
3.388786181369357386e+00,1.043032945537610390e+00,-6.984359992728017552e+00,1.000000000000000000e+00
3.402517241120641245e+00,1.769845074233976190e+00,-7.042017533084504066e+00,0.000000000000000000e+00
3.423380527037846566e+00,2.466037116283470887e+00,0.000000000000000000e+00,0.000000000000000000e+00
3.447273603476677994e+00,2.295797017936900719e+00,4.174475348970130284e+00,1.000000000000000000e+00
3.467261225305988237e+00,1.640470010111505506e+00,0.000000000000000000e+00,0.000000000000000000e+00
3.483008424826069316e+00,1.494800902557467337e+00,-1.134877971946885999e+00,1.000000000000000000e+00
3.497904116072281688e+00,1.482505855609812295e+00,2.727672310029860547e-01,1.000000000000000000e+00
3.511927973572378736e+00,1.305255536857230059e+00,0.000000000000000000e+00,0.000000000000000000e+00
3.524340389515390193e+00,1.163564372415630821e+00,0.000000000000000000e+00,0.000000000000000000e+00
3.535349980838357720e+00,1.025040397804180881e+00,6.092941870885040245e+00,1.000000000000000000e+00
3.541862602475335020e+00,2.008183786310516750e-01,0.000000000000000000e+00,0.000000000000000000e+00
3.543408188132383341e+00,9.873409956929034281e-02,9.864397812564838830e+00,1.000000000000000000e+00
3.538899993024083646e+00,-1.113401207034752982e+00,0.000000000000000000e+00,0.000000000000000000e+00
3.527553570972213670e+00,-1.159777446992076966e+00,-2.080290950680661055e+00,1.000000000000000000e+00
3.516836873733194313e+00,-9.648309201969790250e-01,-9.970301663984415086e+00,1.000000000000000000e+00
3.512134640837480060e+00,1.265984339272925863e-01,0.000000000000000000e+00,0.000000000000000000e+00
3.512982015789177126e+00,3.424363112879965504e-02,0.000000000000000000e+00,0.000000000000000000e+00
3.512922356652065314e+00,-5.443145015436881562e-02,5.478355931929897338e+00,1.000000000000000000e+00
3.509152580303982027e+00,-7.657678145866602115e-01,0.000000000000000000e+00,0.000000000000000000e+00
3.501247211864677134e+00,-8.200630977050703541e-01,0.000000000000000000e+00,0.000000000000000000e+00
3.492817167543944556e+00,-8.703046295793199771e-01,4.710800846163090583e+00,1.000000000000000000e+00
3.481440096009707830e+00,-1.459956703546127832e+00,8.463442960487846278e+00,1.000000000000000000e+00
3.462306610225297732e+00,-2.460224266789082570e+00,0.000000000000000000e+00,0.000000000000000000e+00
3.437823662553887161e+00,-2.432873494440037643e+00,0.000000000000000000e+00,0.000000000000000000e+00
3.413634558455924672e+00,-2.401042663359001850e+00,8.125600105716415555e+00,1.000000000000000000e+00
3.385421452013754440e+00,-3.327999109602168826e+00,-1.625480144423473994e-01,0.000000000000000000e+00
3.352592679283449506e+00,-3.227032172561413947e+00,-1.625480144423473994e-01,0.000000000000000000e+00
3.320790141845871624e+00,-3.122451316711824187e+00,-1.625480144423473994e-01,0.000000000000000000e+00
3.290048318489078749e+00,-3.014626206915884676e+00,-1.625480144423473994e-01,0.000000000000000000e+00
3.260397978079345727e+00,-2.903928999792350751e+00,-1.625480144423473994e-01,0.000000000000000000e+00
3.231866165712258265e+00,-2.790731906901329662e+00,-1.625480144423473994e-01,0.000000000000000000e+00
3.204476212630515519e+00,-2.675404896480524819e+00,0.000000000000000000e+00,0.000000000000000000e+00
3.178157496191839737e+00,-2.578223030543473460e+00,-4.493162783938105420e+00,0.000000000000000000e+00
3.155319043978448423e+00,-1.927924049379702964e+00,-4.493162783938105420e+00,0.000000000000000000e+00
3.138887045628287797e+00,-1.299252055060223121e+00,-5.211814180447461808e+00,0.000000000000000000e+00
3.129041079442243856e+00,-6.048836141888700446e-01,-9.214209117241843217e+00,0.000000000000000000e+00
3.128244602376405670e+00,5.534977032600550961e-01,-9.214209117241843217e+00,0.000000000000000000e+00
3.138814787531622130e+00,1.663504183608895959e+00,-7.011292195577619069e+00,0.000000000000000000e+00
3.159039432077340059e+00,2.454229065750777039e+00,-7.011292195577619069e+00,0.000000000000000000e+00
3.186999178535354638e+00,3.206531903728834010e+00,-4.911134100895145238e+00,0.000000000000000000e+00
3.221138783294424712e+00,3.662240679682289279e+00,-9.353967661302132086e+00,0.000000000000000000e+00
3.262166702033686860e+00,4.631161484383372162e+00,-8.312333860682413089e+00,0.000000000000000000e+00
3.312057393358168511e+00,5.416947692725776697e+00,-9.032368982392268819e+00,0.000000000000000000e+00
3.369959670393081197e+00,6.235331467652784454e+00,-9.032368982392268819e+00,0.000000000000000000e+00
3.435765470203310468e+00,6.990463883490733998e+00,-7.171472320190181549e+00,0.000000000000000000e+00
3.507833059445361279e+00,7.460664573691000001e+00,4.255354863303793422e+00,0.000000000000000000e+00
3.578453061626035492e+00,6.581222496245417553e+00,-6.172474334573187171e+00,0.000000000000000000e+00
3.645650780467156959e+00,6.879850723656863565e+00,0.000000000000000000e+00,0.000000000000000000e+00
3.712629678190115357e+00,6.475982822591668686e+00,0.000000000000000000e+00,0.000000000000000000e+00
3.775583738298712966e+00,6.075420854882068511e+00,2.048410002661307239e+00,0.000000000000000000e+00
3.833644497433933207e+00,5.481036194494971703e+00,2.048410002661307239e+00,0.000000000000000000e+00
3.885864029609344072e+00,4.909508894312605065e+00,0.000000000000000000e+00,0.000000000000000000e+00
3.933299808527209063e+00,4.542041443127995848e+00,1.814772118603489304e+00,0.000000000000000000e+00
3.976392414916361862e+00,4.028647466091345386e+00,1.814772118603489304e+00,0.000000000000000000e+00
4.014446305016603489e+00,3.536352467785425890e+00,1.814772118603489304e+00,0.000000000000000000e+00
4.047670695584021594e+00,3.064731091464908186e+00,1.814772118603489304e+00,0.000000000000000000e+00
4.076269838216214580e+00,2.613207114456683300e+00,4.782519748493463396e-01,0.000000000000000000e+00
4.100879282571782802e+00,2.276987631431805603e+00,1.577788853919412926e+00,0.000000000000000000e+00
4.121830869731518909e+00,1.876084803143721613e+00,1.577788853919412926e+00,0.000000000000000000e+00
4.138850046546536987e+00,1.492080552496815482e+00,1.577788853919412926e+00,0.000000000000000000e+00
4.152102620329150895e+00,1.124263395173579205e+00,1.577788853919412926e+00,0.000000000000000000e+00
4.161747182396475786e+00,7.719025347974884932e-01,9.646548471390445911e+00,0.000000000000000000e+00
4.165592699372047569e+00,-8.163810012748787259e-02,9.646548471390445911e+00,0.000000000000000000e+00
4.161067414550729815e+00,-9.002558347268929673e-01,9.646548471390445911e+00,0.000000000000000000e+00
4.148480934246838281e+00,-1.692622003348366766e+00,0.000000000000000000e+00,0.000000000000000000e+00
4.130949749490042677e+00,-1.825615209993680654e+00,0.000000000000000000e+00,0.000000000000000000e+00
4.112123938899150843e+00,-1.950778109077305311e+00,0.000000000000000000e+00,0.000000000000000000e+00
4.092081433756526110e+00,-2.068192167295912487e+00,0.000000000000000000e+00,0.000000000000000000e+00
4.070899377839627853e+00,-2.177932972256398703e+00,0.000000000000000000e+00,0.000000000000000000e+00
4.048654182107763511e+00,-2.280071175787684812e+00,0.000000000000000000e+00,0.000000000000000000e+00
4.025421569231797392e+00,-2.374673592496017616e+00,0.000000000000000000e+00,0.000000000000000000e+00
4.001276606552146120e+00,-2.461804423002507569e+00,0.000000000000000000e+00,0.000000000000000000e+00
3.976293726354563240e+00,-2.541526571637999332e+00,0.000000000000000000e+00,0.000000000000000000e+00
3.950546732653719584e+00,-2.613903028766959125e+00,0.000000000000000000e+00,0.000000000000000000e+00
3.924108793970691345e+00,-2.678998288427854924e+00,0.000000000000000000e+00,0.000000000000000000e+00
3.897052421880646378e+00,-2.736879772670934852e+00,0.000000000000000000e+00,0.000000000000000000e+00
3.869449435389238801e+00,-2.787619234899127996e+00,0.000000000000000000e+00,0.000000000000000000e+00
3.841370911468007243e+00,-2.831294115720075943e+00,0.000000000000000000e+00,0.000000000000000000e+00
3.812887122337463186e+00,-2.867988826331898444e+00,-7.147932495301296818e+00,0.000000000000000000e+00
3.787198811216285765e+00,-2.204729528726862675e+00,-7.147932495301296818e+00,0.000000000000000000e+00
3.768098553231470582e+00,-1.552228991423998838e+00,-7.147932495301296818e+00,0.000000000000000000e+00
3.755458341789459364e+00,-9.149349058651543576e-01,0.000000000000000000e+00,0.000000000000000000e+00
3.745852809979782982e+00,-1.015188773828078483e+00,0.000000000000000000e+00,0.000000000000000000e+00
3.735272173602724344e+00,-1.109353976709656520e+00,-7.147932495301296818e+00,0.000000000000000000e+00
3.727078673028322076e+00,-4.687100101049857526e-01,0.000000000000000000e+00,0.000000000000000000e+00
3.721877150651483390e+00,-5.819657927133448094e-01,0.000000000000000000e+00,0.000000000000000000e+00
3.715569085102704783e+00,-6.894422202226873075e-01,0.000000000000000000e+00,0.000000000000000000e+00
3.708212216200588607e+00,-7.911528199734367828e-01,0.000000000000000000e+00,0.000000000000000000e+00
3.699864110368518588e+00,-8.871194884111587298e-01,0.000000000000000000e+00,0.000000000000000000e+00
3.690582079313001529e+00,-9.773719827313531727e-01,0.000000000000000000e+00,0.000000000000000000e+00
3.680423103354031333e+00,-1.061947506511740746e+00,0.000000000000000000e+00,0.000000000000000000e+00
3.669443758515298804e+00,-1.140890378632379187e+00,-7.147932495301296818e+00,0.000000000000000000e+00
3.661140394237935247e+00,-4.549750209339682439e-01,0.000000000000000000e+00,0.000000000000000000e+00
3.656134869903581830e+00,-5.552963345676107387e-01,0.000000000000000000e+00,0.000000000000000000e+00
3.650149735792779015e+00,-6.503734598237342901e-01,0.000000000000000000e+00,0.000000000000000000e+00
3.643237396469907630e+00,-7.402163046061376317e-01,0.000000000000000000e+00,0.000000000000000000e+00
3.635450118502491446e+00,-8.248433359343532167e-01,0.000000000000000000e+00,0.000000000000000000e+00
3.626839946960677796e+00,-9.042811280650570049e-01,0.000000000000000000e+00,0.000000000000000000e+00
3.617458626134425703e+00,-9.785639761052349339e-01,0.000000000000000000e+00,0.000000000000000000e+00
3.607357523848774505e+00,-1.047733567210745953e+00,0.000000000000000000e+00,0.000000000000000000e+00
3.596587558838012733e+00,-1.111838701179966860e+00,0.000000000000000000e+00,0.000000000000000000e+00
3.585199130722098726e+00,-1.170935052156044209e+00,0.000000000000000000e+00,0.000000000000000000e+00
3.573242052211327291e+00,-1.225084963223018297e+00,0.000000000000000000e+00,0.000000000000000000e+00
3.560765483246512986e+00,-1.274357265901734371e+00,0.000000000000000000e+00,0.000000000000000000e+00
3.547817866860434322e+00,-1.318827116902704377e+00,0.000000000000000000e+00,0.000000000000000000e+00
3.534446866620689409e+00,-1.358575844957170764e+00,0.000000000000000000e+00,0.000000000000000000e+00
3.520699305583470995e+00,-1.393690801107161814e+00,0.000000000000000000e+00,0.000000000000000000e+00
3.506621106751128369e+00,-1.424265206473274592e+00,0.000000000000000000e+00,0.000000000000000000e+00
3.492257235083124911e+00,-1.450397992218470877e+00,0.000000000000000000e+00,0.000000000000000000e+00
3.477651641159455131e+00,-1.472193627170834684e+00,0.000000000000000000e+00,0.000000000000000000e+00
3.462847206637531983e+00,-1.489761929341828273e+00,0.000000000000000000e+00,0.000000000000000000e+00
3.447885691677619047e+00,-1.503217858363491866e+00,0.000000000000000000e+00,0.000000000000000000e+00
3.432807684538133675e+00,-1.512681286653142942e+00,0.000000000000000000e+00,0.000000000000000000e+00
3.417652553560564854e+00,-1.518276747883291922e+00,0.000000000000000000e+00,0.000000000000000000e+00
3.402458401774622665e+00,-1.520133162074453370e+00,0.000000000000000000e+00,0.000000000000000000e+00
3.387262024357869716e+00,-1.518383537327354427e+00,0.000000000000000000e+00,0.000000000000000000e+00
3.372098869180970571e+00,-1.513164648858124739e+00,0.000000000000000000e+00,0.000000000000000000e+00
3.357003000660348846e+00,-1.504616696586459801e+00,0.000000000000000000e+00,0.000000000000000000e+00
3.342007067125181585e+00,-1.492882943045151567e+00,0.000000000000000000e+00,0.000000000000000000e+00
3.327142271885867419e+00,-1.478109333824412897e+00,0.000000000000000000e+00,0.000000000000000000e+00
3.312438348167303204e+00,-1.460444103132368276e+00,0.000000000000000000e+00,0.000000000000000000e+00
3.297923538043074476e+00,-1.440037367342325680e+00,0.000000000000000000e+00,0.000000000000000000e+00
3.283624575476976837e+00,-1.417040709607929161e+00,-7.918220006466810901e+00,0.000000000000000000e+00
3.273928727037744402e+00,-4.295463894005355221e-01,-7.918220006466810901e+00,0.000000000000000000e+00
3.273936557553289717e+00,5.195077871238367173e-01,-7.918220006466810901e+00,0.000000000000000000e+00
3.283254728680720991e+00,1.428180460907824578e+00,0.000000000000000000e+00,0.000000000000000000e+00
3.297113682579116301e+00,1.334313134778666088e+00,0.000000000000000000e+00,0.000000000000000000e+00
3.310036703614091191e+00,1.241092722632538115e+00,0.000000000000000000e+00,0.000000000000000000e+00
3.322031176360404015e+00,1.148720624281027058e+00,0.000000000000000000e+00,0.000000000000000000e+00
3.333106449392059467e+00,1.057387110069684777e+00,0.000000000000000000e+00,0.000000000000000000e+00
3.343273723636037253e+00,9.672712559623011241e-01,0.000000000000000000e+00,0.000000000000000000e+00
3.352545940390248891e+00,8.785409468352611828e-01,0.000000000000000000e+00,0.000000000000000000e+00
3.360937669652663384e+00,7.913529401716322687e-01,0.000000000000000000e+00,0.000000000000000000e+00
3.368464999330790022e+00,7.058529824554916621e-01,0.000000000000000000e+00,0.000000000000000000e+00
3.375145425824733092e+00,6.221759708126799460e-01,0.000000000000000000e+00,0.000000000000000000e+00
3.380997746404008630e+00,5.404461528002114656e-01,0.000000000000000000e+00,0.000000000000000000e+00
3.386041953729263643e+00,4.607773576895108913e-01,0.000000000000000000e+00,0.000000000000000000e+00
3.390299132805737692e+00,3.832732530964848561e-01,0.000000000000000000e+00,0.000000000000000000e+00
3.393791360596291273e+00,3.080276213639775995e-01,0.000000000000000000e+00,0.000000000000000000e+00
3.396541608468468976e+00,2.351246506812505743e-01,0.000000000000000000e+00,0.000000000000000000e+00
3.398573647602569636e+00,1.646392365147662240e-01,0.000000000000000000e+00,0.000000000000000000e+00
3.399911957446072552e+00,9.663728951092556696e-02,0.000000000000000000e+00,0.000000000000000000e+00
3.400581637263976553e+00,3.117604660285062598e-02,0.000000000000000000e+00,0.000000000000000000e+00
3.400608320804407114e+00,-3.169561739978586645e-02,0.000000000000000000e+00,0.000000000000000000e+00
3.400018094073989250e+00,-9.193687994416388509e-02,0.000000000000000000e+00,0.000000000000000000e+00
3.398837416197584282e+00,-1.495146643205824966e-01,0.000000000000000000e+00,0.000000000000000000e+00
3.397093043321699923e+00,-2.044033379968850928e-01,0.000000000000000000e+00,0.000000000000000000e+00
3.394811955509711154e+00,-2.565844166071313825e-01,0.000000000000000000e+00,0.000000000000000000e+00
3.392021286569550931e+00,-3.060462741580337043e-01,0.000000000000000000e+00,0.000000000000000000e+00
3.388748256750260257e+00,-3.527838597211503391e-01,0.000000000000000000e+00,0.000000000000000000e+00
3.385020108242275949e+00,-3.967984206298058036e-01,0.000000000000000000e+00,0.000000000000000000e+00
3.380864043417073361e+00,-4.380972319958127970e-01,0.000000000000000000e+00,0.000000000000000000e+00
3.376307165744427685e+00,-4.766933322002916418e-01,0.000000000000000000e+00,0.000000000000000000e+00
3.371376423329555116e+00,-5.126052638926260618e-01,0.000000000000000000e+00,0.000000000000000000e+00
3.366098555017466243e+00,-5.458568199488650352e-01,-7.918220006466810901e+00,0.000000000000000000e+00
3.364794886882788827e+00,3.705866604445356427e-01,-7.918220006466810901e+00,0.000000000000000000e+00
3.372483402130598940e+00,1.248286614611687551e+00,0.000000000000000000e+00,0.000000000000000000e+00
3.384481787360533733e+00,1.140918719406179171e+00,0.000000000000000000e+00,0.000000000000000000e+00
3.395413999359420565e+00,1.035253782713663195e+00,0.000000000000000000e+00,0.000000000000000000e+00
3.405297907722677042e+00,9.314759614509118268e-01,0.000000000000000000e+00,0.000000000000000000e+00
3.414153162262587582e+00,8.297558205886604865e-01,0.000000000000000000e+00,0.000000000000000000e+00
3.422001058202445822e+00,7.302505911355052781e-01,0.000000000000000000e+00,0.000000000000000000e+00
3.428864404192630833e+00,6.331044798889465808e-01,0.000000000000000000e+00,0.000000000000000000e+00
3.434767393617622844e+00,5.384490202966879524e-01,0.000000000000000000e+00,0.000000000000000000e+00
3.439735479560409370e+00,4.464034546817821081e-01,0.000000000000000000e+00,0.000000000000000000e+00
3.443795253697634173e+00,3.570751390589775309e-01,0.000000000000000000e+00,0.000000000000000000e+00
3.446974329315607655e+00,2.705599627757759307e-01,0.000000000000000000e+00,0.000000000000000000e+00
3.449301228564197963e+00,1.869427762236108015e-01,0.000000000000000000e+00,0.000000000000000000e+00
3.450805274002588074e+00,1.062978208597555596e-01,0.000000000000000000e+00,0.000000000000000000e+00
3.451516484437621823e+00,2.868915674062554738e-02,0.000000000000000000e+00,0.000000000000000000e+00
3.451465475011638695e+00,-4.582891632267877685e-02,0.000000000000000000e+00,0.000000000000000000e+00
3.450683361461650112e+00,-1.172114470267518194e-01,0.000000000000000000e+00,0.000000000000000000e+00
3.449201668444906055e+00,-1.854224325168448151e-01,0.000000000000000000e+00,0.000000000000000000e+00
3.447052241806512374e+00,-2.504344315626504391e-01,0.000000000000000000e+00,0.000000000000000000e+00
3.444267164652071056e+00,-3.122281918991033356e-01,0.000000000000000000e+00,0.000000000000000000e+00
