3.581394768436076070e+00,-6.274894203693082595e+00,0.000000000000000000e+00,0.000000000000000000e+00
3.519361772833260460e+00,-6.114461302278400012e+00,-2.712951516589774403e+00,0.000000000000000000e+00
3.460376717898978605e+00,-5.634462573930931306e+00,0.000000000000000000e+00,0.000000000000000000e+00
3.404750777269885731e+00,-5.473586426313131525e+00,-4.082820985420790194e+00,1.000000000000000000e+00
3.352962567022985230e+00,-4.820117120465827298e+00,-9.118380392100604581e+00,1.000000000000000000e+00
3.310411700816215053e+00,-3.570431847549023097e+00,-1.625480144423473994e-01,0.000000000000000000e+00
3.275285755250892272e+00,-3.441307577181288657e+00,-1.625480144423473994e-01,0.000000000000000000e+00
3.241465089705688474e+00,-3.309143115443730299e+00,8.127830522962380400e+00,1.000000000000000000e+00
3.204385845269100752e+00,-4.187527555654333433e+00,-5.859375627806460152e+00,0.000000000000000000e+00
3.166485413654375858e+00,-3.308996950456656094e+00,-4.493162783938105420e+00,0.000000000000000000e+00
3.136490332817254867e+00,-2.625079530562634211e+00,-9.052248525948638047e+00,1.000000000000000000e+00
3.115774225756887894e+00,-1.403606289355636916e+00,-5.211814180447461808e+00,0.000000000000000000e+00
3.104928372197827802e+00,-6.995980048149537112e-01,-9.214209117241843217e+00,0.000000000000000000e+00
3.103225645425062407e+00,4.678282102406887688e-01,-2.941181217714723406e+00,1.000000000000000000e+00
3.109492501246933660e+00,8.179053727422864739e-01,7.399874037626325674e+00,1.000000000000000000e+00
3.113438365565280641e+00,-1.158759785312504786e-01,-9.214209117241843217e+00,0.000000000000000000e+00
3.117455355397325878e+00,1.025418436510481701e+00,-8.222586275266895228e+00,0.000000000000000000e+00
3.132115378837518005e+00,1.996470588055770268e+00,-6.103448242471259277e+00,1.000000000000000000e+00
3.155109290185380111e+00,2.663499446164352413e+00,9.992565242517763124e+00,1.000000000000000000e+00
3.175670938652196185e+00,1.323285404229692208e+00,5.612441269099188723e+00,1.000000000000000000e+00
3.185497795502449492e+00,5.717425326431807564e-01,-7.918220006466810901e+00,0.000000000000000000e+00
3.195459418788859640e+00,1.507226702395900730e+00,-7.011292195577619069e+00,0.000000000000000000e+00
3.214082395435910122e+00,2.289285837715120397e+00,8.478613131411618653e+00,1.000000000000000000e+00
3.231763509269926615e+00,1.139391541337629876e+00,-7.011292195577619069e+00,0.000000000000000000e+00
3.246727503450904884e+00,1.925842928896453143e+00,-7.042017533084504066e+00,0.000000000000000000e+00
3.269401863817625209e+00,2.677771681179628604e+00,-2.146462476237365191e+00,1.000000000000000000e+00
3.296719428941410346e+00,2.795434751858469902e+00,-8.085347888495626023e+00,1.000000000000000000e+00
3.328416594535939410e+00,3.618505882735861157e+00,-4.911134100895145238e+00,0.000000000000000000e+00
3.366396853448519799e+00,4.011899973860162838e+00,-4.911134100895145238e+00,0.000000000000000000e+00
3.408173671498274437e+00,4.374579759700323756e+00,-4.479872160516375601e+00,1.000000000000000000e+00
3.453204665577753296e+00,4.654789693727062527e+00,-6.838064540936548141e+00,1.000000000000000000e+00
3.502147441385964122e+00,5.178404152404750604e+00,-6.172474334573187171e+00,0.000000000000000000e+00
3.555767673973303289e+00,5.578315792979751109e+00,-3.315688586868126286e-01,1.000000000000000000e+00
3.610230685230265468e+00,5.284795218841472852e+00,2.904100523882067186e+00,1.000000000000000000e+00
3.660161780540535759e+00,4.641119407843952160e+00,7.995067391072887553e+00,1.000000000000000000e+00
3.701324500945874618e+00,3.485944716945447386e+00,0.000000000000000000e+00,0.000000000000000000e+00
3.734950156875167515e+00,3.212586239424988666e+00,0.000000000000000000e+00,0.000000000000000000e+00
3.765863020991766508e+00,2.943940128326063554e+00,-3.645456621222578075e+00,0.000000000000000000e+00
3.795748206992327844e+00,3.039704086933478155e+00,5.021083381146818070e-01,1.000000000000000000e+00
3.824690968125235013e+00,2.718170939947208709e+00,-4.580211200895489831e+00,1.000000000000000000e+00
3.852638550765270065e+00,2.884252363919916018e+00,-3.645456621222578075e+00,0.000000000000000000e+00
3.881754493599104627e+00,2.941976319077403090e+00,-6.095267214020156921e+00,1.000000000000000000e+00
3.912372157118185978e+00,3.202262123333346810e+00,-3.645456621222578075e+00,0.000000000000000000e+00
3.944477250857888251e+00,3.217550777360565384e+00,3.575636982328638247e+00,1.000000000000000000e+00
3.973895798300621784e+00,2.610402477919024467e+00,4.782519748493463396e-01,0.000000000000000000e+00
3.998526753280344348e+00,2.285006038200791068e+00,1.341205656802444413e+00,1.000000000000000000e+00
4.019639609921607182e+00,1.901773611098235506e+00,0.000000000000000000e+00,0.000000000000000000e+00
4.037462248130073483e+00,1.637706699648058262e+00,0.000000000000000000e+00,0.000000000000000000e+00
4.052681456078097710e+00,1.381934772802664080e+00,4.677612201999014729e+00,1.000000000000000000e+00
4.063792945968233816e+00,7.854140849935032920e-01,1.577788853919412926e+00,0.000000000000000000e+00
4.070102402288641841e+00,4.447704005098015445e-01,7.767711115763713536e+00,1.000000000000000000e+00
4.071008381848790769e+00,-3.361525813127641538e-01,-2.129421344983550846e+00,1.000000000000000000e+00
4.067545732544659565e+00,-3.582272401451349064e-01,0.000000000000000000e+00,0.000000000000000000e+00
4.063159179214776096e+00,-5.354828817570013166e-01,0.000000000000000000e+00,0.000000000000000000e+00
4.057036136665976400e+00,-7.047365195411509076e-01,4.679389848110766081e+00,1.000000000000000000e+00
4.047665579903990007e+00,-1.217598706069426440e+00,-4.775941502071572309e+00,1.000000000000000000e+00
4.036504735921320197e+00,-9.924507276317701132e-01,0.000000000000000000e+00,0.000000000000000000e+00
4.025915493377943299e+00,-1.138751903822422085e+00,-9.343919162368958808e+00,1.000000000000000000e+00
4.017203349301903259e+00,-5.470067149418300634e-01,0.000000000000000000e+00,0.000000000000000000e+00
4.010998483654323543e+00,-7.088790126217680010e-01,0.000000000000000000e+00,0.000000000000000000e+00
4.003209572180999487e+00,-8.630564167303186318e-01,5.262062159066540623e+00,1.000000000000000000e+00
3.992001442367929975e+00,-1.432168518041784022e+00,0.000000000000000000e+00,0.000000000000000000e+00
3.977128692107100960e+00,-1.553257368911714620e+00,0.000000000000000000e+00,0.000000000000000000e+00
3.961078578068820910e+00,-1.666909643249603334e+00,5.079865699305687876e+00,1.000000000000000000e+00
3.941986633896946479e+00,-2.202231608375408545e+00,-1.443449844334143695e+00,1.000000000000000000e+00
3.920157291930595811e+00,-2.158476744201574871e+00,2.462165052451117386e+00,1.000000000000000000e+00
3.897230914910966071e+00,-2.454504130114445459e+00,0.000000000000000000e+00,0.000000000000000000e+00
3.872398578798334157e+00,-2.517047685780204880e+00,-2.848854102097613250e+00,1.000000000000000000e+00
3.848159576766641443e+00,-2.309766373178869348e+00,0.000000000000000000e+00,0.000000000000000000e+00
3.824787514910456210e+00,-2.369480399167839035e+00,-5.559905274063772218e+00,1.000000000000000000e+00
3.803259613328831890e+00,-1.889125017291142683e+00,3.753113748663576832e+00,1.000000000000000000e+00
3.782399316745201912e+00,-2.323706377535877277e+00,-7.147932495301296818e+00,0.000000000000000000e+00
3.762147932493600688e+00,-1.662541991072674863e+00,4.527734152767366460e+00,1.000000000000000000e+00
3.743144970160098062e+00,-2.187297659157643182e+00,-7.147932495301296818e+00,0.000000000000000000e+00
3.724356239345965935e+00,-1.504667538424006246e+00,-8.302797998286317593e+00,1.000000000000000000e+00
3.712857563894076840e+00,-7.205408961712644889e-01,-7.464956230859012720e+00,1.000000000000000000e+00
3.708694650483673083e+00,-4.898617548117015219e-02,4.238914378898157587e+00,0.000000000000000000e+00
3.705639058508351180e+00,-6.148564265102204329e-01,7.510222937805453469e+00,1.000000000000000000e+00
3.695488167764633403e+00,-1.498021659765422786e+00,-7.147932495301296818e+00,0.000000000000000000e+00
3.683605127857959793e+00,-8.134855319171367949e-01,5.403194829333328286e+00,1.000000000000000000e+00
3.672482175315613162e+00,-1.472729208203403806e+00,4.447277891544148432e+00,1.000000000000000000e+00
3.655341194094020363e+00,-2.005232149586579915e+00,7.866842323329357178e+00,1.000000000000000000e+00
3.631306696795934208e+00,-2.884555525368985407e+00,-7.147932495301296818e+00,0.000000000000000000e+00
3.606012857946883976e+00,-2.098338471450372555e+00,6.725704068153424586e+00,1.000000000000000000e+00
3.581580946473135629e+00,-2.859506999568348196e+00,9.844763382917170347e+00,1.000000000000000000e+00
3.548086045419105883e+00,-3.941798173473227251e+00,0.000000000000000000e+00,0.000000000000000000e+00
3.508978463021946936e+00,-3.871726696263086964e+00,0.000000000000000000e+00,0.000000000000000000e+00
3.470598058030553545e+00,-3.795825211493595308e+00,0.000000000000000000e+00,0.000000000000000000e+00
3.433001857636110987e+00,-3.714380537161100282e+00,-5.957569034316594347e+00,1.000000000000000000e+00
3.399426889986352673e+00,-2.924614493979136309e+00,4.978204476204384221e+00,1.000000000000000000e+00
3.367770208382598884e+00,-3.455719093944927156e+00,-1.625480144423473994e-01,0.000000000000000000e+00
3.333707398165539626e+00,-3.345174653192432235e+00,-1.625480144423473994e-01,0.000000000000000000e+00
3.300766218705989630e+00,-3.231104841884676837e+00,5.322031158108552873e+00,1.000000000000000000e+00
3.265963925155737080e+00,-3.779582840822691026e+00,9.293625335563035605e+00,1.000000000000000000e+00
3.223608804477748002e+00,-4.784139100714964954e+00,-7.510320191187371819e+00,1.000000000000000000e+00
3.180746177415505915e+00,-3.683755713517159691e+00,-5.859375627806460152e+00,0.000000000000000000e+00
3.147817336824885182e+00,-2.820154799325313100e+00,6.593680229183034314e+00,1.000000000000000000e+00
3.116472592789929941e+00,-3.511916586546050212e+00,-9.679098323267920634e-01,1.000000000000000000e+00
3.082580248808516998e+00,-3.239872354877221028e+00,3.558565103083366488e+00,1.000000000000000000e+00
3.048881182413824664e+00,-3.524946004062128324e+00,-4.654857115808315626e+00,1.000000000000000000e+00
3.016972158563549833e+00,-2.787199973577463741e+00,-9.465843871136129906e+00,0.000000000000000000e+00
2.994980211484570720e+00,-1.490104186217355187e+00,-1.933989611428157396e+00,1.000000000000000000e+00
2.981582610000241829e+00,-1.158036643051348014e+00,4.636356758114132504e+00,1.000000000000000000e+00
2.967849435639682287e+00,-1.631973714405013931e+00,4.533464365781714633e+00,1.000000000000000000e+00
2.949543782202102005e+00,-2.068803225095968479e+00,-9.465843871136129906e+00,0.000000000000000000e+00
2.934616697129698082e+00,-7.983015366841031968e-01,-8.600275045957509690e+00,1.000000000000000000e+00
2.931688084806634009e+00,3.163773928427047188e-01,-7.697226017585082403e+00,0.000000000000000000e+00
2.939208093716238590e+00,1.277021803043711934e+00,1.938647683255976251e+00,1.000000000000000000e+00
2.950899986964593769e+00,1.038595032547982688e+00,-4.909994859322200256e+00,1.000000000000000000e+00
2.963980188754260503e+00,1.632471238988961737e+00,-8.880846710130734678e+00,0.000000000000000000e+00
2.985056402092861827e+00,2.680132347675284965e+00,2.339839061726121106e+00,1.000000000000000000e+00
3.010236078991672226e+00,2.321187917004869039e+00,-4.502306005067666206e+00,0.000000000000000000e+00
3.035638438027624453e+00,2.803456929342292625e+00,1.866191891618238508e+00,1.000000000000000000e+00
3.062227397072233348e+00,2.483354601601304612e+00,-3.630553461665613213e+00,1.000000000000000000e+00
3.088693793870193272e+00,2.842429197649841033e+00,-5.835771253984716189e+00,1.000000000000000000e+00
3.119883109831762980e+00,3.450993294853631710e+00,-6.904740105215370072e+00,0.000000000000000000e+00
3.157607014571263360e+00,4.158143928018782631e+00,9.882195220838481120e+00,1.000000000000000000e+00
3.192893228747621048e+00,2.768490620435894556e+00,-7.011292195577619069e+00,0.000000000000000000e+00
3.223893876376431766e+00,3.498041181917098452e+00,-8.799804455913424306e+00,1.000000000000000000e+00
3.262999741399138731e+00,4.405355927944444971e+00,4.815031409195751344e+00,1.000000000000000000e+00
3.303437146254607715e+00,3.606690062434128929e+00,-9.353967661302132086e+00,0.000000000000000000e+00
3.343775343205484862e+00,4.545385620773739532e+00,8.414956314214325772e+00,1.000000000000000000e+00
3.383580590120355502e+00,3.299610210418711276e+00,-3.678371315572559475e+00,1.000000000000000000e+00
3.417676220910316420e+00,3.539901334092863117e+00,0.000000000000000000e+00,0.000000000000000000e+00
3.452111796295684432e+00,3.325952765984175663e+00,0.000000000000000000e+00,0.000000000000000000e+00
3.484412313182808418e+00,3.113086607027181429e+00,0.000000000000000000e+00,0.000000000000000000e+00
3.514590969082835858e+00,2.901824225473931484e+00,5.141799834709206429e+00,1.000000000000000000e+00
3.540010450166206191e+00,2.108241493753169493e+00,0.000000000000000000e+00,0.000000000000000000e+00
3.560273347492800333e+00,1.926675329188225927e+00,0.000000000000000000e+00,0.000000000000000000e+00
3.578734506663504789e+00,1.748260248543228368e+00,0.000000000000000000e+00,0.000000000000000000e+00
3.595426796310323692e+00,1.573292783573478903e+00,0.000000000000000000e+00,0.000000000000000000e+00
3.610385924114237088e+00,1.402041590047027553e+00,-7.534026082575262961e+00,0.000000000000000000e+00
3.627381008115286409e+00,2.056082885983070874e+00,-1.965572291881187983e+00,1.000000000000000000e+00
3.648010284640009537e+00,2.069928453044489025e+00,-7.534026082575262961e+00,0.000000000000000000e+00
3.671444476771315024e+00,2.670207148786528428e+00,-4.477340057932240214e+00,1.000000000000000000e+00
3.699233497414756044e+00,2.907400412940470247e+00,9.085238839991367499e+00,1.000000000000000000e+00
3.722915800487899052e+00,1.720139363639850538e+00,-7.534026082575262961e+00,0.000000000000000000e+00
3.742686458450602771e+00,2.284163782025844913e+00,-1.589333750593788785e+00,1.000000000000000000e+00
3.765208556487924074e+00,2.212400310600414421e+00,4.793676077944182268e+00,1.000000000000000000e+00
3.784124653574653774e+00,1.505497564861875137e+00,-8.977556141101663556e+00,1.000000000000000000e+00
3.802228470418893114e+00,2.175036634097195165e+00,-7.534026082575262961e+00,0.000000000000000000e+00
3.826194928166177345e+00,2.660396177816102270e+00,-1.507203579437192964e+00,1.000000000000000000e+00
3.852255887201008644e+00,2.539174954089811642e+00,2.023586611074337238e+00,1.000000000000000000e+00
3.875611765169667322e+00,2.090123161224100024e+00,-4.144500745305339962e+00,1.000000000000000000e+00
3.897093561904799053e+00,2.216083619440739838e+00,1.817485989433653693e+00,1.000000000000000000e+00
3.917359357367657502e+00,1.798089878845855250e+00,0.000000000000000000e+00,0.000000000000000000e+00
3.934239665845098433e+00,1.554834234716297559e+00,-4.173393769889795379e+00,1.000000000000000000e+00
3.950342619461773008e+00,1.675550984874965676e+00,0.000000000000000000e+00,0.000000000000000000e+00
3.965995374040234722e+00,1.431873116638968657e+00,9.589501263696824651e+00,1.000000000000000000e+00
3.975636610992218323e+00,4.016546230814257434e-01,0.000000000000000000e+00,0.000000000000000000e+00
3.978770394132169930e+00,2.068785043739101714e-01,0.000000000000000000e+00,0.000000000000000000e+00
3.979990622007576917e+00,1.970350213851580767e-02,0.000000000000000000e+00,0.000000000000000000e+00
3.979373280845738048e+00,-1.598784038929249585e-01,0.000000000000000000e+00,0.000000000000000000e+00
3.976994219368285233e+00,-3.318875258491455482e-01,0.000000000000000000e+00,0.000000000000000000e+00
3.972929036255136381e+00,-4.963542206430212045e-01,0.000000000000000000e+00,0.000000000000000000e+00
3.967252988615385778e+00,-6.533169663705447050e-01,1.350480778562213047e-01,1.000000000000000000e+00
3.959989880360939019e+00,-8.140911697013125670e-01,1.704074330197493659e+00,1.000000000000000000e+00
3.950556218758332516e+00,-1.099164165602297016e+00,-5.192256924105596028e+00,1.000000000000000000e+00
3.940981126798420497e+00,-7.856358588854419622e-01,0.000000000000000000e+00,0.000000000000000000e+00
3.932490405917168363e+00,-9.252710927860033907e-01,0.000000000000000000e+00,0.000000000000000000e+00
3.922636007043026396e+00,-1.057654946650997907e+00,-4.347591719516374908e+00,1.000000000000000000e+00
3.913212268372546987e+00,-8.024534909628366908e-01,0.000000000000000000e+00,0.000000000000000000e+00
3.904577975796323042e+00,-9.366504884630457717e-01,9.603613643557622481e+00,1.000000000000000000e+00
3.890761650915822489e+00,-1.919559662576956871e+00,0.000000000000000000e+00,0.000000000000000000e+00
3.871183599158755761e+00,-2.003259842679375957e+00,0.000000000000000000e+00,0.000000000000000000e+00
3.850800093796059365e+00,-2.079963804833868224e+00,-7.846272079520250742e+00,1.000000000000000000e+00
3.833007688466050666e+00,-1.414058508450221074e+00,1.871203538448171777e+00,1.000000000000000000e+00
3.817632909904820959e+00,-1.686123906873787215e+00,-7.147932495301296818e+00,0.000000000000000000e+00
3.803517956831736324e+00,-1.078512504232361113e+00,0.000000000000000000e+00,0.000000000000000000e+00
3.792265190281647769e+00,-1.181247148220724963e+00,-2.821931156746670943e-01,1.000000000000000000e+00
3.780139305511057035e+00,-1.249887147283008204e+00,-9.807494681595898101e+00,1.000000000000000000e+00
3.771615249281900173e+00,-3.717967763576567330e-01,6.483038888355652674e+00,1.000000000000000000e+00
3.764408059630628856e+00,-1.141634491754667469e+00,-7.147932495301296818e+00,0.000000000000000000e+00
3.755805979991113652e+00,-5.198275527711561095e-01,0.000000000000000000e+00,0.000000000000000000e+00
3.750077008216401886e+00,-6.366567609357366431e-01,0.000000000000000000e+00,0.000000000000000000e+00
3.743206806278177812e+00,-7.474749647432485933e-01,0.000000000000000000e+00,0.000000000000000000e+00
3.735255404709099114e+00,-8.523013385916088369e-01,-6.927453760153468032e+00,1.000000000000000000e+00
3.729480919102259762e+00,-2.453981272476354614e-01,4.238914378898157587e+00,0.000000000000000000e+00
3.724505170364007967e+00,-8.016101083198751143e-01,0.000000000000000000e+00,0.000000000000000000e+00
3.716039526497898482e+00,-9.004349479801976308e-01,-2.191840599180163718e+00,1.000000000000000000e+00
3.707636992905531947e+00,-7.671672299045237953e-01,0.000000000000000000e+00,0.000000000000000000e+00
3.699524766437837897e+00,-8.640196972139849718e-01,0.000000000000000000e+00,0.000000000000000000e+00
3.690469707236997188e+00,-9.551686623143923471e-01,0.000000000000000000e+00,0.000000000000000000e+00
3.680528696933750066e+00,-1.040649561427329894e+00,-9.734586491340923686e+00,1.000000000000000000e+00
3.674411957921093208e+00,-9.361411410287315271e-02,4.238914378898157587e+00,0.000000000000000000e+00
3.670907983005719188e+00,-6.599428244331878579e-01,0.000000000000000000e+00,0.000000000000000000e+00
3.663882077044319452e+00,-7.537260955308252575e-01,9.403654390803557916e+00,1.000000000000000000e+00
3.651402676052372342e+00,-1.844438709617961303e+00,9.253230234191242687e+00,1.000000000000000000e+00
3.628266912832266211e+00,-2.880447520212872980e+00,0.000000000000000000e+00,0.000000000000000000e+00
3.599494078202061687e+00,-2.872325842479004354e+00,0.000000000000000000e+00,0.000000000000000000e+00
3.570828975658192128e+00,-2.858344491437915469e+00,0.000000000000000000e+00,0.000000000000000000e+00
3.542329384736721209e+00,-2.838687189695875190e+00,8.576739592538530133e+00,1.000000000000000000e+00
3.509643731319109783e+00,-3.787756018614891307e+00,0.000000000000000000e+00,0.000000000000000000e+00
3.472086554377035394e+00,-3.715523867930098589e+00,-5.190804568065033209e+00,1.000000000000000000e+00
3.438016573123733099e+00,-3.032398007029494913e+00,-1.103294634303386701e-01,1.000000000000000000e+00
3.408003694826450491e+00,-2.962479571246200205e+00,8.740090028269964506e-01,1.000000000000000000e+00
3.378179514043142984e+00,-3.005310503847146819e+00,-1.625480144423473994e-01,0.000000000000000000e+00
3.348524696502138909e+00,-2.916156515313308439e+00,-1.625480144423473994e-01,0.000000000000000000e+00
3.319776790474163963e+00,-2.823647996595519682e+00,-2.989906344157580165e+00,1.000000000000000000e+00
3.293517577425796539e+00,-2.386128683564756159e+00,-1.625480144423473994e-01,0.000000000000000000e+00
3.270030056211596481e+00,-2.302647848789879603e+00,-1.625480144423473994e-01,0.000000000000000000e+00
3.247387280658691644e+00,-2.217012143362378396e+00,-1.625480144423473994e-01,0.000000000000000000e+00
3.225609493120815241e+00,-2.129511191452006624e+00,-1.625480144423473994e-01,0.000000000000000000e+00
3.204714057999739740e+00,-2.040430339484680555e+00,0.000000000000000000e+00,0.000000000000000000e+00
3.184625246628825845e+00,-1.969956027794389497e+00,0.000000000000000000e+00,0.000000000000000000e+00
3.165249781796148021e+00,-1.897615388009836979e+00,-4.493162783938105420e+00,0.000000000000000000e+00
3.149103990267633879e+00,-1.272662138822795663e+00,-5.211814180447461808e+00,0.000000000000000000e+00
3.139507798597038768e+00,-5.818485427886924688e-01,-9.214209117241843217e+00,0.000000000000000000e+00
3.138926374534018571e+00,5.731525868508180466e-01,-9.214209117241843217e+00,0.000000000000000000e+00
3.149678089854833107e+00,1.679816004138885654e+00,-7.011292195577619069e+00,0.000000000000000000e+00
3.170050618045554103e+00,2.467139522271772023e+00,-7.011292195577619069e+00,0.000000000000000000e+00
3.198123750634910945e+00,3.215921751015334618e+00,-4.911134100895145238e+00,0.000000000000000000e+00
3.232341559606211501e+00,3.668124043944391843e+00,-9.353967661302132086e+00,0.000000000000000000e+00
3.273409486168978866e+00,4.632795850327443787e+00,-8.312333860682413089e+00,0.000000000000000000e+00
3.323296873415580777e+00,5.414148526190437849e+00,-9.032368982392268819e+00,0.000000000000000000e+00
3.381148948323550840e+00,6.227513911079221920e+00,-9.032368982392268819e+00,0.000000000000000000e+00
3.446852298088676214e+00,6.977166234432583103e+00,-7.171472320190181549e+00,0.000000000000000000e+00
3.518764132250836063e+00,7.442247423995653755e+00,4.255354863303793422e+00,0.000000000000000000e+00
3.589202231128738152e+00,6.563388249447889677e+00,-6.172474334573187171e+00,0.000000000000000000e+00
3.656198157521597381e+00,6.856790717711537475e+00,0.000000000000000000e+00,0.000000000000000000e+00
3.722940853865818411e+00,6.451712630294990980e+00,2.048410002661307239e+00,0.000000000000000000e+00
3.784706069684284024e+00,5.844208046754829411e+00,2.048410002661307239e+00,0.000000000000000000e+00
3.840496103629236657e+00,5.258998411278957619e+00,2.048410002661307239e+00,0.000000000000000000e+00
3.890535891375629163e+00,4.696457902680849728e+00,-3.645456621222578075e+00,0.000000000000000000e+00
3.937345050918982903e+00,4.657972613231391890e+00,1.814772118603489304e+00,0.000000000000000000e+00
3.981575358622242877e+00,4.139824291249298405e+00,1.814772118603489304e+00,0.000000000000000000e+00
4.020720601682133299e+00,3.643042515518156943e+00,1.814772118603489304e+00,0.000000000000000000e+00
4.054992710760049412e+00,3.167209103198433962e+00,1.814772118603489304e+00,0.000000000000000000e+00
4.084598692348222926e+00,2.711748385962951424e+00,4.782519748493463396e-01,0.000000000000000000e+00
4.110171651355423172e+00,2.370692562641080414e+00,1.577788853919412926e+00,0.000000000000000000e+00
4.132043939947585898e+00,1.966200727193262221e+00,1.577788853919412926e+00,0.000000000000000000e+00
4.149948987868889994e+00,1.578840709659977470e+00,1.577788853919412926e+00,0.000000000000000000e+00
4.164054875543470757e+00,1.207887377275222551e+00,1.577788853919412926e+00,0.000000000000000000e+00
4.174522320110169993e+00,8.525939828959011590e-01,9.646548471390445911e+00,0.000000000000000000e+00
4.179212197780566740e+00,7.459729737423564933e-03,9.646548471390445911e+00,0.000000000000000000e+00
4.175617377415942855e+00,-8.023046066014813960e-01,9.646548471390445911e+00,0.000000000000000000e+00
4.164051765985019138e+00,-1.585410174444746190e+00,0.000000000000000000e+00,0.000000000000000000e+00
4.147563627311964041e+00,-1.724850026767023259e+00,0.000000000000000000e+00,0.000000000000000000e+00
4.129716727831609369e+00,-1.856386958525230169e+00,0.000000000000000000e+00,0.000000000000000000e+00
4.110589700071186847e+00,-1.980107845936044164e+00,0.000000000000000000e+00,0.000000000000000000e+00
4.090260338137987617e+00,-2.096092951829223061e+00,0.000000000000000000e+00,0.000000000000000000e+00
4.068805660390361290e+00,-2.204416731077853964e+00,0.000000000000000000e+00,0.000000000000000000e+00
4.046301963217386444e+00,-2.305148816356042296e+00,0.000000000000000000e+00,0.000000000000000000e+00
4.022824864262952715e+00,-2.398355153378308735e+00,0.000000000000000000e+00,0.000000000000000000e+00
3.998449333737109423e+00,-2.484099255097270476e+00,0.000000000000000000e+00,0.000000000000000000e+00
3.973249712761205643e+00,-2.562443544670736095e+00,0.000000000000000000e+00,0.000000000000000000e+00
3.947299717993564716e+00,-2.633450757413521970e+00,0.000000000000000000e+00,0.000000000000000000e+00
3.920672432077960678e+00,-2.697185372483226207e+00,0.000000000000000000e+00,0.000000000000000000e+00
3.893440279746638311e+00,-2.753715045771420122e+00,0.000000000000000000e+00,0.000000000000000000e+00
3.865674989690766061e+00,-2.803112016435695519e+00,0.000000000000000000e+00,0.000000000000000000e+00
3.837447542581486459e+00,-2.845454460758424453e+00,0.000000000000000000e+00,0.000000000000000000e+00
3.808828105881077342e+00,-2.880827768588272164e+00,-7.147932495301296818e+00,0.000000000000000000e+00
3.783027304429761539e+00,-2.214057671464314314e+00,-7.147932495301296818e+00,0.000000000000000000e+00
3.763849102219243736e+00,-1.558172783302685271e+00,-7.147932495301296818e+00,0.000000000000000000e+00
3.751164195506008436e+00,-9.176273075235740206e-01,0.000000000000000000e+00,0.000000000000000000e+00
3.741536084718779076e+00,-1.016921050677931593e+00,0.000000000000000000e+00,0.000000000000000000e+00
3.730942336923618985e+00,-1.110155861107041675e+00,-7.147932495301296818e+00,0.000000000000000000e+00
3.722754456653807331e+00,-4.665086071729472317e-01,0.000000000000000000e+00,0.000000000000000000e+00
3.717578472965045400e+00,-5.789874787845323834e-01,0.000000000000000000e+00,0.000000000000000000e+00
3.711303560060482898e+00,-6.857213946850839736e-01,0.000000000000000000e+00,0.000000000000000000e+00
3.703987115669047814e+00,-7.867234644941571986e-01,0.000000000000000000e+00,0.000000000000000000e+00
3.695686368162165891e+00,-8.820151986337201322e-01,0.000000000000000000e+00,0.000000000000000000e+00
3.686458294900909038e+00,-9.716260027620986506e-01,0.000000000000000000e+00,0.000000000000000000e+00
3.676359545216115521e+00,-1.055592764266417127e+00,0.000000000000000000e+00,0.000000000000000000e+00
3.665446367147694229e+00,-1.133959520314950620e+00,-7.147932495301296818e+00,0.000000000000000000e+00
3.657222685462765188e+00,-4.457698166078701840e-01,0.000000000000000000e+00,0.000000000000000000e+00
3.652311197410533783e+00,-5.456567654917928722e-01,0.000000000000000000e+00,0.000000000000000000e+00
3.646424283059403137e+00,-6.403349572945558066e-01,0.000000000000000000e+00,0.000000000000000000e+00
3.639613996583131339e+00,-7.298134352891015864e-01,0.000000000000000000e+00,0.000000000000000000e+00
3.631932262634720132e+00,-8.141098394317195508e-01,0.000000000000000000e+00,0.000000000000000000e+00
3.623430792478219420e+00,-8.932499524920431977e-01,0.000000000000000000e+00,0.000000000000000000e+00
3.614161004363111385e+00,-9.672673106125899700e-01,0.000000000000000000e+00,0.000000000000000000e+00
3.604173947531329247e+00,-1.036202870592181524e+00,0.000000000000000000e+00,0.000000000000000000e+00
3.593520229325513071e+00,-1.100104725896358548e+00,0.000000000000000000e+00,0.000000000000000000e+00
3.582249944947658804e+00,-1.159027863292798832e+00,0.000000000000000000e+00,0.000000000000000000e+00
3.570412609498217815e+00,-1.213033952071111976e+00,0.000000000000000000e+00,0.000000000000000000e+00
3.558057092005268540e+00,-1.262191158015397052e+00,0.000000000000000000e+00,0.000000000000000000e+00
3.545231551230290545e+00,-1.306573974636488611e+00,0.000000000000000000e+00,0.000000000000000000e+00
3.531983373110027191e+00,-1.346263064621220362e+00,0.000000000000000000e+00,0.000000000000000000e+00
3.518359109762020598e+00,-1.381345105001143603e+00,0.000000000000000000e+00,0.000000000000000000e+00
3.504404420043569779e+00,-1.411912630165978566e+00,0.000000000000000000e+00,0.000000000000000000e+00
3.490164011709639080e+00,-1.438063867531059969e+00,0.000000000000000000e+00,0.000000000000000000e+00
3.475681585263839857e+00,-1.459902561396862364e+00,0.000000000000000000e+00,0.000000000000000000e+00
3.460999779637900176e+00,-1.477537781296335728e+00,0.000000000000000000e+00,0.000000000000000000e+00
3.446160119868547866e+00,-1.491083711896860287e+00,0.000000000000000000e+00,0.000000000000000000e+00
3.431202966966657275e+00,-1.500659422293268319e+00,0.000000000000000000e+00,0.000000000000000000e+00
3.416167470191679989e+00,-1.506388613282604094e+00,0.000000000000000000e+00,0.000000000000000000e+00
3.401091521955219132e+00,-1.508399341937097571e+00,0.000000000000000000e+00,0.000000000000000000e+00
3.386011715581289661e+00,-1.506823723477467292e+00,0.000000000000000000e+00,0.000000000000000000e+00
3.370963306147900962e+00,-1.501797611083730333e+00,0.000000000000000000e+00,0.000000000000000000e+00
3.355980174625578183e+00,-1.493460254856398439e+00,0.000000000000000000e+00,0.000000000000000000e+00
3.341094795513952498e+00,-1.481953941650110851e+00,0.000000000000000000e+00,0.000000000000000000e+00
3.326338208158321486e+00,-1.467423617939072500e+00,0.000000000000000000e+00,0.000000000000000000e+00
3.311739991904768310e+00,-1.450016498235563445e+00,0.000000000000000000e+00,0.000000000000000000e+00
3.297328245225898513e+00,-1.429881661867566489e+00,0.000000000000000000e+00,0.000000000000000000e+00
3.283129568920169383e+00,-1.407169641129216942e+00,-7.918220006466810901e+00,0.000000000000000000e+00
3.273531392089812364e+00,-4.199119973157715013e-01,-7.918220006466810901e+00,0.000000000000000000e+00
3.273634396365583843e+00,5.288776154243757244e-01,-7.918220006466810901e+00,0.000000000000000000e+00
3.283044990874818492e+00,1.437263170691988279e+00,0.000000000000000000e+00,0.000000000000000000e+00
3.296993287867330036e+00,1.343064601195757435e+00,0.000000000000000000e+00,0.000000000000000000e+00
3.310002305340455919e+00,1.249505562116469903e+00,0.000000000000000000e+00,0.000000000000000000e+00
3.322079359417027256e+00,1.156788642995252969e+00,0.000000000000000000e+00,0.000000000000000000e+00
3.333233741946806550e+00,1.065105265448743843e+00,0.000000000000000000e+00,0.000000000000000000e+00
3.343476608458112231e+00,9.746356145261820814e-01,0.000000000000000000e+00,0.000000000000000000e+00
3.352820865740357981e+00,8.855486391418985193e-01,0.000000000000000000e+00,0.000000000000000000e+00
3.361281059712770247e+00,7.980021137002545339e-01,0.000000000000000000e+00,0.000000000000000000e+00
3.368873264156052816e+00,7.121427531354970197e-01,0.000000000000000000e+00,0.000000000000000000e+00
3.375614970806996684e+00,6.281063738317135270e-01,0.000000000000000000e+00,0.000000000000000000e+00
3.381524981242195693e+00,5.460180932433520429e-01,0.000000000000000000e+00,0.000000000000000000e+00
3.386623300907161571e+00,4.659925614808311800e-01,0.000000000000000000e+00,0.000000000000000000e+00
3.390931035582042785e+00,3.881342186362981561e-01,0.000000000000000000e+00,0.000000000000000000e+00
3.394470290515352762e+00,3.125375721810953467e-01,0.000000000000000000e+00,0.000000000000000000e+00
3.397264072403075819e+00,2.392874893505364808e-01,0.000000000000000000e+00,0.000000000000000000e+00
3.399336194342313711e+00,1.684595000269086262e-01,0.000000000000000000e+00,0.000000000000000000e+00
3.400711183846442776e+00,1.001201062241565687e-01,0.000000000000000000e+00,0.000000000000000000e+00
3.401414193972403854e+00,3.432709485560413165e-02,0.000000000000000000e+00,0.000000000000000000e+00
3.401470917580048603e+00,-2.887014898046014882e-02,0.000000000000000000e+00,0.000000000000000000e+00
3.400907504718236662e+00,-8.943033044126574849e-02,0.000000000000000000e+00,0.000000000000000000e+00
3.399750483112082833e+00,-1.473199368670449760e-01,0.000000000000000000e+00,0.000000000000000000e+00
3.398026681710230257e+00,-2.025129345160432692e-01,0.000000000000000000e+00,0.000000000000000000e+00
3.395763157239575669e+00,-2.549904710326466595e-01,0.000000000000000000e+00,0.000000000000000000e+00
3.392987123707269070e+00,-3.047405842263400944e-01,0.000000000000000000e+00,0.000000000000000000e+00
3.389725884785390164e+00,-3.517579174388423824e-01,0.000000000000000000e+00,0.000000000000000000e+00
3.386006769012126050e+00,-3.960434415233801686e-01,0.000000000000000000e+00,0.000000000000000000e+00
3.381857067743999412e+00,-4.376041832523255293e-01,0.000000000000000000e+00,0.000000000000000000e+00
3.377303975796327684e+00,-4.764529598053072745e-01,0.000000000000000000e+00,0.000000000000000000e+00
3.372374534713110883e+00,-5.126081188668284438e-01,0.000000000000000000e+00,0.000000000000000000e+00
3.367095578612730122e+00,-5.460932837773672111e-01,-7.918220006466810901e+00,0.000000000000000000e+00
3.365787556008778658e+00,3.699120069641161912e-01,-7.918220006466810901e+00,0.000000000000000000e+00
3.373467422891494927e+00,1.247192062776012689e+00,0.000000000000000000e+00,0.000000000000000000e+00
3.385454025262228939e+00,1.139640136644692436e+00,0.000000000000000000e+00,0.000000000000000000e+00
3.396372664174240885e+00,1.033802282917956505e+00,0.000000000000000000e+00,0.000000000000000000e+00
3.406241319939407486e+00,9.298625588957606380e-01,0.000000000000000000e+00,0.000000000000000000e+00
3.415079751954692266e+00,8.279914004622797030e-01,0.000000000000000000e+00,0.000000000000000000e+00
3.422909363617717915e+00,7.283458836232052924e-01,0.000000000000000000e+00,0.000000000000000000e+00
3.429753070099029078e+00,6.310700376331352945e-01,0.000000000000000000e+00,0.000000000000000000e+00
3.435635169438137737e+00,5.362951990214738229e-01,0.000000000000000000e+00,0.000000000000000000e+00
3.440581217327552288e+00,4.441403967453104173e-01,0.000000000000000000e+00,0.000000000000000000e+00
3.444617905855698492e+00,3.547127596802147065e-01,0.000000000000000000e+00,0.000000000000000000e+00
3.447772946396274296e+00,2.681079386737522108e-01,0.000000000000000000e+00,0.000000000000000000e+00
3.450074956758415023e+00,1.844105364051992768e-01,0.000000000000000000e+00,0.000000000000000000e+00
3.451553352649040285e+00,1.036945392959038731e-01,0.000000000000000000e+00,0.000000000000000000e+00
3.452238243445533428e+00,2.602374667963289201e-02,0.000000000000000000e+00,0.000000000000000000e+00
3.452160332233185080e+00,-4.854780664362853826e-02,0.000000000000000000e+00,0.000000000000000000e+00
3.451350820026955812e+00,-1.199754374948703017e-01,0.000000000000000000e+00,0.000000000000000000e+00
3.449841314070441367e+00,-1.882234132868499388e-01,0.000000000000000000e+00,0.000000000000000000e+00
3.447663740085724626e+00,-2.532645644150360864e-01,0.000000000000000000e+00,0.000000000000000000e+00
3.444850258335356852e+00,-3.150799109781942109e-01,0.000000000000000000e+00,0.000000000000000000e+00
3.441433183351110703e+00,-3.736583041912633907e-01,0.000000000000000000e+00,0.000000000000000000e+00
3.437444907182697129e+00,-4.289960823860821115e-01,0.000000000000000000e+00,0.000000000000000000e+00
