4.617875336008744114e+00,-5.463215823138709126e+00,-6.527157682902799962e+00,1.000000000000000000e+00
4.563567810153109860e+00,-5.383307843392857173e+00,1.813546209701553114e+00,1.000000000000000000e+00
4.509493242687341308e+00,-5.438348652018535567e+00,6.633193499271183846e+00,0.000000000000000000e+00
4.454257286455141518e+00,-5.633910290344147143e+00,6.633193499271183846e+00,0.000000000000000000e+00
4.396917159043376877e+00,-5.862257963472835343e+00,-1.098998510495809988e+00,0.000000000000000000e+00
4.338549361675629434e+00,-5.803817637351141201e+00,5.054104847067346640e+00,0.000000000000000000e+00
4.279511320705391419e+00,-6.029545956605342205e+00,5.155421890379258798e+00,0.000000000000000000e+00
4.218106717922687210e+00,-6.279383056441296240e+00,5.155421890379258798e+00,0.000000000000000000e+00
4.154123478014009052e+00,-6.546762288816171171e+00,5.155421890379258798e+00,0.000000000000000000e+00
4.087393742707652322e+00,-6.829958879427053375e+00,5.315221228828105993e+00,0.000000000000000000e+00
4.017714722461295018e+00,-7.138947575811528168e+00,-8.873618439426030235e+00,0.000000000000000000e+00
3.950054680612915092e+00,-6.304164730043852138e+00,8.670103277543068643e+00,1.000000000000000000e+00
3.884016580662496221e+00,-6.972017236118953853e+00,-8.814263273677209298e+00,1.000000000000000000e+00
3.818539260075489050e+00,-6.025436347767454848e+00,1.142025638576946722e+00,1.000000000000000000e+00
3.758231535711052729e+00,-6.036009191504836835e+00,9.947004262646244044e+00,0.000000000000000000e+00
3.693808718579157269e+00,-6.937646042643835997e+00,-5.467295493711256782e+00,1.000000000000000000e+00
3.627781539106116337e+00,-6.192319941575552988e+00,0.000000000000000000e+00,0.000000000000000000e+00
3.566513148941298006e+00,-6.045455409841660632e+00,0.000000000000000000e+00,0.000000000000000000e+00
3.506746224502500286e+00,-5.891345597539545231e+00,0.000000000000000000e+00,0.000000000000000000e+00
3.448551922779287793e+00,-5.730292790274262416e+00,-5.096738733991346137e-01,1.000000000000000000e+00
3.392269538119202288e+00,-5.502626542178757241e+00,0.000000000000000000e+00,0.000000000000000000e+00
3.338008686705200567e+00,-5.331461123262951851e+00,-6.673443920356156411e+00,1.000000000000000000e+00
3.289135160330375118e+00,-4.348580569716365751e+00,8.437606772332436833e+00,1.000000000000000000e+00
3.241657909334061394e+00,-5.227887954215537647e+00,2.322869788760808518e+00,1.000000000000000000e+00
3.188967433691370701e+00,-5.316526880163813473e+00,-5.859375627806460152e+00,0.000000000000000000e+00
3.140008910519915819e+00,-4.386425697408211200e+00,-5.859375627806460152e+00,0.000000000000000000e+00
3.100231233485922111e+00,-3.483506564767930413e+00,-5.859375627806460152e+00,0.000000000000000000e+00
3.069352250871450138e+00,-2.609891941241368585e+00,-4.493162783938105420e+00,0.000000000000000000e+00
3.046314944436690819e+00,-1.933859947787752276e+00,-1.454810536168824608e+00,1.000000000000000000e+00
3.028249372051330379e+00,-1.652367698227675152e+00,-4.493162783938105420e+00,0.000000000000000000e+00
3.014642162529280967e+00,-1.008740119281777092e+00,-9.214209117241843217e+00,0.000000000000000000e+00
3.009965338048233185e+00,1.845667804367855103e-01,-9.214209117241843217e+00,0.000000000000000000e+00
3.017000936592685090e+00,1.329011669938183759e+00,-5.776741526161361939e+00,1.000000000000000000e+00
3.033366080136712384e+00,2.006696300163562707e+00,4.416465264103253574e+00,1.000000000000000000e+00
3.050729410519772866e+00,1.409490831526946986e+00,-8.222586275266895228e+00,0.000000000000000000e+00
3.069214292514327092e+00,2.377107884461668430e+00,-4.502306005067666206e+00,0.000000000000000000e+00
3.095115416546201814e+00,2.845871344843752482e+00,-7.011292195577619069e+00,0.000000000000000000e+00
3.126985751830088756e+00,3.597007431993342941e+00,-3.042636917793206663e+00,1.000000000000000000e+00
3.163986664916012881e+00,3.822689739458355884e+00,4.100897684657292430e+00,1.000000000000000000e+00
3.199189446910093437e+00,3.154311456313903417e+00,-4.911134100895145238e+00,0.000000000000000000e+00
3.232801436887866142e+00,3.608810753641313873e+00,-9.353967661302132086e+00,0.000000000000000000e+00
3.273286748187836714e+00,4.575839860633195144e+00,2.962769100269317946e+00,1.000000000000000000e+00
3.316409424167205522e+00,3.993098548036719819e+00,2.052751995232429127e+00,1.000000000000000000e+00
3.354276746570876266e+00,3.536660596004005175e+00,-4.911134100895145238e+00,0.000000000000000000e+00
3.391411823938442982e+00,3.924122134869868717e+00,0.000000000000000000e+00,0.000000000000000000e+00
3.429644863769803376e+00,3.700131833826560968e+00,0.000000000000000000e+00,0.000000000000000000e+00
3.465640091648889864e+00,3.476716020966618803e+00,0.000000000000000000e+00,0.000000000000000000e+00
3.499405901720895162e+00,3.254457381709657149e+00,7.314876199225484044e-01,1.000000000000000000e+00
3.530576497063615982e+00,2.950334787204901499e+00,0.000000000000000000e+00,0.000000000000000000e+00
3.559111405504872039e+00,2.735583543477908108e+00,-2.402893702064012871e-01,1.000000000000000000e+00
3.585632451095792650e+00,2.550342529769971556e+00,-4.832412281249012231e+00,1.000000000000000000e+00
3.612607094885466275e+00,2.872420199680188801e+00,0.000000000000000000e+00,0.000000000000000000e+00
3.640296531873318919e+00,2.643119801391262236e+00,7.102653726058994366e+00,1.000000000000000000e+00
3.662252482081894467e+00,1.657069913566211472e+00,-7.534026082575262961e+00,0.000000000000000000e+00
3.681594907956702301e+00,2.265945140837280825e+00,-7.534026082575262961e+00,0.000000000000000000e+00
3.706848679693081294e+00,2.834885111570506488e+00,0.000000000000000000e+00,0.000000000000000000e+00
3.734080980525946281e+00,2.587624130867056671e+00,8.113365269697359494e+00,1.000000000000000000e+00
3.755134908481362110e+00,1.525605936632796977e+00,1.690299528824248387e+00,1.000000000000000000e+00
3.768710133448120114e+00,1.154732289974110149e+00,-7.534026082575262961e+00,0.000000000000000000e+00
3.782785922207642315e+00,1.710445514123628330e+00,-7.534026082575262961e+00,0.000000000000000000e+00
3.802263348672717314e+00,2.231085967455370245e+00,-7.534026082575262961e+00,0.000000000000000000e+00
3.826779270920557252e+00,2.713934471998901810e+00,0.000000000000000000e+00,0.000000000000000000e+00
3.852719382615666710e+00,2.448569806079404110e+00,-7.579253324946082060e+00,1.000000000000000000e+00
3.879209465881483077e+00,2.886722182548288274e+00,-4.818231873392829101e+00,1.000000000000000000e+00
3.908771357673162861e+00,3.036748239364652768e+00,-3.645456621222578075e+00,0.000000000000000000e+00
3.939260891227784889e+00,3.060915268487822694e+00,1.814772118603489304e+00,0.000000000000000000e+00
3.967816786839865273e+00,2.608079111243492676e+00,-4.964544344849040058e+00,1.000000000000000000e+00
3.994464118671681163e+00,2.729989855575285951e+00,4.782519748493463396e-01,0.000000000000000000e+00
4.020257910734462925e+00,2.397304921004620670e+00,4.782519748493463396e-01,0.000000000000000000e+00
4.042774154827965205e+00,2.075583316947708035e+00,0.000000000000000000e+00,0.000000000000000000e+00
4.062286566050185677e+00,1.800827835963306534e+00,9.837077285194324006e+00,1.000000000000000000e+00
4.075796892146735573e+00,8.110101597216379243e-01,4.549858793209282659e-01,1.000000000000000000e+00
4.082728468442511804e+00,5.509775212655624310e-01,7.426215216594751922e+00,1.000000000000000000e+00
4.084825123846924200e+00,-2.014592528791609993e-01,0.000000000000000000e+00,0.000000000000000000e+00
4.081965704539864959e+00,-3.876996458765775699e-01,0.000000000000000000e+00,0.000000000000000000e+00
4.077280570656203196e+00,-5.658001052967743805e-01,0.000000000000000000e+00,0.000000000000000000e+00
4.070850790157832577e+00,-7.358349705629199100e-01,8.316813001881227407e+00,1.000000000000000000e+00
4.059979519371219148e+00,-1.511859611643702195e+00,-4.549918204816503220e+00,1.000000000000000000e+00
4.045822039888463451e+00,-1.298341237160812511e+00,0.000000000000000000e+00,0.000000000000000000e+00
4.032224826187412958e+00,-1.433328791811359304e+00,-9.500599057753811749e+00,1.000000000000000000e+00
4.020650537942220382e+00,-8.225495952597342564e-01,-4.718594619437679327e+00,1.000000000000000000e+00
4.013417938167715526e+00,-6.027659172012785893e-01,-1.281287888670903374e+00,1.000000000000000000e+00
4.007128059900986194e+00,-6.602739572662771339e-01,0.000000000000000000e+00,0.000000000000000000e+00
3.999818829920235519e+00,-8.158689609778339014e-01,0.000000000000000000e+00,0.000000000000000000e+00
3.990987997056519188e+00,-9.638425445540993453e-01,0.000000000000000000e+00,0.000000000000000000e+00
3.980711494780154958e+00,-1.104257554558698118e+00,0.000000000000000000e+00,0.000000000000000000e+00
3.969064617833183650e+00,-1.237178989960766584e+00,0.000000000000000000e+00,0.000000000000000000e+00
3.956122003488775629e+00,-1.362673429313076889e+00,0.000000000000000000e+00,0.000000000000000000e+00
3.941957617452030771e+00,-1.480808694854416130e+00,1.151304133661568141e+00,1.000000000000000000e+00
3.926196867910368038e+00,-1.690705504480507271e+00,-8.362154193355331167e-01,1.000000000000000000e+00
3.909167146330366105e+00,-1.716988283845856778e+00,0.000000000000000000e+00,0.000000000000000000e+00
3.891562181101661633e+00,-1.812370136562752920e+00,0.000000000000000000e+00,0.000000000000000000e+00
3.873035277309982760e+00,-1.900681248793822276e+00,6.403341068116324308e+00,1.000000000000000000e+00
3.850993243764565310e+00,-2.571416814305316656e+00,0.000000000000000000e+00,0.000000000000000000e+00
3.825051417083202399e+00,-2.620736153736924035e+00,-7.147932495301296818e+00,0.000000000000000000e+00
3.801747179691650658e+00,-1.977275719669326026e+00,-6.899578612988676696e+00,1.000000000000000000e+00
3.784720265247611959e+00,-1.369455360271866873e+00,2.018911665939440159e+00,1.000000000000000000e+00
3.769727809937143181e+00,-1.655559646782959859e+00,6.517072901599565427e+00,1.000000000000000000e+00
3.749899179669041072e+00,-2.378346651191884042e+00,1.897678698161875399e+00,1.000000000000000000e+00
3.725069268912435838e+00,-2.608811501160711810e+00,-7.784389790480772398e+00,1.000000000000000000e+00
3.702499866614839874e+00,-1.829746671820736470e+00,-7.147932495301296818e+00,0.000000000000000000e+00
3.687342593067513441e+00,-1.135310642266804670e+00,8.257875138065998044e+00,1.000000000000000000e+00
3.671702528963763701e+00,-2.081615844608007304e+00,8.835474537751103696e+00,1.000000000000000000e+00
3.646471354942595777e+00,-3.056790755427657214e+00,-6.442069906767966536e+00,1.000000000000000000e+00
3.619100403070675043e+00,-2.348738860670963824e+00,0.000000000000000000e+00,0.000000000000000000e+00
3.595553572748917404e+00,-2.360908809926916874e+00,-9.242880536598354624e+00,1.000000000000000000e+00
3.576543895215532398e+00,-1.344027014999642500e+00,-8.230907774827034729e+00,1.000000000000000000e+00
3.567055163430717268e+00,-4.713997472262821953e-01,-5.220553230334847861e+00,1.000000000000000000e+00
3.564626045002904586e+00,3.273391410885070213e-02,0.000000000000000000e+00,0.000000000000000000e+00
3.564499659475032001e+00,-6.732469463746441896e-02,-4.150995829596315190e+00,1.000000000000000000e+00
3.565497156972589732e+00,3.010663729114002041e-01,5.893833593716644614e+00,1.000000000000000000e+00
3.565015155816860570e+00,-4.691869418443304074e-01,-5.621351907996457342e+00,1.000000000000000000e+00
3.562815519943094866e+00,8.066568273169705261e-02,5.007953916017198637e+00,1.000000000000000000e+00
3.560619005667713388e+00,-5.816469105050168231e-01,-9.896521187186412050e+00,1.000000000000000000e+00
3.559499297439169485e+00,4.543642319926981532e-01,3.239320469666495672e+00,1.000000000000000000e+00
3.561868975639336909e+00,-2.509701374044475547e-02,-2.700874599232627737e-01,1.000000000000000000e+00
3.561315064953936016e+00,-9.188316809090198156e-02,7.046172163044150949e-01,1.000000000000000000e+00
3.559611272585255559e+00,-2.649382834812595844e-01,0.000000000000000000e+00,0.000000000000000000e+00
3.556569142168407804e+00,-3.514299871392126962e-01,0.000000000000000000e+00,0.000000000000000000e+00
3.552681396576322648e+00,-4.336301086345109579e-01,9.557815308585123404e+00,1.000000000000000000e+00
3.543113896408634389e+00,-1.587695738435592752e+00,-1.472318103259770972e+00,1.000000000000000000e+00
3.527864660383550621e+00,-1.448432562987676864e+00,4.655881879255265865e+00,1.000000000000000000e+00
3.510839121422805853e+00,-2.008819056514176360e+00,7.871440512525231803e+00,1.000000000000000000e+00
3.486643061739331362e+00,-2.915247171970372086e+00,-4.393787999949161360e-02,1.000000000000000000e+00
3.457693437994453056e+00,-2.869279361740133094e+00,0.000000000000000000e+00,0.000000000000000000e+00
3.429201708678426108e+00,-2.823722278973233468e+00,-9.293939107666290056e+00,1.000000000000000000e+00
3.406154053215074917e+00,-1.676865468484166621e+00,3.453977051417753685e+00,1.000000000000000000e+00
3.387559269282223617e+00,-2.079161562329393753e+00,-1.625480144423473994e-01,0.000000000000000000e+00
3.366981397421313194e+00,-2.031111303570312110e+00,-3.134131399481647762e+00,1.000000000000000000e+00
3.348510230659909048e+00,-1.624239035351004112e+00,1.040554717737742774e+00,1.000000000000000000e+00
3.331782697824579031e+00,-1.730577738406042343e+00,-1.625480144423473994e-01,0.000000000000000000e+00
3.314685512701681436e+00,-1.683812491632514563e+00,3.589040279943649381e+00,1.000000000000000000e+00
3.296008573061721236e+00,-2.088767716965332255e+00,-1.625480144423473994e-01,0.000000000000000000e+00
3.275435939080884928e+00,-2.018368102990282242e+00,-1.455492293075821841e-01,1.000000000000000000e+00
3.255567135053996530e+00,-1.948036641719754325e+00,-1.625480144423473994e-01,0.000000000000000000e+00
3.236419497889833075e+00,-1.873798856010831182e+00,1.685927866013943177e+00,1.000000000000000000e+00
3.216997166022592225e+00,-2.023922784454386559e+00,-2.363414714236600211e-01,1.000000000000000000e+00
3.197188094852443818e+00,-1.928166494914131057e+00,0.000000000000000000e+00,0.000000000000000000e+00
3.178208972620661932e+00,-1.860597203757618168e+00,-9.514349484033621351e+00,1.000000000000000000e+00
3.165202897253557968e+00,-6.249324350025402541e-01,1.767057405300664907e+00,1.000000000000000000e+00
3.158062869852714005e+00,-8.210540610324627009e-01,2.759314154862171353e+00,1.000000000000000000e+00
3.148454340368455728e+00,-1.128943154567369600e+00,-5.211814180447461808e+00,0.000000000000000000e+00
3.140268985694567139e+00,-4.440048952350245659e-01,-2.824652255077539920e+00,1.000000000000000000e+00
3.137485155158712846e+00,-7.862044743599913565e-02,-1.129385777428142390e+00,1.000000000000000000e+00
3.137346429705643036e+00,6.418005116155406364e-02,-9.214209117241843217e+00,0.000000000000000000e+00
3.143105973373883089e+00,1.192586758087505139e+00,-7.011292195577619069e+00,0.000000000000000000e+00
3.158705425218624629e+00,2.002038507629333886e+00,-7.869972380034093717e+00,1.000000000000000000e+00
3.182706440770544098e+00,2.878734547517201481e+00,-7.011292195577619069e+00,0.000000000000000000e+00
3.214801935623125217e+00,3.606598859197462481e+00,1.633328461327228087e+00,1.000000000000000000e+00
3.249203610901004513e+00,3.238136715993314763e+00,-4.911134100895145238e+00,0.000000000000000000e+00
3.283571254179287191e+00,3.674195683131831203e+00,-9.241528868158896515e+00,1.000000000000000000e+00
3.324547880058665861e+00,4.604938220985633990e+00,4.873085839669244024e+00,1.000000000000000000e+00
3.366872785357869713e+00,3.782648585563801458e+00,-4.911134100895145238e+00,0.000000000000000000e+00
3.406399837040957390e+00,4.154916289424818387e+00,-7.958556560575966721e+00,1.000000000000000000e+00
3.451140383699247138e+00,4.854560664181394536e+00,-6.172474334573187171e+00,0.000000000000000000e+00
3.501696208215881789e+00,5.293447698612721020e+00,-6.172474334573187171e+00,0.000000000000000000e+00
3.556445865491131730e+00,5.688618811677166320e+00,-6.172474334573187171e+00,0.000000000000000000e+00
3.614942975917597945e+00,6.038023804244457615e+00,-6.172474334573187171e+00,0.000000000000000000e+00
3.676720753027621580e+00,6.339650197224838024e+00,9.428256097397280655e-01,1.000000000000000000e+00
3.737923509202392580e+00,5.854238220771523338e+00,7.101491312175975956e+00,1.000000000000000000e+00
3.791519992247625925e+00,4.766629244699303491e+00,-3.645456621222578075e+00,0.000000000000000000e+00
3.839230237170140558e+00,4.772188151203510920e+00,-3.645456621222578075e+00,0.000000000000000000e+00
3.886893482655064069e+00,4.755045909811653537e+00,-3.645456621222578075e+00,0.000000000000000000e+00
3.934285281312027927e+00,4.715798067573262031e+00,1.814772118603489304e+00,0.000000000000000000e+00
3.979083197604895705e+00,4.195293990111293780e+00,8.913906277566729486e+00,1.000000000000000000e+00
4.016161114781330532e+00,3.124844347774684117e+00,4.644851339886550967e+00,1.000000000000000000e+00
4.044346852449564267e+00,2.450950041353144648e+00,4.782519748493463396e-01,0.000000000000000000e+00
4.067378155554271402e+00,2.124524114067309011e+00,1.577788853919412926e+00,0.000000000000000000e+00
4.086830757716541029e+00,1.729233060078763984e+00,1.577788853919412926e+00,0.000000000000000000e+00
4.102404966198550440e+00,1.350382188586234378e+00,1.577788853919412926e+00,0.000000000000000000e+00
4.114262216412462259e+00,9.873075107497404357e-01,-2.270747761984799329e+00,1.000000000000000000e+00
4.123758156687891585e+00,9.034889973584062650e-01,8.654855837620395675e+00,1.000000000000000000e+00
4.129052363464475128e+00,7.933611782093313858e-02,8.059555608778449454e+00,1.000000000000000000e+00
4.126450971156482517e+00,-6.696103677528463249e-01,9.646548471390445911e+00,0.000000000000000000e+00
4.115994650179032099e+00,-1.500452326191587415e+00,5.054240460434716198e+00,1.000000000000000000e+00
4.098779807365976247e+00,-1.989082071111992978e+00,4.643615353258341294e+00,1.000000000000000000e+00
4.076870762738317389e+00,-2.435467601651115199e+00,0.000000000000000000e+00,0.000000000000000000e+00
4.052094514232199352e+00,-2.527773140375519034e+00,9.274174445755296148e+00,1.000000000000000000e+00
4.023235825600379734e+00,-3.321409140044456976e+00,9.632806060690946026e+00,0.000000000000000000e+00
3.986357012291240842e+00,-4.134645932602213136e+00,5.913426402435828066e+00,0.000000000000000000e+00
3.942758582146379975e+00,-4.634261674586040769e+00,-7.948257128053302090e+00,1.000000000000000000e+00
3.899616313085449537e+00,-3.921548396448463869e+00,-9.974340732706272306e+00,1.000000000000000000e+00
3.864453974376535150e+00,-3.021051367812972011e+00,-5.425985337365482053e+00,1.000000000000000000e+00
3.836368004556002909e+00,-2.549275288253317395e+00,-9.838078645312533510e+00,1.000000000000000000e+00
3.814881858850643681e+00,-1.661815008386149817e+00,-7.147932495301296818e+00,0.000000000000000000e+00
3.801014416925880379e+00,-1.053265744030017714e+00,0.000000000000000000e+00,0.000000000000000000e+00
3.790011538420497761e+00,-1.156577404269970355e+00,8.736182053957042726e+00,1.000000000000000000e+00
3.774120932604838607e+00,-2.111636620156918998e+00,1.063777465125859134e+00,1.000000000000000000e+00
3.752277316002064378e+00,-2.271538221572037664e+00,-7.147932495301296818e+00,0.000000000000000000e+00
3.732633778493519738e+00,-1.591514503612168507e+00,-7.147932495301296818e+00,0.000000000000000000e+00
3.719720282583723225e+00,-9.278648232311260680e-01,5.701428629165928186e+00,1.000000000000000000e+00
3.707359347582585229e+00,-1.608009933747189146e+00,-7.147932495301296818e+00,0.000000000000000000e+00
3.694361806057581799e+00,-9.265433989387739100e-01,9.277061495100833000e+00,1.000000000000000000e+00
3.680298219269615423e+00,-1.985672530426708882e+00,1.384647565289187643e+00,1.000000000000000000e+00
3.659592100191259689e+00,-2.172526657044681730e+00,-1.559968236321624957e+00,1.000000000000000000e+00
3.638491684803299098e+00,-2.033533347882742426e+00,-7.147932495301296818e+00,0.000000000000000000e+00
3.621523612982183060e+00,-1.288927780160416425e+00,-3.316280680475320874e+00,1.000000000000000000e+00
3.610012332441758343e+00,-9.841663803486496720e-01,0.000000000000000000e+00,0.000000000000000000e+00
3.599863499220415264e+00,-1.051503602059744136e+00,-4.489540160135798708e+00,1.000000000000000000e+00
3.591306320963592036e+00,-6.189835888071023584e-01,9.924443778550910977e+00,1.000000000000000000e+00
3.579782182449315453e+00,-1.796004168728396744e+00,0.000000000000000000e+00,0.000000000000000000e+00
3.561697314325743324e+00,-1.822798924361856532e+00,0.000000000000000000e+00,0.000000000000000000e+00
3.543367506025984603e+00,-1.844503637258970929e+00,0.000000000000000000e+00,0.000000000000000000e+00
3.524843091704636500e+00,-1.861245285615862555e+00,0.000000000000000000e+00,0.000000000000000000e+00
3.506173107896250141e+00,-1.873157014211473292e+00,0.000000000000000000e+00,0.000000000000000000e+00
3.487405232399161115e+00,-1.880378003539677767e+00,0.000000000000000000e+00,0.000000000000000000e+00
3.468585724684607463e+00,-1.883053290530055213e+00,0.000000000000000000e+00,0.000000000000000000e+00
3.449759368320258535e+00,-1.881333539968157664e+00,0.000000000000000000e+00,0.000000000000000000e+00
3.430969415900740227e+00,-1.875374766920902658e+00,0.000000000000000000e+00,0.000000000000000000e+00
3.412257536969621530e+00,-1.865338011582656996e+00,-1.625480144423473994e-01,0.000000000000000000e+00
3.393751010936882029e+00,-1.832134804632056913e+00,-1.625480144423473994e-01,0.000000000000000000e+00
3.375590205057756865e+00,-1.795925554274333535e+00,-1.625480144423473994e-01,0.000000000000000000e+00
3.357804300318730562e+00,-1.756905910163414131e+00,-1.625480144423473994e-01,0.000000000000000000e+00
3.340420516777848903e+00,-1.715272392151851788e+00,0.000000000000000000e+00,0.000000000000000000e+00
3.323375394330889243e+00,-1.690794558898702560e+00,0.000000000000000000e+00,0.000000000000000000e+00
3.306588704339224360e+00,-1.663314486964289074e+00,0.000000000000000000e+00,0.000000000000000000e+00
3.290089681185197179e+00,-1.633007562343313346e+00,0.000000000000000000e+00,0.000000000000000000e+00
3.273905799411328310e+00,-1.600050404102592694e+00,0.000000000000000000e+00,0.000000000000000000e+00
3.258062763746567558e+00,-1.564620340058104686e+00,0.000000000000000000e+00,0.000000000000000000e+00
3.242584504382211907e+00,-1.526894881928190228e+00,0.000000000000000000e+00,0.000000000000000000e+00
3.227493177480765141e+00,-1.487051204801689286e+00,0.000000000000000000e+00,0.000000000000000000e+00
3.212809170853748952e+00,-1.445265635501890467e+00,0.000000000000000000e+00,0.000000000000000000e+00
3.198551114700047826e+00,-1.401713154100431069e+00,-7.918220006466810901e+00,0.000000000000000000e+00
3.189133902921737374e+00,-3.867384157404787359e-01,-7.918220006466810901e+00,0.000000000000000000e+00
3.189687048536524738e+00,5.881350822419002533e-01,-8.797357185174254468e+00,0.000000000000000000e+00
3.200292429619735923e+00,1.629388563330235407e+00,-7.011292195577619069e+00,0.000000000000000000e+00
3.220107532553880603e+00,2.404862181780412111e+00,-7.042017533084504066e+00,0.000000000000000000e+00
3.247520449173382229e+00,3.145208199478608524e+00,-4.911134100895145238e+00,0.000000000000000000e+00
3.280978740862521281e+00,3.585723471108944072e+00,-9.353967661302132086e+00,0.000000000000000000e+00
3.321154127225195651e+00,4.534947409965604415e+00,-4.911134100895145238e+00,0.000000000000000000e+00
3.368136526544379894e+00,4.891970604695857539e+00,-4.911134100895145238e+00,0.000000000000000000e+00
3.418543866667179465e+00,5.216483019630430817e+00,-9.032368982392268819e+00,0.000000000000000000e+00
3.474240939108523385e+00,5.989720310771074807e+00,-6.172474334573187171e+00,0.000000000000000000e+00
3.535881357658701596e+00,6.368542818659824967e+00,-6.172474334573187171e+00,0.000000000000000000e+00
3.601096539893950066e+00,6.699496212905396320e+00,-6.172474334573187171e+00,0.000000000000000000e+00
3.669397288763303955e+00,6.980267004209044224e+00,0.000000000000000000e+00,0.000000000000000000e+00
3.737339202448188846e+00,6.567325901470644212e+00,2.048410002661307239e+00,0.000000000000000000e+00
3.800235477111634008e+00,5.954340676905546914e+00,2.048410002661307239e+00,0.000000000000000000e+00
3.857104004730005364e+00,5.364147983583614554e+00,2.048410002661307239e+00,0.000000000000000000e+00
3.908174671050213878e+00,4.797114525079919645e+00,-3.645456621222578075e+00,0.000000000000000000e+00
3.955932441164708102e+00,4.745738250096216859e+00,1.814772118603489304e+00,0.000000000000000000e+00
4.001023952706761477e+00,4.224013549875663465e+00,1.814772118603489304e+00,0.000000000000000000e+00
4.040996555211198604e+00,3.724076916339777110e+00,1.814772118603489304e+00,0.000000000000000000e+00
4.076066266862572895e+00,3.245481231260926691e+00,1.814772118603489304e+00,0.000000000000000000e+00
4.106443880035913097e+00,2.787619345375090596e+00,1.814772118603489304e+00,0.000000000000000000e+00
4.132333541803793864e+00,2.349763322215589589e+00,1.577788853919412926e+00,0.000000000000000000e+00
4.154003284945229524e+00,1.946785965301238042e+00,1.577788853919412926e+00,0.000000000000000000e+00
4.171721257048682574e+00,1.561006691039179994e+00,1.577788853919412926e+00,0.000000000000000000e+00
4.185656060926780775e+00,1.191669845655564774e+00,1.577788853919412926e+00,0.000000000000000000e+00
4.195968646289534476e+00,8.380015165338452476e-01,9.646548471390445911e+00,0.000000000000000000e+00
4.200603028680632178e+00,1.281522242952209956e-02,9.646548471390445911e+00,0.000000000000000000e+00
4.197148673620984205e+00,-7.777703685562937785e-01,9.646548471390445911e+00,0.000000000000000000e+00
4.185912099746358805e+00,-1.542400640996872907e+00,0.000000000000000000e+00,0.000000000000000000e+00
4.169833729106889209e+00,-1.686346547649745453e+00,0.000000000000000000e+00,0.000000000000000000e+00
4.152351802738881048e+00,-1.822331425407375916e+00,0.000000000000000000e+00,0.000000000000000000e+00
4.133545513022617079e+00,-1.950446695603330172e+00,0.000000000000000000e+00,0.000000000000000000e+00
4.113493172797229924e+00,-2.070776193001109711e+00,1.735561354341057516e+00,0.000000000000000000e+00
4.091723556047544008e+00,-2.305101137441861070e+00,0.000000000000000000e+00,0.000000000000000000e+00
4.068216974242908179e+00,-2.404951627394435132e+00,0.000000000000000000e+00,0.000000000000000000e+00
4.043745855743550166e+00,-2.497264543459879249e+00,0.000000000000000000e+00,0.000000000000000000e+00
4.018385312043204927e+00,-2.582098189054871984e+00,0.000000000000000000e+00,0.000000000000000000e+00
3.992209879696905439e+00,-2.659509348284495367e+00,0.000000000000000000e+00,0.000000000000000000e+00
3.965293528584950433e+00,-2.729554832870694003e+00,0.000000000000000000e+00,0.000000000000000000e+00
3.937709654575167306e+00,-2.792293053089836441e+00,0.000000000000000000e+00,0.000000000000000000e+00
3.909531056475438859e+00,-2.847785583502083107e+00,0.000000000000000000e+00,0.000000000000000000e+00
3.880829897457022337e+00,-2.896098695113820565e+00,0.000000000000000000e+00,0.000000000000000000e+00
3.851677651407780623e+00,-2.937304826787402678e+00,0.000000000000000000e+00,0.000000000000000000e+00
3.822145034939725239e+00,-2.971483970239220618e+00,-7.147932495301296818e+00,0.000000000000000000e+00
3.795411147980618516e+00,-2.310402626079070654e+00,-7.147932495301296818e+00,0.000000000000000000e+00
3.775247909685290892e+00,-1.659122764074019152e+00,-7.147932495301296818e+00,0.000000000000000000e+00
3.761536525638050410e+00,-1.022171250640742324e+00,0.000000000000000000e+00,0.000000000000000000e+00
3.750873354365015011e+00,-1.119140711856922099e+00,-7.147932495301296818e+00,0.000000000000000000e+00
3.742534881977894745e+00,-4.888522921279366273e-01,0.000000000000000000e+00,0.000000000000000000e+00
3.737121735937294797e+00,-6.043519069821379208e-01,0.000000000000000000e+00,0.000000000000000000e+00
3.730580169755164377e+00,-7.139478943503847486e-01,0.000000000000000000e+00,0.000000000000000000e+00
3.722969154638171130e+00,-8.176562660871332655e-01,0.000000000000000000e+00,0.000000000000000000e+00
3.714347464406714927e+00,-9.155012128547056482e-01,0.000000000000000000e+00,0.000000000000000000e+00
3.704773596078947406e+00,-1.007514596364033510e+00,0.000000000000000000e+00,0.000000000000000000e+00
3.694305695072611861e+00,-1.093735541732377747e+00,-7.147932495301296818e+00,0.000000000000000000e+00
3.686390879589777292e+00,-4.261479901865549147e-01,0.000000000000000000e+00,0.000000000000000000e+00
3.681644469755199989e+00,-5.329120252367179900e-01,0.000000000000000000e+00,0.000000000000000000e+00
3.675854917762847229e+00,-6.342326830148871109e-01,0.000000000000000000e+00,0.000000000000000000e+00
3.669076628083198344e+00,-7.301181208412917956e-01,0.000000000000000000e+00,0.000000000000000000e+00
3.661363884012049041e+00,-8.205851976247174884e-01,0.000000000000000000e+00,0.000000000000000000e+00
3.652770762958855943e+00,-9.056589768599592194e-01,0.000000000000000000e+00,0.000000000000000000e+00
3.643351056347603034e+00,-9.853723075196618719e-01,0.000000000000000000e+00,0.000000000000000000e+00
3.633158193390111368e+00,-1.059765474109197303e+00,0.000000000000000000e+00,0.000000000000000000e+00
3.622245168081022815e+00,-1.128885906751814439e+00,0.000000000000000000e+00,0.000000000000000000e+00
3.610664468856021436e+00,-1.192787941982894395e+00,0.000000000000000000e+00,0.000000000000000000e+00
3.598468010448220955e+00,-1.251532624934764248e+00,0.000000000000000000e+00,0.000000000000000000e+00
3.585707067570161222e+00,-1.305187543766438640e+00,0.000000000000000000e+00,0.000000000000000000e+00
3.572432210139003583e+00,-1.353826687516211935e+00,0.000000000000000000e+00,0.000000000000000000e+00
3.558693239848757184e+00,-1.397530319010336530e+00,0.000000000000000000e+00,0.000000000000000000e+00
3.544539127974585035e+00,-1.436384855029672725e+00,0.000000000000000000e+00,0.000000000000000000e+00
3.530017954369302657e+00,-1.470482746600233259e+00,0.000000000000000000e+00,0.000000000000000000e+00
3.515176847680223648e+00,-1.499922353015077370e+00,0.000000000000000000e+00,0.000000000000000000e+00
3.500061926874884932e+00,-1.524807803996516498e+00,0.000000000000000000e+00,0.000000000000000000e+00
3.484718244216324923e+00,-1.545248845251517622e+00,0.000000000000000000e+00,0.000000000000000000e+00
3.469189729872143246e+00,-1.561360663542468830e+00,0.000000000000000000e+00,0.000000000000000000e+00
3.453519138376433428e+00,-1.573263688273347505e+00,0.000000000000000000e+00,0.000000000000000000e+00
3.437747997189698257e+00,-1.581083367461672884e+00,0.000000000000000000e+00,0.000000000000000000e+00
3.421916557619375521e+00,-1.584949916814228921e+00,0.000000000000000000e+00,0.000000000000000000e+00
3.406063748372686550e+00,-1.584998041435225824e+00,0.000000000000000000e+00,0.000000000000000000e+00
3.390227132014795863e+00,-1.581366630456511491e+00,0.000000000000000000e+00,0.000000000000000000e+00
3.374442864599149772e+00,-1.574198425579413474e+00,0.000000000000000000e+00,0.000000000000000000e+00
3.358745658724088923e+00,-1.563639665147277924e+00,0.000000000000000000e+00,0.000000000000000000e+00
3.343168750251069188e+00,-1.549839705919249022e+00,0.000000000000000000e+00,0.000000000000000000e+00
3.327743868895972845e+00,-1.532950625183724602e+00,0.000000000000000000e+00,0.000000000000000000e+00
3.312501212876787005e+00,-1.513126806230833177e+00,0.000000000000000000e+00,0.000000000000000000e+00
3.297469427769369688e+00,-1.490524510495772503e+00,0.000000000000000000e+00,0.000000000000000000e+00
3.282675589688907269e+00,-1.465301439889606927e+00,0.000000000000000000e+00,0.000000000000000000e+00
3.268145192878876504e+00,-1.437616292953596053e+00,0.000000000000000000e+00,0.000000000000000000e+00
3.253902141752758492e+00,-1.407628318511572996e+00,-7.918220006466810901e+00,0.000000000000000000e+00
3.244346955518341513e+00,-4.099318000344671642e-01,-7.918220006466810901e+00,0.000000000000000000e+00
3.244594430778416694e+00,5.486982479702634530e-01,-7.918220006466810901e+00,0.000000000000000000e+00
3.254246136574763248e+00,1.466575835042485787e+00,-7.011292195577619069e+00,0.000000000000000000e+00
3.272386409457174850e+00,2.231695828557956229e+00,-7.042017533084504066e+00,0.000000000000000000e+00
3.298021123887565409e+00,2.961682379472492244e+00,-7.042017533084504066e+00,0.000000000000000000e+00
3.330774351795993127e+00,3.651055063078459284e+00,-4.911134100895145238e+00,0.000000000000000000e+00
3.369070140094443389e+00,4.042221505290317651e+00,-4.911134100895145238e+00,0.000000000000000000e+00
3.411139864656194565e+00,4.402595676986265083e+00,0.000000000000000000e+00,0.000000000000000000e+00
3.454046859471303410e+00,4.153984170921542152e+00,0.000000000000000000e+00,0.000000000000000000e+00
3.494469874480679028e+00,3.905972992349955764e+00,0.000000000000000000e+00,0.000000000000000000e+00
3.532417948019770382e+00,3.659229563727462331e+00,0.000000000000000000e+00,0.000000000000000000e+00
3.567906614421441081e+00,3.414381039077154512e+00,0.000000000000000000e+00,0.000000000000000000e+00
3.600957486879223790e+00,3.172011319700370091e+00,0.000000000000000000e+00,0.000000000000000000e+00
3.631597815856105083e+00,2.932659242176073544e+00,0.000000000000000000e+00,0.000000000000000000e+00
3.659860034132359274e+00,2.696817797450199894e+00,0.000000000000000000e+00,0.000000000000000000e+00
3.685781298149797713e+00,2.464934235528550843e+00,0.000000000000000000e+00,0.000000000000000000e+00
3.709403033855902976e+00,2.237410911392320401e+00,-7.534026082575262961e+00,0.000000000000000000e+00
3.734289413035405403e+00,2.788219429114937586e+00,0.000000000000000000e+00,0.000000000000000000e+00
3.761038904674849359e+00,2.537432517001329213e+00,0.000000000000000000e+00,0.000000000000000000e+00
3.785303772373862952e+00,2.291879508369531138e+00,-7.534026082575262961e+00,0.000000000000000000e+00
3.810473899553814991e+00,2.784884770150211075e+00,0.000000000000000000e+00,0.000000000000000000e+00
3.837123973675878208e+00,2.519584956449293589e+00,0.000000000000000000e+00,0.000000000000000000e+00
3.861148412853766310e+00,2.260428445012622412e+00,0.000000000000000000e+00,0.000000000000000000e+00
3.882610110888507382e+00,2.007730282839214730e+00,0.000000000000000000e+00,0.000000000000000000e+00
3.901574882970899161e+00,1.761755369459493625e+00,0.000000000000000000e+00,0.000000000000000000e+00
3.918110983123260560e+00,1.522722691343170176e+00,0.000000000000000000e+00,0.000000000000000000e+00
3.932288664553298396e+00,1.290809659407202048e+00,0.000000000000000000e+00,0.000000000000000000e+00
3.944179783416392748e+00,1.066156434986898605e+00,0.000000000000000000e+00,0.000000000000000000e+00
3.953857445436260498e+00,8.488701514997963882e-01,0.000000000000000000e+00,0.000000000000000000e+00
3.961395693997021628e+00,6.390289588007189714e-01,0.000000000000000000e+00,0.000000000000000000e+00
3.966869237670340720e+00,4.366858347245282657e-01,0.000000000000000000e+00,0.000000000000000000e+00
3.970353214656547003e+00,2.418721235141085280e-01,0.000000000000000000e+00,0.000000000000000000e+00
3.971922991275814940e+00,5.460077381482929260e-02,0.000000000000000000e+00,0.000000000000000000e+00
3.971653991423067520e+00,-1.251307401655590845e-01,0.000000000000000000e+00,0.000000000000000000e+00
3.969621553778415635e+00,-2.973378216863771240e-01,0.000000000000000000e+00,0.000000000000000000e+00
3.965900813525917723e+00,-4.620464786571702454e-01,0.000000000000000000e+00,0.000000000000000000e+00
3.960566605361716785e+00,-6.192913689844211644e-01,0.000000000000000000e+00,0.000000000000000000e+00
