-5.903351571817003318e+00,-8.201640545187736109e+00,0.000000000000000000e+00,0.000000000000000000e+00
-5.983465054501182934e+00,-7.785358433372342901e+00,0.000000000000000000e+00,0.000000000000000000e+00
-6.059574688094421013e+00,-7.404045973716408824e+00,0.000000000000000000e+00,0.000000000000000000e+00
-6.132021384373041784e+00,-7.055750971964318552e+00,-3.163924227027323788e+00,1.000000000000000000e+00
-6.202871269584700364e+00,-7.123977408856847937e+00,0.000000000000000000e+00,0.000000000000000000e+00
-6.272723144491299863e+00,-6.821020797451765816e+00,8.832358686026712036e+00,1.000000000000000000e+00
-6.334763535113827615e+00,-5.463394948542990903e+00,-2.781851261727137370e+00,1.000000000000000000e+00
-6.390000610821371829e+00,-5.598594809422421825e+00,2.521626129534728644e+00,1.000000000000000000e+00
-6.443688290654778328e+00,-5.094541949507356726e+00,0.000000000000000000e+00,0.000000000000000000e+00
-6.493877835863683501e+00,-4.930053507652234046e+00,0.000000000000000000e+00,0.000000000000000000e+00
-6.542506173279384107e+00,-4.783927455923405070e+00,-4.844677469094246902e+00,1.000000000000000000e+00
-6.592347211912646721e+00,-5.225991670707037962e+00,0.000000000000000000e+00,0.000000000000000000e+00
-6.643984216010787591e+00,-5.090800915291973539e+00,0.000000000000000000e+00,0.000000000000000000e+00
-6.694346923819034956e+00,-4.972631668137591276e+00,6.687641090661786691e+00,1.000000000000000000e+00
-6.740209184867746117e+00,-4.125306362956897566e+00,4.460053099000189647e+00,1.000000000000000000e+00
-6.778974477733545889e+00,-3.580031826656864702e+00,4.743957077263731392e+00,1.000000000000000000e+00
-6.812329143383943020e+00,-3.043768999679774545e+00,0.000000000000000000e+00,0.000000000000000000e+00
-6.842760455609830927e+00,-3.043526295421716821e+00,0.000000000000000000e+00,0.000000000000000000e+00
-6.873217629783864524e+00,-3.049501226742536097e+00,0.000000000000000000e+00,0.000000000000000000e+00
-6.903761184424872077e+00,-3.061329281947457570e+00,0.000000000000000000e+00,0.000000000000000000e+00
-6.934448084952268054e+00,-3.078665935631898609e+00,-9.330609636264837192e+00,1.000000000000000000e+00
-6.969432875882106693e+00,-4.001169046757563130e+00,-7.565200836001788609e+00,1.000000000000000000e+00
-7.012628762227865131e+00,-4.700060249711269122e+00,0.000000000000000000e+00,0.000000000000000000e+00
-7.059494603652857414e+00,-4.671872033788151413e+00,0.000000000000000000e+00,0.000000000000000000e+00
-7.106120577152768902e+00,-4.652873350243866390e+00,-7.328279383790965440e+00,1.000000000000000000e+00
-7.155329221792295691e+00,-5.239225591644346203e+00,2.452202319300673672e+00,1.000000000000000000e+00
-7.206731744889639302e+00,-5.024640210243983773e+00,5.135952248720472291e+00,1.000000000000000000e+00
-7.255232487560572707e+00,-4.645555150977122238e+00,0.000000000000000000e+00,0.000000000000000000e+00
-7.301734796995067001e+00,-4.657001140337711398e+00,0.000000000000000000e+00,0.000000000000000000e+00
-7.348376522506040232e+00,-4.673871714574431735e+00,0.000000000000000000e+00,0.000000000000000000e+00
-7.395208958195570226e+00,-4.695513907731320380e+00,0.000000000000000000e+00,0.000000000000000000e+00
-7.442276937746359344e+00,-4.721289659504240177e+00,1.257898878208829618e+00,1.000000000000000000e+00
-7.489347065979765183e+00,-4.691852863348468183e+00,7.242041078789647202e+00,1.000000000000000000e+00
-7.535029211587954912e+00,-4.426994813556236252e+00,0.000000000000000000e+00,0.000000000000000000e+00
-7.579517537276657890e+00,-4.475739380873389628e+00,0.000000000000000000e+00,0.000000000000000000e+00
-7.624497934533103205e+00,-4.525424226546680195e+00,9.606066456443573820e-01,1.000000000000000000e+00
-7.669862415162995717e+00,-4.551127068293177480e+00,0.000000000000000000e+00,0.000000000000000000e+00
-7.715603973977936292e+00,-4.602245888837520837e+00,0.000000000000000000e+00,0.000000000000000000e+00
-7.761854664210068755e+00,-4.652820850074183667e+00,-2.565801017505622283e+00,1.000000000000000000e+00
-7.808720458370706829e+00,-4.724687086484770759e+00,-7.914485533059898437e+00,1.000000000000000000e+00
-7.856324302733700193e+00,-4.794884380014868164e+00,7.691237895244462663e-01,1.000000000000000000e+00
-7.904480676268581973e+00,-4.841443508582330857e+00,-7.128079820873147732e+00,1.000000000000000000e+00
-7.952833998599676768e+00,-4.819973552162451824e+00,-9.016215310460207633e+00,1.000000000000000000e+00
-8.000664285161413147e+00,-4.728473689415029213e+00,-5.095965356005278224e+00,1.000000000000000000e+00
-8.047698979174150224e+00,-4.667590247631386191e+00,4.650688457397150088e+00,1.000000000000000000e+00
-8.095106415903218888e+00,-4.833367444613425157e+00,0.000000000000000000e+00,0.000000000000000000e+00
-8.143599103302552322e+00,-4.867872406444227806e+00,0.000000000000000000e+00,0.000000000000000000e+00
-8.192415887328909463e+00,-4.897651058059417473e+00,9.966634773410261161e+00,1.000000000000000000e+00
-8.243417902404770459e+00,-5.354329789965079911e+00,4.917103497680919588e+00,1.000000000000000000e+00
-8.298045770696957035e+00,-5.598126950408200742e+00,-2.015216232333354451e+00,1.000000000000000000e+00
-8.353469743659330149e+00,-5.471830764662718671e+00,-1.858425556347003127e+00,1.000000000000000000e+00
-8.407614410116980963e+00,-5.342124148205320111e+00,-5.777261380189262496e+00,1.000000000000000000e+00
-8.459236185363275595e+00,-4.938299800464085898e+00,8.629039140388272244e+00,1.000000000000000000e+00
-8.511375712803429749e+00,-5.553092828616908783e+00,0.000000000000000000e+00,0.000000000000000000e+00
-8.566729968902851766e+00,-5.512570871243178239e+00,0.000000000000000000e+00,0.000000000000000000e+00
-8.621647731412968696e+00,-5.465061475850771622e+00,4.013583724651623719e+00,1.000000000000000000e+00
-8.677632138671729223e+00,-5.761016387098161218e+00,4.373106318237834245e+00,1.000000000000000000e+00
-8.736712466928315379e+00,-6.087135147003778890e+00,0.000000000000000000e+00,0.000000000000000000e+00
-8.797133646653735539e+00,-5.985724538000883221e+00,9.241441005487169846e+00,1.000000000000000000e+00
-8.860716363931841144e+00,-6.812493941526434504e+00,-3.031586119589453343e+00,1.000000000000000000e+00
-8.926703156644387960e+00,-6.336085101943009334e+00,6.687673418036117923e+00,1.000000000000000000e+00
-8.992691472905356420e+00,-6.917435089300538742e+00,9.756338137461215254e+00,1.000000000000000000e+00
-9.065990956963362990e+00,-7.830469964388841575e+00,0.000000000000000000e+00,0.000000000000000000e+00
-9.143205080625712355e+00,-7.586686452702952721e+00,5.705321382153791809e+00,1.000000000000000000e+00
-9.221012370918661105e+00,-8.013719625651804179e+00,0.000000000000000000e+00,0.000000000000000000e+00
-9.299861367236971432e+00,-7.726149495860985539e+00,1.022911714458680787e+00,1.000000000000000000e+00
-9.376369568794451936e+00,-7.556776914302608006e+00,-9.048485242354566083e+00,1.000000000000000000e+00
-9.445536616744060865e+00,-6.141841909888694495e+00,6.194618041044654966e+00,1.000000000000000000e+00
-9.509218625738730779e+00,-6.637770117992918273e+00,0.000000000000000000e+00,0.000000000000000000e+00
-9.574254388517555725e+00,-6.338934507938311924e+00,0.000000000000000000e+00,0.000000000000000000e+00
-9.636287818756837709e+00,-6.037175437524039623e+00,9.288540643575966982e+00,1.000000000000000000e+00
-9.700326498798528263e+00,-6.839894281145432409e+00,1.779974748976969057e+00,1.000000000000000000e+00
-9.768089056063404385e+00,-6.695831479121603813e+00,0.000000000000000000e+00,0.000000000000000000e+00
-9.833420607309086847e+00,-6.334349894731770014e+00,0.000000000000000000e+00,0.000000000000000000e+00
-9.895139563927520143e+00,-5.973577757301287150e+00,3.570806637922596671e-01,1.000000000000000000e+00
-9.953433817564958375e+00,-5.653150763610349294e+00,0.000000000000000000e+00,0.000000000000000000e+00
-1.000835312994510318e+01,-5.295513463845226809e+00,-4.494245844085975605e-01,1.000000000000000000e+00
-1.005950621838294978e+01,-4.896516702633126883e+00,0.000000000000000000e+00,0.000000000000000000e+00
-1.010690561725165537e+01,-4.549528055376951485e+00,0.000000000000000000e+00,0.000000000000000000e+00
-1.015085978394458976e+01,-4.208155273446577915e+00,0.000000000000000000e+00,0.000000000000000000e+00
-1.019142810609366201e+01,-3.873098349222333869e+00,3.508656966566718882e+00,1.000000000000000000e+00
-1.023006807472696345e+01,-3.849621490562385784e+00,0.000000000000000000e+00,0.000000000000000000e+00
-1.026705668060159837e+01,-3.516012751858045959e+00,9.036113822191854439e+00,1.000000000000000000e+00
-1.030405468201078101e+01,-3.914514398708032861e+00,1.210073572698509015e+00,1.000000000000000000e+00
-1.034205082938093057e+01,-3.659237177518654960e+00,5.880202425811448919e+00,1.000000000000000000e+00
-1.037905562781746482e+01,-3.745226960381123682e+00,-8.655051159187333809e+00,1.000000000000000000e+00
-1.041217175240427117e+01,-2.793572554095773874e+00,9.451751004211637053e+00,1.000000000000000000e+00
-1.044153774617787178e+01,-3.102993231124282936e+00,0.000000000000000000e+00,0.000000000000000000e+00
-1.047106042954808380e+01,-2.769911059604990289e+00,3.910514611136368668e+00,1.000000000000000000e+00
-1.049837365248595766e+01,-2.682085584492336583e+00,-5.791120054672756368e+00,1.000000000000000000e+00
-1.052221822580726851e+01,-2.028028848076838919e+00,0.000000000000000000e+00,0.000000000000000000e+00
-1.054114939892850167e+01,-1.730121032207909026e+00,-6.890288312976742269e+00,1.000000000000000000e+00
-1.055548045862470552e+01,-1.076891790908740099e+00,0.000000000000000000e+00,0.000000000000000000e+00
-1.056506196925994523e+01,-8.148449609345382871e-01,-8.401130251668686988e-01,1.000000000000000000e+00
-1.057187337255569481e+01,-5.199730783459869388e-01,-8.551770472555217495e+00,1.000000000000000000e+00
-1.057403102599358924e+01,1.505126536142362137e-01,0.000000000000000000e+00,0.000000000000000000e+00
-1.057155914549668907e+01,3.636715092706088170e-01,0.000000000000000000e+00,0.000000000000000000e+00
-1.056699656474647497e+01,5.677741002498392087e-01,4.626538823982349058e+00,1.000000000000000000e+00
-1.056150615423697658e+01,5.258305372741172157e-01,0.000000000000000000e+00,0.000000000000000000e+00
-1.055535682144616239e+01,7.222181060490088234e-01,-7.278144151930467487e+00,1.000000000000000000e+00
-1.054554980090172478e+01,1.293507284244666211e+00,2.214839420712793050e+00,1.000000000000000000e+00
-1.053241427687776088e+01,1.336861322703634780e+00,0.000000000000000000e+00,0.000000000000000000e+00
-1.051831988534168971e+01,1.496636973652105018e+00,-5.399177471700163267e+00,1.000000000000000000e+00
-1.050127376714232064e+01,1.956773656253692373e+00,6.127460898328047634e+00,1.000000000000000000e+00
-1.048274421631581887e+01,1.725135652442020051e+00,0.000000000000000000e+00,0.000000000000000000e+00
-1.046486520111362850e+01,1.863159918526405612e+00,0.000000000000000000e+00,0.000000000000000000e+00
-1.044564153703799825e+01,1.993290916438876126e+00,0.000000000000000000e+00,0.000000000000000000e+00
-1.042515176520001852e+01,2.115614084787531546e+00,0.000000000000000000e+00,0.000000000000000000e+00
-1.040347360977010105e+01,2.230206711603400560e+00,0.000000000000000000e+00,0.000000000000000000e+00
-1.038068405501665836e+01,2.337138961732784903e+00,0.000000000000000000e+00,0.000000000000000000e+00
-1.035685941126328125e+01,2.436475078006588912e+00,7.199725530520868944e+00,1.000000000000000000e+00
-1.033448316898796371e+01,1.994377683386836519e+00,0.000000000000000000e+00,0.000000000000000000e+00
-1.031405221324366472e+01,2.101251810454848545e+00,0.000000000000000000e+00,0.000000000000000000e+00
-1.029258648010768162e+01,2.200591391508438299e+00,0.000000000000000000e+00,0.000000000000000000e+00
-1.027016099924093240e+01,2.292466277103289318e+00,0.000000000000000000e+00,0.000000000000000000e+00
-1.024685010824659415e+01,2.376945091484048866e+00,-8.139394516940852142e+00,1.000000000000000000e+00
-1.021962335228142216e+01,3.142180092954388382e+00,0.000000000000000000e+00,0.000000000000000000e+00
-1.018801246136120753e+01,3.182878343213227712e+00,5.238905242612235114e+00,1.000000000000000000e+00
-1.015814934004568038e+01,2.745952698702224470e+00,4.819626698227025940e+00,1.000000000000000000e+00
-1.013247963061806090e+01,2.348492810298218103e+00,0.000000000000000000e+00,0.000000000000000000e+00
-1.010872662604833394e+01,2.406800268752304461e+00,-5.902844718238173805e+00,1.000000000000000000e+00
-1.008186266206466897e+01,3.024701635814660783e+00,0.000000000000000000e+00,0.000000000000000000e+00
-1.005151756608415603e+01,3.045247479739630947e+00,0.000000000000000000e+00,0.000000000000000000e+00
-1.002099752647928632e+01,3.059033024572326731e+00,-5.509518337317340198e+00,1.000000000000000000e+00
-9.987819347704464334e+00,3.630783068419057624e+00,-2.326487029534041184e+00,1.000000000000000000e+00
-9.950510774749892207e+00,3.851085878000412688e+00,4.083868429944645939e+00,1.000000000000000000e+00
-9.914152772125786939e+00,3.373220579793679619e+00,9.554157298485769445e+00,1.000000000000000000e+00
-9.885253881108843288e+00,2.303206979174107882e+00,4.817002330197990290e+00,1.000000000000000000e+00
-9.864577717724857919e+00,1.781806409073643183e+00,0.000000000000000000e+00,0.000000000000000000e+00
-9.846630564502175886e+00,1.809547404235228640e+00,0.000000000000000000e+00,0.000000000000000000e+00
-9.828429035955263515e+00,1.832192036312860539e+00,-2.219676488591921792e+00,1.000000000000000000e+00
-9.808885680799191320e+00,2.101137599705366732e+00,0.000000000000000000e+00,0.000000000000000000e+00
-9.787861035796668219e+00,2.103189913696387414e+00,0.000000000000000000e+00,0.000000000000000000e+00
-9.766837640326068382e+00,2.100433532735872078e+00,-7.244941776263440048e+00,1.000000000000000000e+00
-9.742058405094020657e+00,2.933207282548121242e+00,8.763780712932134342e-01,1.000000000000000000e+00
-9.713402503094155094e+00,2.782692302079796676e+00,0.000000000000000000e+00,0.000000000000000000e+00
-9.685789009241247527e+00,2.734436175601322461e+00,-9.188854908074803873e+00,1.000000000000000000e+00
-9.653729948309941022e+00,3.774437668665364232e+00,-2.219754782059493170e+00,1.000000000000000000e+00
-9.615243481567105732e+00,3.936824833636786813e+00,0.000000000000000000e+00,0.000000000000000000e+00
-9.576410068508042883e+00,3.817164128580933014e+00,-6.692685474364941101e+00,1.000000000000000000e+00
-9.535106964686267617e+00,4.506775706442886609e+00,0.000000000000000000e+00,0.000000000000000000e+00
-9.490767860143440871e+00,4.344107022608362456e+00,0.000000000000000000e+00,0.000000000000000000e+00
-9.448073000375451613e+00,4.177633570655152617e+00,6.262994181356702939e+00,1.000000000000000000e+00
-9.410541309145916244e+00,3.239815788336365632e+00,5.125260827888977744e-01,1.000000000000000000e+00
-9.379053822942079677e+00,3.037581834179015505e+00,0.000000000000000000e+00,0.000000000000000000e+00
-9.349299889085523674e+00,2.899105363269844027e+00,3.557966498708127201e+00,1.000000000000000000e+00
-9.322909213159245922e+00,2.324635946520724250e+00,0.000000000000000000e+00,0.000000000000000000e+00
-9.300211478476565929e+00,2.202635327466928583e+00,6.497200323465395222e+00,1.000000000000000000e+00
-9.282318755947626343e+00,1.290577177098515049e+00,2.700993005064107333e+00,1.000000000000000000e+00
-9.271297237126585600e+00,8.746408333747726083e-01,-7.025564050697212792e+00,1.000000000000000000e+00
-9.259021925532056940e+00,1.652058804157671812e+00,-5.878164678273911647e-01,1.000000000000000000e+00
-9.242670044736385648e+00,1.614095011018038761e+00,-3.883991730468376868e+00,1.000000000000000000e+00
-9.224907551245745907e+00,1.970635181119223978e+00,3.992327364401335732e+00,1.000000000000000000e+00
-9.207962876613169811e+00,1.361161222605580479e+00,-1.340458573965004341e+00,1.000000000000000000e+00
-9.194114489236126175e+00,1.412682642569740743e+00,0.000000000000000000e+00,0.000000000000000000e+00
-9.180502849991265535e+00,1.298472837805054292e+00,3.794498253877534033e+00,1.000000000000000000e+00
-9.170072534664361896e+00,7.349025808391059789e-01,-1.677544406319462222e+00,1.000000000000000000e+00
-9.162234009776694776e+00,8.424415553427033743e-01,0.000000000000000000e+00,0.000000000000000000e+00
-9.154251118945284205e+00,7.447242111780763008e-01,-4.705564211466883862e+00,1.000000000000000000e+00
-9.144714757678178430e+00,1.204775093093662486e+00,-6.899108237227029150e+00,1.000000000000000000e+00
-9.129510928063094610e+00,1.899500516766590152e+00,0.000000000000000000e+00,0.000000000000000000e+00
-9.111190657965995143e+00,1.749914393828398529e+00,0.000000000000000000e+00,0.000000000000000000e+00
-9.094357123969606604e+00,1.602408184796021207e+00,0.000000000000000000e+00,0.000000000000000000e+00
-9.078988278219000563e+00,1.457255495762406872e+00,0.000000000000000000e+00,0.000000000000000000e+00
-9.065059431738557549e+00,1.314708899375589102e+00,0.000000000000000000e+00,0.000000000000000000e+00
-9.052543462964948162e+00,1.175000362427981004e+00,0.000000000000000000e+00,0.000000000000000000e+00
-9.041411021377836477e+00,1.038341807211662582e+00,0.000000000000000000e+00,0.000000000000000000e+00
-9.031630725021166484e+00,9.049257780098122206e-01,-1.578134768223391493e+00,1.000000000000000000e+00
-9.022359331666457649e+00,9.534046429796990685e-01,0.000000000000000000e+00,0.000000000000000000e+00
-9.013431596889997621e+00,8.193232650633623937e-01,-6.092086152364144525e+00,1.000000000000000000e+00
-9.002725757834248554e+00,1.372426852065238734e+00,9.497350055794742119e+00,1.000000000000000000e+00
-8.994518682356945405e+00,1.561273663401222811e-01,0.000000000000000000e+00,0.000000000000000000e+00
-8.993441510826484020e+00,4.932049647436420603e-02,0.000000000000000000e+00,0.000000000000000000e+00
-8.993413388425555155e+00,-5.324924662808083742e-02,0.000000000000000000e+00,0.000000000000000000e+00
-8.994391701648511983e+00,-1.515301745561846714e-01,0.000000000000000000e+00,0.000000000000000000e+00
-8.996333371713648219e+00,-2.454819438248642127e-01,7.015216069825179090e+00,1.000000000000000000e+00
-9.002746123891363084e+00,-1.118493145332996708e+00,-9.791814232932873452e+00,1.000000000000000000e+00
-9.009193035910678660e+00,-7.268316478917179191e-02,-7.744641705387627084e+00,1.000000000000000000e+00
-9.006405478300912648e+00,7.020890687711884848e-01,0.000000000000000000e+00,0.000000000000000000e+00
-8.999959564586816896e+00,5.750217560836579089e-01,0.000000000000000000e+00,0.000000000000000000e+00
-8.994766833561543606e+00,4.518634093557279408e-01,0.000000000000000000e+00,0.000000000000000000e+00
-8.990787672990419921e+00,3.327273113162371732e-01,0.000000000000000000e+00,0.000000000000000000e+00
-8.987981406378549920e+00,2.177116695261117618e-01,0.000000000000000000e+00,0.000000000000000000e+00
-8.986306439787210110e+00,1.069004853652047171e-01,-8.453593811617485798e+00,1.000000000000000000e+00
-8.981464378094281997e+00,9.384446911535946345e-01,-7.735943111489149260e+00,1.000000000000000000e+00
-8.968842257283565544e+00,1.651029503802840859e+00,-9.932569710583244671e+00,1.000000000000000000e+00
-8.948173843742953437e+00,2.565176962191200172e+00,0.000000000000000000e+00,0.000000000000000000e+00
-8.923504481806944000e+00,2.347544972811718811e+00,0.000000000000000000e+00,0.000000000000000000e+00
-8.900994191285954926e+00,2.133813594041690909e+00,0.000000000000000000e+00,0.000000000000000000e+00
-8.880602361313520987e+00,1.924332434887899845e+00,0.000000000000000000e+00,0.000000000000000000e+00
-8.862285054597757394e+00,1.719413704486366212e+00,0.000000000000000000e+00,0.000000000000000000e+00
-8.845995373552593577e+00,1.519334011100096804e+00,-5.102283132231115736e+00,1.000000000000000000e+00
-8.829314539843132081e+00,1.845699532564886169e+00,-7.055676835609387965e+00,1.000000000000000000e+00
-8.808578005808509914e+00,2.345789328045504440e+00,-9.684509083747389724e+00,1.000000000000000000e+00
-8.781815330192605629e+00,3.070227482229653582e+00,-4.345852639292367314e+00,1.000000000000000000e+00
-8.750420593389948820e+00,3.219936380372291129e+00,4.898172806143437086e+00,1.000000000000000000e+00
-8.721620320717756059e+00,2.471380729548741773e+00,0.000000000000000000e+00,0.000000000000000000e+00
-8.698075206817780014e+00,2.212844811207929752e+00,0.000000000000000000e+00,0.000000000000000000e+00
-8.677086230658360932e+00,1.960853623433182813e+00,0.000000000000000000e+00,0.000000000000000000e+00
-8.658586760044329367e+00,1.715661788712956604e+00,0.000000000000000000e+00,0.000000000000000000e+00
-8.642507823567726177e+00,1.477478726927534458e+00,0.000000000000000000e+00,0.000000000000000000e+00
-8.628778542938841056e+00,1.246473035070694069e+00,0.000000000000000000e+00,0.000000000000000000e+00
-8.617326521593419386e+00,1.022776832445789097e+00,0.000000000000000000e+00,0.000000000000000000e+00
-8.608078190338483537e+00,8.064899823932738521e-01,0.000000000000000000e+00,0.000000000000000000e+00
-8.600959111599239648e+00,5.976841210814802796e-01,0.000000000000000000e+00,0.000000000000000000e+00
-8.595894244445000609e+00,3.964064410469581579e-01,0.000000000000000000e+00,0.000000000000000000e+00
-8.592808173026590168e+00,2.026831920070284732e-01,0.000000000000000000e+00,0.000000000000000000e+00
-8.591625301373914780e+00,1.652287408652494682e-02,0.000000000000000000e+00,0.000000000000000000e+00
-8.592270017701771678e+00,-1.620808908305266527e-01,0.000000000000000000e+00,0.000000000000000000e+00
-8.594666831474187418e+00,-3.331468151906649133e-01,0.000000000000000000e+00,0.000000000000000000e+00
-8.598740486500062730e+00,-4.967037277701203402e-01,0.000000000000000000e+00,0.000000000000000000e+00
-8.604416053290860233e+00,-6.527886743547431925e-01,0.000000000000000000e+00,0.000000000000000000e+00
-8.611619003817603257e+00,-8.014453253651367959e-01,0.000000000000000000e+00,0.000000000000000000e+00
-8.620275271670575279e+00,-9.427226751790097614e-01,0.000000000000000000e+00,0.000000000000000000e+00
-8.630311300459878154e+00,-1.076674015211941615e+00,0.000000000000000000e+00,0.000000000000000000e+00
-8.641654083106034889e+00,-1.203356160799468721e+00,0.000000000000000000e+00,0.000000000000000000e+00
-8.654231194463283927e+00,-1.322828910452780615e+00,0.000000000000000000e+00,0.000000000000000000e+00
-8.667970819498899360e+00,-1.435154715035894535e+00,0.000000000000000000e+00,0.000000000000000000e+00
-8.682801779024186928e+00,-1.540398533754006261e+00,0.000000000000000000e+00,0.000000000000000000e+00
-8.698653554739877336e+00,-1.638627853490029596e+00,0.000000000000000000e+00,0.000000000000000000e+00
-8.715456315123354614e+00,-1.729912847934929498e+00,0.000000000000000000e+00,0.000000000000000000e+00
-8.733140943450091953e+00,-1.814326653096744124e+00,0.000000000000000000e+00,0.000000000000000000e+00
-8.751639069008936289e+00,-1.891945736123370247e+00,0.000000000000000000e+00,0.000000000000000000e+00
-8.770883102342489579e+00,-1.962850334923431195e+00,0.000000000000000000e+00,0.000000000000000000e+00
-8.790806275121937574e+00,-2.027124946811275752e+00,0.000000000000000000e+00,0.000000000000000000e+00
-8.811342685051890555e+00,-2.084858845332608901e+00,0.000000000000000000e+00,0.000000000000000000e+00
-8.832427345997277968e+00,-2.136146605543307597e+00,0.000000000000000000e+00,0.000000000000000000e+00
-8.853996243332792559e+00,-2.181088619311178700e+00,0.000000000000000000e+00,0.000000000000000000e+00
-8.875986394337434859e+00,-2.219791583681584690e+00,0.000000000000000000e+00,0.000000000000000000e+00
-8.898335913294507904e+00,-2.252368946981828657e+00,0.000000000000000000e+00,0.000000000000000000e+00
-8.920984080811912520e+00,-2.278941299120085695e+00,0.000000000000000000e+00,0.000000000000000000e+00
-8.943871416750731385e+00,-2.299636694441650864e+00,0.000000000000000000e+00,0.000000000000000000e+00
-8.966939756042641818e+00,-2.314590897512414980e+00,0.000000000000000000e+00,0.000000000000000000e+00
-8.990132326589719725e+00,-2.323947544276502519e+00,0.000000000000000000e+00,0.000000000000000000e+00
-9.013393828374127281e+00,-2.327858213147589339e+00,0.000000000000000000e+00,0.000000000000000000e+00
-9.036670512860315085e+00,-2.326482402704811658e+00,0.000000000000000000e+00,0.000000000000000000e+00
-9.059910261748450822e+00,-2.319987414735786846e+00,0.000000000000000000e+00,0.000000000000000000e+00
-9.083062664134244457e+00,-2.308548143362715521e+00,0.000000000000000000e+00,0.000000000000000000e+00
-9.106079091146295212e+00,-2.292346772865407445e+00,0.000000000000000000e+00,0.000000000000000000e+00
-9.128912767166060149e+00,-2.271572388542941745e+00,0.000000000000000000e+00,0.000000000000000000e+00
-9.151518836786195266e+00,-2.246420506502749603e+00,0.000000000000000000e+00,0.000000000000000000e+00
-9.173854426728032863e+00,-2.217092529606784712e+00,0.000000000000000000e+00,0.000000000000000000e+00
-9.195878702016479167e+00,-2.183795137919270601e+00,0.000000000000000000e+00,0.000000000000000000e+00
-9.217552915798240321e+00,-2.146739622876261855e+00,0.000000000000000000e+00,0.000000000000000000e+00
-9.238840452284508231e+00,-2.106141175027442802e+00,0.000000000000000000e+00,0.000000000000000000e+00
-9.259706862399646354e+00,-2.062218135585654366e+00,0.000000000000000000e+00,0.000000000000000000e+00
-9.280119891820664435e+00,-2.015191222166528018e+00,0.000000000000000000e+00,0.000000000000000000e+00
-9.300049501195900348e+00,-1.965282739022122582e+00,0.000000000000000000e+00,0.000000000000000000e+00
-9.319467878433245644e+00,-1.912715781786785918e+00,0.000000000000000000e+00,0.000000000000000000e+00
-9.338349443046457310e+00,-1.857713446282979852e+00,0.000000000000000000e+00,0.000000000000000000e+00
-9.356670842640872010e+00,-1.800498050305187725e+00,0.000000000000000000e+00,0.000000000000000000e+00
-9.374410941705688671e+00,-1.741290376539260887e+00,0.000000000000000000e+00,0.000000000000000000e+00
-9.391550802957720379e+00,-1.680308943911665853e+00,0.000000000000000000e+00,0.000000000000000000e+00
-9.408073661550350408e+00,-1.617769313727345448e+00,0.000000000000000000e+00,0.000000000000000000e+00
-9.423964892520599435e+00,-1.553883435974672711e+00,0.000000000000000000e+00,0.000000000000000000e+00
-9.439211971896499520e+00,-1.488859040178164062e+00,0.000000000000000000e+00,0.000000000000000000e+00
-9.453804431926309704e+00,-1.422899074188735069e+00,0.000000000000000000e+00,0.000000000000000000e+00
-9.467733810920680781e+00,-1.356201193339188427e+00,0.000000000000000000e+00,0.000000000000000000e+00
-9.480993598218923069e+00,-1.288957301477989148e+00,0.000000000000000000e+00,0.000000000000000000e+00
-9.493579174801839216e+00,-1.221353144542598468e+00,0.000000000000000000e+00,0.000000000000000000e+00
-9.505487750076575537e+00,-1.153567956556694529e+00,0.000000000000000000e+00,0.000000000000000000e+00
-9.516718295354674950e+00,-1.085774157242204829e+00,0.000000000000000000e+00,0.000000000000000000e+00
-9.527271474533511864e+00,-1.018137099832732151e+00,0.000000000000000000e+00,0.000000000000000000e+00
-9.537149572474891812e+00,-9.508148671623548598e-01,0.000000000000000000e+00,0.000000000000000000e+00
-9.546356421553317873e+00,-8.839581136829114394e-01,0.000000000000000000e+00,0.000000000000000000e+00
-9.554897326821354397e+00,-8.177099507316167859e-01,0.000000000000000000e+00,0.000000000000000000e+00
-9.562778990211640462e+00,-7.522058721250736157e-01,0.000000000000000000e+00,0.000000000000000000e+00
-9.570009434165010376e+00,-6.875737169899167611e-01,0.000000000000000000e+00,0.000000000000000000e+00
-9.576597925042802828e+00,-6.239336666476932303e-01,0.000000000000000000e+00,0.000000000000000000e+00
-9.582554896649467580e+00,-5.613982723446778733e-01,0.000000000000000000e+00,0.000000000000000000e+00
-9.587891874159565120e+00,-5.000725106480778948e-01,0.000000000000000000e+00,0.000000000000000000e+00
-9.592621398711791869e+00,-4.400538634102998392e-01,0.000000000000000000e+00,0.000000000000000000e+00
-9.596756952902213200e+00,-3.814324193244099659e-01,0.000000000000000000e+00,0.000000000000000000e+00
-9.600312887379761406e+00,-3.242909942486109087e-01,0.000000000000000000e+00,0.000000000000000000e+00
-9.603304348719657213e+00,-2.687052676578755017e-01,0.000000000000000000e+00,0.000000000000000000e+00
-9.605747208724846331e+00,-2.147439327796955011e-01,0.000000000000000000e+00,0.000000000000000000e+00
-9.607657995282096408e+00,-1.624688581816937649e-01,0.000000000000000000e+00,0.000000000000000000e+00
-9.609053824877978656e+00,-1.119352587957427314e-01,0.000000000000000000e+00,0.000000000000000000e+00
-9.609952336860894562e+00,-6.319187458104455479e-02,0.000000000000000000e+00,0.000000000000000000e+00
-9.610371629518173364e+00,-1.628115524287116270e-02,0.000000000000000000e+00,0.000000000000000000e+00
-9.610330198022490222e+00,2.876055036944041854e-02,0.000000000000000000e+00,0.000000000000000000e+00
-9.609846874288882290e+00,7.190280136521197407e-02,0.000000000000000000e+00,0.000000000000000000e+00
-9.608940768772782803e+00,1.131208694123516795e-01,0.000000000000000000e+00,0.000000000000000000e+00
-9.607631214230167416e+00,1.523955416622590209e-01,0.000000000000000000e+00,0.000000000000000000e+00
-9.605937711453485406e+00,1.897129226748968667e-01,0.000000000000000000e+00,0.000000000000000000e+00
-9.603879876990800923e+00,2.250642358835324153e-01,0.000000000000000000e+00,0.000000000000000000e+00
-9.601477392850744863e+00,2.584456250202296079e-01,0.000000000000000000e+00,0.000000000000000000e+00
-9.598749958192199117e+00,2.898579558219641639e-01,0.000000000000000000e+00,0.000000000000000000e+00
-9.595717242994748375e+00,3.193066182528524477e-01,0.000000000000000000e+00,0.000000000000000000e+00
-9.592398843703945133e+00,3.468013294097335164e-01,0.000000000000000000e+00,0.000000000000000000e+00
-9.588814240844030223e+00,3.723559372253200106e-01,0.000000000000000000e+00,0.000000000000000000e+00
-9.584982758589701390e+00,3.959882250441845719e-01,0.000000000000000000e+00,0.000000000000000000e+00
-9.580923526288051661e+00,4.177197171207373549e-01,0.000000000000000000e+00,0.000000000000000000e+00
-9.576655441921207768e+00,4.375754850736884860e-01,0.000000000000000000e+00,0.000000000000000000e+00
-9.572197137500047859e+00,4.555839553268260511e-01,0.000000000000000000e+00,0.000000000000000000e+00
-9.567566946378924797e+00,4.717767175698234228e-01,0.000000000000000000e+00,0.000000000000000000e+00
-9.562782872481045970e+00,4.861883342837174937e-01,0.000000000000000000e+00,0.000000000000000000e+00
-9.557862561423592140e+00,4.988561513922465940e-01,0.000000000000000000e+00,0.000000000000000000e+00
-9.552823273530945514e+00,5.098201101210009245e-01,0.000000000000000000e+00,0.000000000000000000e+00
-9.547681858723546355e+00,5.191225601699935854e-01,0.000000000000000000e+00,0.000000000000000000e+00
-9.542454733268616707e+00,5.268080743305925129e-01,0.000000000000000000e+00,0.000000000000000000e+00
-9.537157858377657504e+00,5.329232647036221682e-01,0.000000000000000000e+00,0.000000000000000000e+00
-9.531806720633900554e+00,5.375166007008568281e-01,0.000000000000000000e+00,0.000000000000000000e+00
-9.526416314230974791e+00,5.406382290362007348e-01,0.000000000000000000e+00,0.000000000000000000e+00
-9.521001125001866683e+00,5.423397959348259523e-01,0.000000000000000000e+00,0.000000000000000000e+00
-9.515575116214916918e+00,5.426742718077937067e-01,0.000000000000000000e+00,0.000000000000000000e+00
-9.510151716111009179e+00,5.416957786557416998e-01,0.000000000000000000e+00,0.000000000000000000e+00
-9.504743807153428037e+00,5.394594204776927970e-01,0.000000000000000000e+00,0.000000000000000000e+00
-9.499363716959061676e+00,5.360211169696852407e-01,0.000000000000000000e+00,0.000000000000000000e+00
-9.494023210876763486e+00,5.314374408026357743e-01,0.000000000000000000e+00,0.000000000000000000e+00
-9.488733486175744858e+00,5.257654587695551607e-01,0.000000000000000000e+00,0.000000000000000000e+00
-9.483505167804027636e+00,5.190625770890322510e-01,0.000000000000000000e+00,0.000000000000000000e+00
-9.478348305674151320e+00,5.113863911449539890e-01,0.000000000000000000e+00,0.000000000000000000e+00
-9.473272373430493332e+00,5.027945399318953790e-01,0.000000000000000000e+00,0.000000000000000000e+00
-9.468286268650018656e+00,4.933445654618507925e-01,0.000000000000000000e+00,0.000000000000000000e+00
-9.463398314425775837e+00,4.830937773712626337e-01,0.000000000000000000e+00,0.000000000000000000e+00
-9.458616262280070686e+00,4.720991229480115403e-01,0.000000000000000000e+00,0.000000000000000000e+00
-9.453947296352280816e+00,4.604170627765722945e-01,0.000000000000000000e+00,0.000000000000000000e+00
-9.449398038804243782e+00,4.481034521762812806e-01,0.000000000000000000e+00,0.000000000000000000e+00
-9.444974556384647002e+00,4.352134285830364657e-01,0.000000000000000000e+00,0.000000000000000000e+00
-9.440682368092407017e+00,4.218013049991634067e-01,0.000000000000000000e+00,0.000000000000000000e+00
-9.436526453877839060e+00,4.079204696099927863e-01,0.000000000000000000e+00,0.000000000000000000e+00
-9.432511264319648703e+00,3.936232916393078707e-01,0.000000000000000000e+00,0.000000000000000000e+00
-9.428640731215116588e+00,3.789610334895649468e-01,0.000000000000000000e+00,0.000000000000000000e+00
-9.424918279020509715e+00,3.639837691869705627e-01,0.000000000000000000e+00,0.000000000000000000e+00
-9.421346837078681702e+00,3.487403091264400512e-01,0.000000000000000000e+00,0.000000000000000000e+00
-9.417928852570971898e+00,3.332781310873502711e-01,0.000000000000000000e+00,0.000000000000000000e+00
-9.414666304130900443e+00,3.176433174680972082e-01,0.000000000000000000e+00,0.000000000000000000e+00
-9.411560716057815412e+00,3.018804986659389122e-01,0.000000000000000000e+00,0.000000000000000000e+00
-9.408613173069397817e+00,2.860328025085605019e-01,0.000000000000000000e+00,0.000000000000000000e+00
-9.405824335533054636e+00,2.701418096253823675e-01,0.000000000000000000e+00,0.000000000000000000e+00
-9.403194455117290573e+00,2.542475146298763811e-01,0.000000000000000000e+00,0.000000000000000000e+00
-9.400723390805689306e+00,2.383882929691347741e-01,0.000000000000000000e+00,0.000000000000000000e+00
-9.398410625217406889e+00,2.226008732836293469e-01,0.000000000000000000e+00,0.000000000000000000e+00
-9.396255281179938024e+00,2.069203151085050041e-01,0.000000000000000000e+00,0.000000000000000000e+00
-9.394256138501452469e+00,1.913799917378388726e-01,0.000000000000000000e+00,0.000000000000000000e+00
-9.392411650891947517e+00,1.760115780649865735e-01,0.000000000000000000e+00,0.000000000000000000e+00
-9.390719962984331204e+00,1.608450432053821488e-01,0.000000000000000000e+00,0.000000000000000000e+00
-9.389178927408458719e+00,1.459086477028452011e-01,0.000000000000000000e+00,0.000000000000000000e+00
-9.387786121873242351e+00,1.312289451165022658e-01,0.000000000000000000e+00,0.000000000000000000e+00
-9.386538866213925303e+00,1.168307877827316488e-01,0.000000000000000000e+00,0.000000000000000000e+00
-9.385434239363716458e+00,1.027373365449913700e-01,0.000000000000000000e+00,0.000000000000000000e+00
-9.384469096211025985e+00,8.897007424387672059e-02,0.000000000000000000e+00,0.000000000000000000e+00
-9.383640084305655549e+00,7.554882276015743858e-02,0.000000000000000000e+00,0.000000000000000000e+00
-9.382943660379305939e+00,6.249176340477489988e-02,0.000000000000000000e+00,0.000000000000000000e+00
-9.382376106647898339e+00,4.981546045172135367e-02,0.000000000000000000e+00,0.000000000000000000e+00
-9.381933546865143470e+00,3.753488761226606019e-02,0.000000000000000000e+00,0.000000000000000000e+00
-9.381611962098885371e+00,2.566345725208030171e-02,0.000000000000000000e+00,0.000000000000000000e+00
-9.381407206203622451e+00,1.421305215630623911e-02,0.000000000000000000e+00,0.000000000000000000e+00
-9.381315020964645868e+00,3.194059651493986324e-03,0.000000000000000000e+00,0.000000000000000000e+00
