-4.358566524905185702e+00,-9.091087288018644130e-02,7.271367188161046435e+00,1.000000000000000000e+00
-4.359836349722801430e+00,-1.702506135737474890e-01,-7.644608742140679425e+00,0.000000000000000000e+00
-4.359016278780417863e+00,3.861449495704505908e-01,-2.327126163925008484e-01,0.000000000000000000e+00
-4.354158957086697868e+00,6.057185207575084274e-01,-2.327126163925008484e-01,0.000000000000000000e+00
-4.347148030734426349e+00,8.159761788256977288e-01,-2.327126163925008484e-01,0.000000000000000000e+00
-4.338075537528658820e+00,1.017164313164649725e+00,-2.327126163925008484e-01,0.000000000000000000e+00
-4.327031122694969589e+00,1.209513135220647850e+00,-1.036365373215805619e+01,0.000000000000000000e+00
-4.311965322687154156e+00,1.867613543537974596e+00,-1.036365373215805619e+01,0.000000000000000000e+00
-4.290358235972673739e+00,2.518220589777116825e+00,8.513731960701523604e+00,1.000000000000000000e+00
-4.266619695615366581e+00,2.195185989449026209e+00,-6.823429132946556841e-01,1.000000000000000000e+00
-4.243928238526637031e+00,2.358163418505238251e+00,-7.486459551995869433e+00,1.000000000000000000e+00
-4.217909538329682739e+00,2.898985827874588139e+00,-8.295598859109603040e+00,0.000000000000000000e+00
-4.186279139480638456e+00,3.485809086369071608e+00,4.955674850278524168e-01,1.000000000000000000e+00
-4.151270384407262704e+00,3.517890978564735427e+00,-3.432322144387467411e+00,1.000000000000000000e+00
-4.114794859327025378e+00,3.805334263319493537e+00,9.590217872122837051e+00,1.000000000000000000e+00
-4.079597044123508098e+00,3.168334532157622174e+00,4.180890161271843652e+00,1.000000000000000000e+00
-4.049018517984308119e+00,2.921523421099822215e+00,-1.033105133446582791e+01,0.000000000000000000e+00
-4.015915518574193044e+00,3.783985653634561963e+00,-1.033105133446582791e+01,0.000000000000000000e+00
-3.974215422309162360e+00,4.641430691084829974e+00,-9.223738292423999674e-01,1.000000000000000000e+00
-3.927514530445150864e+00,4.703909187591853502e+00,-2.463356088700607849e-01,1.000000000000000000e+00
-3.880488051997820431e+00,4.699794567050616045e+00,-4.440443066712219000e+00,0.000000000000000000e+00
-3.831790695485185250e+00,5.076165863293788938e+00,3.523767991384507692e+00,1.000000000000000000e+00
-3.782815573505484696e+00,4.678003708471339728e+00,-4.440443066712219000e+00,0.000000000000000000e+00
-3.734263930321328750e+00,5.069786221745762766e+00,7.247619056992757436e+00,1.000000000000000000e+00
-3.687282538022482736e+00,4.244166416285274579e+00,-9.900756539693992053e+00,0.000000000000000000e+00
-3.640331969601013906e+00,5.241992318477340262e+00,-9.900756539693992053e+00,0.000000000000000000e+00
-3.583502383838885752e+00,6.218032398917696213e+00,-9.788331372998293034e+00,0.000000000000000000e+00
-3.517065052294396477e+00,7.160047024514654801e+00,3.211973033668293898e+00,1.000000000000000000e+00
-3.448085929967629415e+00,6.577327911687826933e+00,6.875734432155054421e+00,1.000000000000000000e+00
-3.386886767604643023e+00,5.563273001691635855e+00,6.714678756239838009e+00,1.000000000000000000e+00
-3.335672164649043925e+00,4.584933397416500078e+00,-9.208251237026225056e+00,0.000000000000000000e+00
-3.285438172029775838e+00,5.551496832088593791e+00,-8.727418384153697417e+00,0.000000000000000000e+00
-3.225998285547020394e+00,6.415833290183422299e+00,-2.605206769361265717e+00,1.000000000000000000e+00
-3.161510601183129765e+00,6.485803969352515352e+00,-4.536167525375099707e+00,0.000000000000000000e+00
-3.095329426264297190e+00,6.774584304276510593e+00,6.524220904802180421e+00,1.000000000000000000e+00
-3.032531021888341449e+00,5.681391235778701976e+00,9.013922378801259683e+00,1.000000000000000000e+00
-2.981880851595398507e+00,4.321197330154312510e+00,-9.468600863680276092e+00,1.000000000000000000e+00
-2.934466872193946863e+00,5.243998971252064933e+00,-2.694480539529440222e+00,1.000000000000000000e+00
-2.881776171728820835e+00,5.296259383773383789e+00,1.273072535647807868e+00,1.000000000000000000e+00
-2.830772241621199559e+00,4.862525581200838332e+00,8.971514593146224570e+00,1.000000000000000000e+00
-2.788127098622706246e+00,3.544751668684875678e+00,9.532556351570960373e+00,0.000000000000000000e+00
-2.758681856813320010e+00,2.222138870197979177e+00,6.046557877210623211e+00,0.000000000000000000e+00
-2.740398530384434039e+00,1.353873269187144679e+00,6.046557877210623211e+00,0.000000000000000000e+00
-2.730632197124214677e+00,5.220666685217202341e-01,8.409497946763018206e+00,0.000000000000000000e+00
-2.730231789241281515e+00,-5.409320040183350775e-01,1.466688308038399668e+00,1.000000000000000000e+00
-2.736723575714401502e+00,-7.794761041781747002e-01,8.694345195490960521e+00,0.000000000000000000e+00
-2.749251184090334643e+00,-1.823662678224693634e+00,-8.286232939474118098e+00,1.000000000000000000e+00
-2.763294957482392622e+00,-8.973659771344343339e-01,8.694345195490960521e+00,0.000000000000000000e+00
-2.777001773950257490e+00,-1.941591522338132147e+00,1.314845144084970663e+00,1.000000000000000000e+00
-2.797125779113527333e+00,-2.097119178474483814e+00,1.863025008535070803e+00,0.000000000000000000e+00
-2.819047908789551915e+00,-2.306217166688726117e+00,1.123520480172168767e+00,1.000000000000000000e+00
-2.842615593768753612e+00,-2.416885291269022851e+00,-5.631824721164293557e+00,1.000000000000000000e+00
-2.863651472874263693e+00,-1.724260338010111360e+00,8.694345195490960521e+00,0.000000000000000000e+00
-2.885525819776816547e+00,-2.745921234765066110e+00,1.863025008535070803e+00,0.000000000000000000e+00
-2.913748661598613676e+00,-2.913395640914771878e+00,1.863025008535070803e+00,0.000000000000000000e+00
-2.943591687033534132e+00,-3.068739374626737515e+00,7.538395046923939802e+00,0.000000000000000000e+00
-2.978033780680120479e+00,-3.896347332641109773e+00,7.538395046923939802e+00,0.000000000000000000e+00
-3.020585216845165899e+00,-4.686796970675691121e+00,-1.165482472364962607e+00,1.000000000000000000e+00
-3.066057786500845150e+00,-4.376914645162027995e+00,7.538395046923939802e+00,0.000000000000000000e+00
-3.113269370401879232e+00,-5.134439899853306066e+00,4.317764499769869424e+00,0.000000000000000000e+00
-3.166078948847018903e+00,-5.455234468832921735e+00,7.883923425750527514e-01,0.000000000000000000e+00
-3.220015396362597482e+00,-5.316951501430961180e+00,7.883923425750527514e-01,0.000000000000000000e+00
-3.272534849082215036e+00,-5.171157472453935533e+00,-8.225749578440424870e+00,1.000000000000000000e+00
-3.318602660987729269e+00,-3.925782271349089303e+00,1.402494780065974833e+00,1.000000000000000000e+00
-3.357695779378715883e+00,-3.887503529401779900e+00,-1.917560520973707217e+00,0.000000000000000000e+00
-3.394565818185236061e+00,-3.444095729614049528e+00,-5.290809648686223277e-01,1.000000000000000000e+00
-3.427801388715301378e+00,-3.176936260724871453e+00,-1.917560520973707217e+00,0.000000000000000000e+00
-3.457644381132819245e+00,-2.751211456795848775e+00,-9.597519091934644919e+00,1.000000000000000000e+00
-3.479237226901018332e+00,-1.446429364288407182e+00,-8.200417746689755205e+00,0.000000000000000000e+00
-3.488769493271368205e+00,-3.589572606740382144e-01,1.456235375730308146e+00,1.000000000000000000e+00
-3.492681991667943464e+00,-4.299666326198199884e-01,9.407991468533971613e-01,1.000000000000000000e+00
-3.497016984327002920e+00,-4.375436431405282378e-01,-8.200417746689755205e+00,0.000000000000000000e+00
-3.496655510242278719e+00,6.071032987390029279e-01,-9.305583301215934355e+00,0.000000000000000000e+00
-3.485462583223185806e+00,1.736984348196653816e+00,-1.028944585327373140e+01,0.000000000000000000e+00
-3.462653794531100448e+00,2.937228888935554671e+00,5.580688890862111506e+00,1.000000000000000000e+00
-3.436443001811440023e+00,2.237854567916017778e+00,5.109819579632571163e+00,1.000000000000000000e+00
-3.416893056140692941e+00,1.612549113710018300e+00,-9.856095646463144178e+00,0.000000000000000000e+00
-3.395491725021650531e+00,2.776385259579939646e+00,4.113434830528661657e-01,1.000000000000000000e+00
-3.368198541986872740e+00,2.671339285502891681e+00,9.876718184090709229e+00,1.000000000000000000e+00
-3.347104332243246105e+00,1.430121884764457008e+00,-4.051225372554324800e+00,0.000000000000000000e+00
-3.330642045136749108e+00,1.906295664546179269e+00,3.889000428296813805e+00,1.000000000000000000e+00
-3.313859710455381524e+00,1.402320518879825784e+00,2.423807963140434119e+00,1.000000000000000000e+00
-3.301242729217184202e+00,1.091520843932872964e+00,-3.857583672563780208e+00,1.000000000000000000e+00
-3.288240253025410897e+00,1.551442916031668506e+00,-4.051225372554324800e+00,0.000000000000000000e+00
-3.270628016121892578e+00,2.013534266833916231e+00,-4.051225372554324800e+00,0.000000000000000000e+00
-3.248495297539859106e+00,2.453292528168388387e+00,-2.501394771986712229e+00,0.000000000000000000e+00
-3.222923685222489176e+00,2.681364765113350757e+00,-3.365892374159036304e+00,1.000000000000000000e+00
-3.194659366448675542e+00,3.000182777325737238e+00,-6.240992177674891117e+00,0.000000000000000000e+00
-3.161696843720715133e+00,3.651838855146394280e+00,1.075570512814875634e+01,0.000000000000000000e+00
-3.131826431602387828e+00,2.184322817133516725e+00,5.974479703899843841e+00,1.000000000000000000e+00
-3.113728000276769770e+00,1.357687258009618869e+00,4.073341887299790187e+00,1.000000000000000000e+00
-3.102701801339334597e+00,7.947069255431253865e-01,-4.770974607948257784e+00,1.000000000000000000e+00
-3.092295284036728376e+00,1.336598767874988658e+00,-7.309734167060200072e+00,1.000000000000000000e+00
-3.075174620157321570e+00,2.163729893737160737e+00,-6.130545817443433521e-01,1.000000000000000000e+00
-3.053677046888084057e+00,2.131934589302494132e+00,1.075570512814875634e+01,0.000000000000000000e+00
-3.038811703375037698e+00,7.082780702922175653e-01,-8.291951449776568950e-02,1.000000000000000000e+00
-3.031928286913024184e+00,6.640033644570764171e-01,9.023532545797745996e+00,0.000000000000000000e+00
-3.030520958206785131e+00,-4.900292268051710809e-01,6.644358618663065430e-01,0.000000000000000000e+00
-3.035817173467779018e+00,-5.771190952804815533e-01,8.791394733482009727e+00,1.000000000000000000e+00
-3.046458554749286396e+00,-1.650918052893017185e+00,9.246201378523855041e+00,0.000000000000000000e+00
-3.067882476419245830e+00,-2.734234558200673959e+00,-3.562674903657452319e+00,1.000000000000000000e+00
-3.092812949799637057e+00,-2.201084268609144523e+00,9.246201378523855041e+00,0.000000000000000000e+00
-3.119600762146315098e+00,-3.253602373653693203e+00,7.538395046923939802e+00,0.000000000000000000e+00
-3.155740633615060631e+00,-4.046814291995370461e+00,7.489480950017113337e-01,1.000000000000000000e+00
-3.195847665903409407e+00,-3.965362670798325162e+00,1.157296615584124666e+00,0.000000000000000000e+00
-3.235337749389639139e+00,-3.927460625138190053e+00,1.157296615584124666e+00,0.000000000000000000e+00
-3.274410915298028080e+00,-3.881186075340804731e+00,1.157296615584124666e+00,0.000000000000000000e+00
-3.312984688373754150e+00,-3.826822504318639684e+00,-1.696157153871524770e-01,1.000000000000000000e+00
-3.350253657394163476e+00,-3.604839480287411746e+00,-1.314222961663187306e+00,1.000000000000000000e+00
-3.384683892849005282e+00,-3.246703760005386741e+00,-9.543543939685786626e+00,1.000000000000000000e+00
-3.411135558895693087e+00,-1.920428584325177379e+00,1.916600945413316215e-01,0.000000000000000000e+00
-3.429790676182216114e+00,-1.798491895719312561e+00,-4.824741458948906825e+00,1.000000000000000000e+00
-3.444557690865705180e+00,-1.088671828558103849e+00,-8.200417746689755205e+00,0.000000000000000000e+00
-3.450563931255634209e+00,-1.244972685866324591e-02,-8.200417746689755205e+00,0.000000000000000000e+00
-3.446008576781017574e+00,1.019673898012099400e+00,-9.305583301215934355e+00,0.000000000000000000e+00
-3.430733845267910809e+00,2.139832993296541641e+00,-1.028944585327373140e+01,0.000000000000000000e+00
-3.403931564608160709e+00,3.332147505757133032e+00,2.442398085923254136e+00,1.000000000000000000e+00
-3.372269640936310431e+00,2.964346141001728885e+00,-4.051225372554324800e+00,0.000000000000000000e+00
-3.340737170129612910e+00,3.380192323165429169e+00,-4.629451650773120264e+00,1.000000000000000000e+00
-3.304827280580956206e+00,3.844189433953669521e+00,-7.408029503588298148e+00,1.000000000000000000e+00
-3.262859501544431051e+00,4.620941605742980407e+00,-2.611223588798712303e+00,1.000000000000000000e+00
-3.215944599900392387e+00,4.774722406297327026e+00,-4.708397488909055184e-01,1.000000000000000000e+00
-3.168754197058836208e+00,4.649843624430812561e+00,-9.510537887303968319e+00,0.000000000000000000e+00
-3.117812640473981212e+00,5.627500601844533712e+00,-9.510537887303968319e+00,0.000000000000000000e+00
-3.057337836140725518e+00,6.550364272771249219e+00,-7.895183822619267211e+00,1.000000000000000000e+00
-2.988791277241936051e+00,7.216998018196222553e+00,-6.071389567850465241e+00,0.000000000000000000e+00
-2.914819451083602964e+00,7.609240928619166233e+00,-7.758772227456893766e+00,0.000000000000000000e+00
-2.836220885836347350e+00,8.154968453270356576e+00,-9.659108112335118790e+00,0.000000000000000000e+00
-2.751447335226835822e+00,8.856135962691190855e+00,-2.127201681434209846e+00,1.000000000000000000e+00
-2.663883170146724488e+00,8.630890471632875816e+00,7.597723115446239461e+00,1.000000000000000000e+00
-2.583405692769018103e+00,7.348619625202194250e+00,5.341107248052148648e+00,0.000000000000000000e+00
-2.514366502414174587e+00,6.370028556415550547e+00,0.000000000000000000e+00,0.000000000000000000e+00
-2.452502072873020023e+00,5.962961872141117503e+00,-2.284936639394602675e+00,0.000000000000000000e+00
-2.393716633955649709e+00,5.772795243385482777e+00,-2.284936639394602675e+00,0.000000000000000000e+00
-2.336894364089824982e+00,5.569171503127484435e+00,2.505248788033598295e-01,1.000000000000000000e+00
-2.283127178126375778e+00,5.143345894941687035e+00,-6.092688065933855590e+00,1.000000000000000000e+00
-2.231302894961997740e+00,5.222515028263942760e+00,5.529251746112735511e+00,0.000000000000000000e+00
-2.182769960766616890e+00,4.411904691797870370e+00,6.218362018165848326e+00,0.000000000000000000e+00
-2.142323264220206358e+00,3.605804070931076133e+00,4.469021147943155192e+00,1.000000000000000000e+00
-2.109181491083514715e+00,2.964771901563751921e+00,-2.008233591284838138e+00,1.000000000000000000e+00
-2.080458685802650365e+00,2.759009902757104449e+00,4.719478104494356785e+00,0.000000000000000000e+00
-2.055600276659319103e+00,2.158418527520478580e+00,4.719478104494356785e+00,0.000000000000000000e+00
-2.036594517640867963e+00,1.591236240334133356e+00,4.719478104494356785e+00,0.000000000000000000e+00
-2.023123113976984744e+00,1.053973361119222574e+00,3.175750811735591483e+00,1.000000000000000000e+00
-2.014528719435288995e+00,6.253634903145226520e-01,-6.803646595573667355e+00,1.000000000000000000e+00
-2.007757631410836741e+00,7.384096514498406094e-01,-9.879317071966637442e+00,1.000000000000000000e+00
-1.999184029143982189e+00,9.988515523991560174e-01,2.314585893533265271e+00,0.000000000000000000e+00
-1.991070009826612086e+00,5.888353695816070932e-01,-6.266234959570107677e+00,1.000000000000000000e+00
-1.984981260327562502e+00,6.317978462771517423e-01,6.774958176474596527e+00,0.000000000000000000e+00
-1.981378079617846844e+00,3.810142013869267236e-02,1.779000631308751412e+00,1.000000000000000000e+00
-1.982390461845201513e+00,-2.668807376412272170e-01,6.774958176474596527e+00,0.000000000000000000e+00
-1.987443812775222307e+00,-7.893631974390116213e-01,6.774958176474596527e+00,0.000000000000000000e+00
-1.997549495000620290e+00,-1.274707685856203865e+00,-8.141976559545442527e+00,1.000000000000000000e+00
-2.009075104086509356e+00,-1.012405208692852110e+00,6.774958176474596527e+00,0.000000000000000000e+00
-2.021606868620448250e+00,-1.544863864165663569e+00,3.868406488770541607e+00,1.000000000000000000e+00
-2.038694320007826910e+00,-1.907280693596636212e+00,2.225851209915379325e+00,1.000000000000000000e+00
-2.058948231641762217e+00,-2.168248929610496312e+00,-3.747237785545221023e+00,1.000000000000000000e+00
-2.080200446233544387e+00,-2.071306100467001254e+00,9.549830803133414037e+00,0.000000000000000000e+00
-2.104096044086420036e+00,-2.777089565460330256e+00,1.760363147647672211e+00,1.000000000000000000e+00
-2.132790859366068048e+00,-2.981162271301069477e+00,5.449543174454126060e+00,1.000000000000000000e+00
-2.164603862166655013e+00,-3.425056464999133521e+00,-6.510618492968811566e+00,1.000000000000000000e+00
-2.197064149584476045e+00,-3.025429783113593452e+00,9.549830803133414037e+00,0.000000000000000000e+00
-2.230785419325380214e+00,-3.794940268682115203e+00,8.705069091333017539e+00,0.000000000000000000e+00
-2.271894267853261429e+00,-4.496860688711008969e+00,6.060937655785760825e+00,0.000000000000000000e+00
-2.319059689627211984e+00,-4.984811561632047194e+00,5.555908758953829185e+00,0.000000000000000000e+00
-2.370905558630646670e+00,-5.428462960436170270e+00,-6.312777891130400221e+00,0.000000000000000000e+00
-2.422378014889313480e+00,-4.801523743218043094e+00,-2.517515308682367614e+00,1.000000000000000000e+00
-2.469145462560446980e+00,-4.523009011602725948e+00,1.004332497356126730e+01,0.000000000000000000e+00
-2.518619058287190793e+00,-5.463898938735059829e+00,2.750676281427586467e+00,0.000000000000000000e+00
-2.574123529851452208e+00,-5.654677541197675517e+00,7.566456157235506019e+00,1.000000000000000000e+00
-2.633777179759931197e+00,-6.342844734616707392e+00,2.750676281427586467e+00,0.000000000000000000e+00
-2.697892737476493163e+00,-6.493687698650207452e+00,-1.749976331334963664e+00,1.000000000000000000e+00
-2.761190268019868110e+00,-6.128540817396926244e+00,-7.251364740954153731e+00,1.000000000000000000e+00
-2.817959262452614855e+00,-5.126836036092227822e+00,-6.395863054303441153e+00,1.000000000000000000e+00
-2.865222045766727010e+00,-4.239368535429684393e+00,-2.095727989187494700e+00,0.000000000000000000e+00
-2.905990336584583389e+00,-3.878646570213446498e+00,-2.095727989187494700e+00,0.000000000000000000e+00
-2.943164926842544826e+00,-3.521157521819894498e+00,-5.609236299771001022e+00,1.000000000000000000e+00
-2.974864280736618127e+00,-2.744434869676369626e+00,7.538395046923939802e+00,0.000000000000000000e+00
-3.006112933707050239e+00,-3.582860157050002936e+00,5.606639893393053242e+00,1.000000000000000000e+00
-3.044508026901707964e+00,-4.147744005192557815e+00,7.538395046923939802e+00,0.000000000000000000e+00
-3.089487592235153457e+00,-4.918686762323385864e+00,5.237912937735700325e+00,0.000000000000000000e+00
-3.140716048035811170e+00,-5.366827224396120144e+00,-5.489136890048415651e+00,1.000000000000000000e+00
-3.190321772230727770e+00,-4.468799358379929032e+00,-5.485489358311661512e+00,1.000000000000000000e+00
-3.231069550419917835e+00,-3.598359924397718679e+00,-1.978728695193316955e+00,1.000000000000000000e+00
-3.265182884733344615e+00,-3.184540657825134957e+00,3.193340859125550768e+00,1.000000000000000000e+00
-3.298054920636359633e+00,-3.409169310863626290e+00,-7.575294679896105166e+00,1.000000000000000000e+00
-3.327178564542231154e+00,-2.313106294296976451e+00,-4.007442283267019789e+00,0.000000000000000000e+00
-3.347484647731650220e+00,-1.689563549904133710e+00,1.916600945413316215e-01,0.000000000000000000e+00
-3.363943568808998474e+00,-1.592517263825562468e+00,4.537486070344678879e+00,1.000000000000000000e+00
-3.381787762737520797e+00,-2.014543667416163419e+00,-4.236403770589276974e+00,1.000000000000000000e+00
-3.399008740375283555e+00,-1.369257455509290455e+00,-8.200417746689755205e+00,0.000000000000000000e+00
-3.407758656751313620e+00,-2.792813791152556901e-01,-8.200417746689755205e+00,0.000000000000000000e+00
-3.405811708407075145e+00,7.660064939858320932e-01,-9.305583301215934355e+00,0.000000000000000000e+00
-3.393011189208414713e+00,1.899788489495985555e+00,-4.418236737554430249e+00,1.000000000000000000e+00
-3.371716194890396423e+00,2.405974778889649723e+00,-9.081054483852703640e+00,1.000000000000000000e+00
-3.342934899948620586e+00,3.447267575274029827e+00,1.671520567051323347e+00,1.000000000000000000e+00
-3.309805830912959212e+00,3.149261139023790346e+00,-4.051225372554324800e+00,0.000000000000000000e+00
-3.276498944817983539e+00,3.548376083051341556e+00,-2.501394771986712229e+00,0.000000000000000000e+00
-3.240156330944412577e+00,3.736419195049828890e+00,-6.540607843898735396e+00,1.000000000000000000e+00
-3.199764687354199388e+00,4.402773162324899126e+00,-9.510537887303968319e+00,0.000000000000000000e+00
-3.151218522517801990e+00,5.397479807180512346e+00,-9.510537887303968319e+00,0.000000000000000000e+00
-3.092960159437072587e+00,6.339368432007010057e+00,-4.536167525375099707e+00,0.000000000000000000e+00
-3.028295867290579757e+00,6.616189988664865851e+00,-1.899679588137960007e+00,0.000000000000000000e+00
-2.962455582834123913e+00,6.541944094831392498e+00,-1.899679588137960007e+00,0.000000000000000000e+00
-2.897425880320134706e+00,6.452566883515920004e+00,-1.899679588137960007e+00,0.000000000000000000e+00
-2.833357683798632287e+00,6.348172265066497566e+00,-9.611543022258047131e+00,0.000000000000000000e+00
-2.766336466432401053e+00,7.121102123872311118e+00,9.422171340850047372e+00,0.000000000000000000e+00
-2.701704193838162738e+00,5.673110475990944757e+00,9.422171340850047372e+00,0.000000000000000000e+00
-2.651212885477969738e+00,4.299887758495622769e+00,6.361452823190351324e+00,0.000000000000000000e+00
-2.612638508390167758e+00,3.325365654465252341e+00,2.855629210396928741e+00,0.000000000000000000e+00
-2.581924257416019941e+00,2.765197244983985669e+00,1.341935377072349667e+00,0.000000000000000000e+00
-2.556000282404948365e+00,2.383565881537702325e+00,6.312263398422479632e-01,0.000000000000000000e+00
-2.533506306769125249e+00,2.087024806402411059e+00,6.312263398422479632e-01,0.000000000000000000e+00
-2.513937931517721935e+00,1.799363491254348579e+00,7.761685486043077731e+00,0.000000000000000000e+00
-2.500405854288718643e+00,8.164022494954019660e-01,9.163922788100975936e+00,0.000000000000000000e+00
-2.497127099517227222e+00,-2.606254782322289243e-01,9.163922788100975936e+00,0.000000000000000000e+00
-2.504417995136073660e+00,-1.294354105041413128e+00,9.253882426261068161e+00,0.000000000000000000e+00
-2.521916517594373186e+00,-2.300381423327474639e+00,9.746049265899654479e-01,0.000000000000000000e+00
-2.545564766003444390e+00,-2.441936951053605753e+00,-7.258421506411848467e-01,0.000000000000000000e+00
-2.569801867390042460e+00,-2.400615708113038593e+00,-7.258421506411848467e-01,0.000000000000000000e+00
-2.593606063441997289e+00,-2.354965572363306947e+00,-7.258421506411848467e-01,0.000000000000000000e+00
-2.616935234075922878e+00,-2.305247228573245266e+00,-7.258421506411848467e-01,0.000000000000000000e+00
-2.639749887618220825e+00,-2.251725952649021867e+00,-7.258421506411848467e-01,0.000000000000000000e+00
-2.662013201753337999e+00,-2.194670503788346938e+00,3.981548018932033361e+00,0.000000000000000000e+00
-2.686021338264637404e+00,-2.649314244011333308e+00,3.981548018932033361e+00,0.000000000000000000e+00
-2.714491806747092451e+00,-3.085340704775686671e+00,3.981548018932033361e+00,0.000000000000000000e+00
-2.747239916753497546e+00,-3.503039644994551338e+00,3.981548018932033361e+00,0.000000000000000000e+00
-2.784082888947060574e+00,-3.902480113052051447e+00,4.903010286564310150e+00,0.000000000000000000e+00
-2.825319666408076635e+00,-4.390093543945090104e+00,-2.095727989187494700e+00,0.000000000000000000e+00
-2.867621526113887320e+00,-4.035034889972674677e+00,-2.095727989187494700e+00,0.000000000000000000e+00
-2.906381848309183447e+00,-3.682226143228406468e+00,-2.095727989187494700e+00,0.000000000000000000e+00
-2.941628826409241171e+00,-3.332910505916447885e+00,7.538395046923939802e+00,0.000000000000000000e+00
-2.978663977926815143e+00,-4.149760903269133827e+00,7.538395046923939802e+00,0.000000000000000000e+00
-3.023701959780848547e+00,-4.929653115760335602e+00,5.237912937735700325e+00,0.000000000000000000e+00
-3.075095831641027733e+00,-5.390492233405720590e+00,5.237912937735700325e+00,0.000000000000000000e+00
-3.130967393337919180e+00,-5.821995216698379494e+00,7.883923425750527514e-01,0.000000000000000000e+00
-3.188540966609779037e+00,-5.676856286838131815e+00,7.883923425750527514e-01,0.000000000000000000e+00
-3.244626927700835495e+00,-5.523744536968996144e+00,-7.333930381210618243e+00,0.000000000000000000e+00
-3.294660988201344232e+00,-4.375042787793517185e+00,1.157296615584124666e+00,0.000000000000000000e+00
-3.338056390543287844e+00,-4.294639492703696604e+00,-1.917560520973707217e+00,0.000000000000000000e+00
-3.378937797659266717e+00,-3.837828993112866627e+00,-1.917560520973707217e+00,0.000000000000000000e+00
-3.415303212963709978e+00,-3.392741490627462220e+00,-1.917560520973707217e+00,0.000000000000000000e+00
-3.447273088659377649e+00,-2.960059115628747684e+00,-7.396404377124246032e+00,0.000000000000000000e+00
-3.472074482186120470e+00,-1.901929768489188266e+00,-7.396404377124246032e+00,0.000000000000000000e+00
-3.486496831465855539e+00,-8.883496685383820424e-01,-8.200417746689755205e+00,0.000000000000000000e+00
-3.490554730751280754e+00,1.757603286933366871e-01,-8.200417746689755205e+00,0.000000000000000000e+00
-3.484169497842837693e+00,1.196436964387773694e+00,-9.305583301215934355e+00,0.000000000000000000e+00
-3.467182286018844817e+00,2.304599624121988377e+00,-1.028944585327373140e+01,0.000000000000000000e+00
-3.438786485156525519e+00,3.485243015800459698e+00,-9.208251237026225056e+00,0.000000000000000000e+00
-3.399359035310519417e+00,4.494776963640254586e+00,-9.208251237026225056e+00,0.000000000000000000e+00
-3.350011078713821533e+00,5.465443992808027396e+00,-1.069414106945386145e+01,0.000000000000000000e+00
-3.290322843209738224e+00,6.575579584667837096e+00,-8.727418384153697417e+00,0.000000000000000000e+00
-3.220831200767044766e+00,7.398012084137027600e+00,-4.536167525375099707e+00,0.000000000000000000e+00
-3.145639620756713217e+00,7.662183942746474408e+00,-9.553685563146128601e+00,0.000000000000000000e+00
-3.065143884835013210e+00,8.512381232319102153e+00,-9.105191989601724600e+00,0.000000000000000000e+00
-2.976667785267064659e+00,9.245650810828298205e+00,-9.105191989601724600e+00,0.000000000000000000e+00
-2.881158644693800230e+00,9.910629858878600373e+00,-6.786660303451066412e+00,0.000000000000000000e+00
-2.780578842912969861e+00,1.022663815925974085e+01,-9.197371882807692245e+00,0.000000000000000000e+00
-2.675888232442487524e+00,1.074829947586512091e+01,-9.970918279405868390e+00,0.000000000000000000e+00
-2.566035568840235648e+00,1.125436839033221226e+01,-5.878865147619666942e+00,0.000000000000000000e+00
-2.453511576894299218e+00,1.123711907838561075e+01,-5.878865147619666942e+00,0.000000000000000000e+00
-2.341479337125440541e+00,1.114856092371545948e+01,-9.739811568333703207e+00,0.000000000000000000e+00
-2.229210092265029530e+00,1.129935787787829682e+01,-9.961317812571294894e+00,0.000000000000000000e+00
-2.115938412091269871e+00,1.133669376433275744e+01,-4.545169924608507550e+00,0.000000000000000000e+00
-2.004377360165209954e+00,1.092587844157550414e+01,-9.795739806792751025e+00,0.000000000000000000e+00
-1.897600658614007951e+00,1.031429674743828606e+01,-9.795739806792751025e+00,0.000000000000000000e+00
-1.797681634718196086e+00,9.586070819757946282e+00,3.587010379123234394e+00,0.000000000000000000e+00
-1.706788449378318528e+00,8.505408156073826831e+00,6.336589795309621742e+00,0.000000000000000000e+00
-1.626320490288048592e+00,7.512874215753763352e+00,1.644289236686951039e+00,0.000000000000000000e+00
-1.555057226962369477e+00,6.669453163902014481e+00,9.223461615166105076e+00,0.000000000000000000e+00
-1.491717684760011764e+00,5.948584658709315853e+00,7.902511839978309638e+00,0.000000000000000000e+00
-1.435075798355139209e+00,5.336544335600941658e+00,6.725149793248801799e+00,0.000000000000000000e+00
-1.384181799824739656e+00,4.803687022089636827e+00,6.725149793248801799e+00,0.000000000000000000e+00
-1.338231312823748409e+00,4.354357118617797617e+00,3.853639671621518215e+00,0.000000000000000000e+00
-1.296818955779376781e+00,3.891890448070941311e+00,3.853639671621518215e+00,0.000000000000000000e+00
-1.259768064437029267e+00,3.486638048159035552e+00,3.853639671621518215e+00,0.000000000000000000e+00
-1.226536673949006673e+00,3.132034374928942100e+00,6.131791692176172148e+00,0.000000000000000000e+00
-1.196212215018408243e+00,2.918503098765595549e+00,6.131791692176172148e+00,0.000000000000000000e+00
-1.167839492704140003e+00,2.744855345166699045e+00,9.736389265960147199e+00,0.000000000000000000e+00
-1.140249616461778803e+00,2.781845471687676596e+00,9.736389265960147199e+00,0.000000000000000000e+00
-1.112155870494794474e+00,2.848224119316185465e+00,9.736389265960147199e+00,0.000000000000000000e+00
-1.083273077486780034e+00,2.942140107445840869e+00,9.736389265960147199e+00,0.000000000000000000e+00
-1.053332615291608265e+00,3.062164139877455504e+00,9.736389265960147199e+00,0.000000000000000000e+00
-1.022078504490459006e+00,3.207222027879451431e+00,1.366511834188262053e+00,0.000000000000000000e+00
-9.917003590072890340e-01,2.837972772539778532e+00,1.366511834188262053e+00,0.000000000000000000e+00
-9.648435249268875191e-01,2.506028316778362353e+00,1.366511834188262053e+00,0.000000000000000000e+00
-9.411524500087607992e-01,2.207571102164446408e+00,1.366511834188262053e+00,0.000000000000000000e+00
-9.203080738994634524e-01,1.939152078681648517e+00,5.386603101000300597e+00,0.000000000000000000e+00
-9.006755219775202104e-01,1.994330317590995438e+00,5.386603101000300597e+00,0.000000000000000000e+00
-8.804521346528432213e-01,2.058112030862317532e+00,9.289170424159774342e+00,0.000000000000000000e+00
-8.581764755611146489e-01,2.433176113210568037e+00,9.289170424159774342e+00,0.000000000000000000e+00
-8.321810327936236540e-01,2.802128074840797733e+00,9.289170424159774342e+00,0.000000000000000000e+00
-8.025094397727732254e-01,3.168753175363412833e+00,4.183156785318494997e+00,0.000000000000000000e+00
-7.711399584286360298e-01,3.102237259454427853e+00,9.844697193023936421e+00,0.000000000000000000e+00
-7.380841570941467644e-01,3.553372101450535947e+00,9.080830305905866595e+00,0.000000000000000000e+00
-7.008432353243549962e-01,3.933290689027650888e+00,2.863883562204547761e+00,0.000000000000000000e+00
-6.624249080105298892e-01,3.736025864456535395e+00,2.863883562204547761e+00,0.000000000000000000e+00
-6.258377247622708417e-01,3.569559498029978073e+00,2.863883562204547761e+00,0.000000000000000000e+00
-5.907889881044449121e-01,3.430568695710824567e+00,2.863883562204547761e+00,0.000000000000000000e+00
-5.570174750592640223e-01,3.316111899749269565e+00,2.863883562204547761e+00,0.000000000000000000e+00
-5.242898266061059021e-01,3.223584679950463272e+00,1.067178816683698184e+00,0.000000000000000000e+00
-4.932448704746779100e-01,2.986710295843622909e+00,1.067178816683698184e+00,0.000000000000000000e+00
-4.639151029888096689e-01,2.869703730989711765e+00,1.067178816683698184e+00,0.000000000000000000e+00
-4.356976891821210951e-01,2.765366383772935865e+00,1.067178816683698184e+00,0.000000000000000000e+00
-4.084696662600285633e-01,2.672881126841108568e+00,1.067178816683698184e+00,0.000000000000000000e+00
-3.821159627287081806e-01,2.591492360885467416e+00,6.149073199363676245e+00,0.000000000000000000e+00
-3.538978679769057001e-01,3.102000938031328037e+00,6.149073199363676245e+00,0.000000000000000000e+00
-3.206035318789037247e-01,3.606500116272808754e+00,6.149073199363676245e+00,0.000000000000000000e+00
-2.822838475068144004e-01,4.106952409184633446e+00,-3.482451482650907870e+00,0.000000000000000000e+00
-2.441345652936694477e-01,3.463798769051711357e+00,6.149073199363676245e+00,0.000000000000000000e+00
-2.070654447147602106e-01,4.002712187030013524e+00,-7.617171813619486365e+00,0.000000000000000000e+00
-1.721492288540693860e-01,2.875971139586987579e+00,-9.628663256528180447e-01,0.000000000000000000e+00
-1.446298407551697696e-01,2.603560494677637394e+00,-9.628663256528180447e-01,0.000000000000000000e+00
-1.197573250650424970e-01,2.348093336388267005e+00,-2.269567774069289889e+00,0.000000000000000000e+00
-9.808985319741979347e-02,1.949009915048250496e+00,-2.269567774069289889e+00,0.000000000000000000e+00
-8.031955235195770149e-02,1.570451080457696102e+00,-2.269567774069289889e+00,0.000000000000000000e+00
-6.624822232434245117e-02,1.210859278741109435e+00,-2.269567774069289889e+00,0.000000000000000000e+00
-5.569302013636754506e-02,8.687276796468437201e-01,0.000000000000000000e+00,0.000000000000000000e+00
-4.722501929623659778e-02,8.207486146403731864e-01,0.000000000000000000e+00,0.000000000000000000e+00
-3.921882830702046879e-02,7.767143854736324737e-01,0.000000000000000000e+00,0.000000000000000000e+00
-3.163621870682406523e-02,7.363576308876568222e-01,0.000000000000000000e+00,0.000000000000000000e+00
-2.444154619266527759e-02,6.994306114748787273e-01,0.000000000000000000e+00,0.000000000000000000e+00
-1.760156057222993231e-02,6.657038552709364509e-01,0.000000000000000000e+00,0.000000000000000000e+00
-1.108522885463519500e-02,6.349648925369615338e-01,0.000000000000000000e+00,0.000000000000000000e+00
-4.863570608735125027e-03,6.070170751729191405e-01,0.000000000000000000e+00,0.000000000000000000e+00
1.090495236611065078e-03,5.816784761542891369e-01,0.000000000000000000e+00,0.000000000000000000e+00
6.802292929893699082e-03,5.587808644153612336e-01,0.000000000000000000e+00,0.000000000000000000e+00
1.229552250611036859e-02,5.381687506918710895e-01,0.000000000000000000e+00,0.000000000000000000e+00
1.759238315759696636e-02,5.196984999672347172e-01,0.000000000000000000e+00,0.000000000000000000e+00
2.271368801354897715e-02,5.032375063274914240e-01,0.000000000000000000e+00,0.000000000000000000e+00
2.767897093409960041e-02,4.886634262102996784e-01,0.000000000000000000e+00,0.000000000000000000e+00
3.250658588553172884e-02,4.758634662253219960e-01,0.000000000000000000e+00,0.000000000000000000e+00
3.721379942586149764e-02,4.647337219211928883e-01,0.000000000000000000e+00,0.000000000000000000e+00
4.181687679468064356e-02,4.551785640735893090e-01,0.000000000000000000e+00,0.000000000000000000e+00
4.633116206778100515e-02,4.471100692663808607e-01,0.000000000000000000e+00,0.000000000000000000e+00
5.077115280567811445e-02,4.404474917310017834e-01,0.000000000000000000e+00,0.000000000000000000e+00
5.515056959564965111e-02,4.351167735963160643e-01,0.000000000000000000e+00,0.000000000000000000e+00
5.948242085924340672e-02,4.310500908811242815e-01,0.000000000000000000e+00,0.000000000000000000e+00
6.377906327131052655e-02,4.281854327332999532e-01,0.000000000000000000e+00,0.000000000000000000e+00
6.805225811240231404e-02,4.264662115828605771e-01,0.000000000000000000e+00,0.000000000000000000e+00
7.231322385374430728e-02,4.258409020308447923e-01,0.000000000000000000e+00,0.000000000000000000e+00
7.657268525288352112e-02,4.262627064416292799e-01,0.000000000000000000e+00,0.000000000000000000e+00
8.084091921840469430e-02,4.276892453433638330e-01,0.000000000000000000e+00,0.000000000000000000e+00
8.512779768374358069e-02,4.300822708697075725e-01,0.000000000000000000e+00,0.000000000000000000e+00
8.944282771300472723e-02,4.334074015962762760e-01,0.000000000000000000e+00,0.000000000000000000e+00
9.379518904573692917e-02,4.376338772374459563e-01,0.000000000000000000e+00,0.000000000000000000e+00
9.819376927275265399e-02,4.427343317737464368e-01,0.000000000000000000e+00,0.000000000000000000e+00
1.026471968212239599e-01,4.486845836773482032e-01,-9.628552047448279083e+00,0.000000000000000000e+00
1.018354956304274861e-01,-7.198420078846332615e-01,-1.464100127668192197e+00,0.000000000000000000e+00
9.406883125348658448e-02,-8.455270193868281714e-01,0.000000000000000000e+00,0.000000000000000000e+00
