-1.066730512648757179e+00,-5.691881970259368151e-01,-2.412086938360082922e+00,1.000000000000000000e+00
-1.073797747562953875e+00,-8.700203424554167064e-01,9.739507604680690989e+00,0.000000000000000000e+00
-1.080583013841513118e+00,-4.524120212084563053e-01,9.739507604680690989e+00,0.000000000000000000e+00
-1.083375103037309994e+00,-7.397234297968252603e-02,9.739507604680690989e+00,0.000000000000000000e+00
-1.082530984680077690e+00,2.728215346667989816e-01,-6.343466093598073563e+00,1.000000000000000000e+00
-1.082493498740400684e+00,-3.161181942806959300e-01,3.277392151670073250e+00,1.000000000000000000e+00
-1.085646928791266674e+00,-3.146941518208619115e-01,-6.229020256567505243e+00,1.000000000000000000e+00
-1.091227755159453139e+00,-8.468297027874944760e-01,9.518907956115834068e+00,1.000000000000000000e+00
-1.097936512634955619e+00,-4.631895092328563446e-01,9.739507604680690989e+00,0.000000000000000000e+00
-1.100923732107898845e+00,-1.039124231450834490e-01,9.739507604680690989e+00,0.000000000000000000e+00
-1.100460684014030743e+00,2.249268354323214203e-01,9.739507604680690989e+00,0.000000000000000000e+00
-1.096822832235531786e+00,5.295960909262017458e-01,9.739507604680690989e+00,0.000000000000000000e+00
-1.090226642924186473e+00,8.155687302989015341e-01,9.739507604680690989e+00,0.000000000000000000e+00
-1.080836978509621016e+00,1.087642806630330305e+00,8.711083243668442222e+00,1.000000000000000000e+00
-1.069041299315238724e+00,1.291113277078857147e+00,-1.883447988832191999e+00,1.000000000000000000e+00
-1.058048819620847292e+00,8.710112956019386843e-01,2.057526737700553277e+00,0.000000000000000000e+00
-1.050039089977046647e+00,7.182269751104924937e-01,7.400385513104035695e+00,0.000000000000000000e+00
-1.042021713773101155e+00,9.023298664268128988e-01,2.057526737700553277e+00,0.000000000000000000e+00
-1.033685805482244868e+00,7.524115892291112218e-01,-5.781260605226057336e+00,1.000000000000000000e+00
-1.028995364855906480e+00,1.317730611515178230e-01,-8.123588765748399609e+00,1.000000000000000000e+00
-1.030954699476360537e+00,-5.852429284143597643e-01,7.217892810968697503e+00,1.000000000000000000e+00
-1.035481973246668908e+00,-2.959743612010953262e-01,7.577327381162803910e+00,1.000000000000000000e+00
-1.037136771435550608e+00,-1.067271834428303381e-02,7.400385513104035695e+00,0.000000000000000000e+00
-1.036096471208332037e+00,2.405250094721062548e-01,1.664765128364673608e+00,1.000000000000000000e+00
-1.034239757103438517e+00,1.205752338658984957e-01,-5.037002563756356466e+00,1.000000000000000000e+00
-1.035421787310636388e+00,-4.019559736949324114e-01,-2.684495333661820471e+00,1.000000000000000000e+00
-1.040973974363484933e+00,-7.372333550915204370e-01,7.400385513104035695e+00,0.000000000000000000e+00
-1.046956170604910419e+00,-4.340059375543905418e-01,7.400385513104035695e+00,0.000000000000000000e+00
-1.050038366094292241e+00,-1.592418452313960620e-01,8.153201771524841490e+00,1.000000000000000000e+00
-1.050277222599848903e+00,1.369360608842935534e-01,4.136660557826545848e+00,1.000000000000000000e+00
-1.048760783694852039e+00,1.692815511458367617e-01,7.400385513104035695e+00,0.000000000000000000e+00
-1.046032226053454028e+00,3.964079171385543332e-01,-4.000165458434490340e-01,1.000000000000000000e+00
-1.043256730481457950e+00,1.363107014655135507e-01,7.400385513104035695e+00,0.000000000000000000e+00
-1.040823768336047506e+00,3.708525469347433989e-01,7.400385513104035695e+00,0.000000000000000000e+00
-1.036119015130763099e+00,5.896603037567452743e-01,7.400385513104035695e+00,0.000000000000000000e+00
-1.029285010829860791e+00,7.959478764087474234e-01,-7.540459795352633776e+00,1.000000000000000000e+00
-1.024685214012806656e+00,6.002162996136058137e-02,-3.228509517220490288e+00,1.000000000000000000e+00
-1.025951019356614591e+00,-3.483425800221912616e-01,7.400385513104035695e+00,0.000000000000000000e+00
-1.028121887080004626e+00,-6.145386218951059965e-02,-9.056725304826063194e-01,1.000000000000000000e+00
-1.029894677433468742e+00,-3.149632487175648698e-01,7.400385513104035695e+00,0.000000000000000000e+00
-1.031759592901321243e+00,-3.411691407281310096e-02,7.400385513104035695e+00,0.000000000000000000e+00
-1.030923595959090111e+00,2.236423019327700712e-01,7.400385513104035695e+00,0.000000000000000000e+00
-1.027598402516127329e+00,4.624709507362158023e-01,7.400385513104035695e+00,0.000000000000000000e+00
-1.021956513055540139e+00,6.860169568705869469e-01,5.709369828782050682e+00,0.000000000000000000e+00
-1.014623056697325554e+00,7.905747908315357009e-01,8.835025809920317386e+00,0.000000000000000000e+00
-1.005346212208735768e+00,1.092424127399287848e+00,8.835025809920317386e+00,0.000000000000000000e+00
-9.931143587716451115e-01,1.380942097639026978e+00,7.773051191999580389e+00,0.000000000000000000e+00
-9.783635747386377757e-01,1.589484876252862167e+00,1.366511834188262053e+00,0.000000000000000000e+00
-9.635214029139326231e-01,1.359847785155822164e+00,2.408686307132756887e+00,1.000000000000000000e+00
-9.505449290216736458e-01,1.224628438876389280e+00,5.386603101000300597e+00,0.000000000000000000e+00
-9.378926300849225184e-01,1.315066168715324446e+00,5.786191242720814643e+00,1.000000000000000000e+00
-9.241993392041963906e-01,1.435624918852977938e+00,7.930374856742991696e+00,1.000000000000000000e+00
-9.085851945603741209e-01,1.713560905367357723e+00,-6.799425177612274496e+00,1.000000000000000000e+00
-8.952382356120243134e-01,8.830754429029066266e-01,-1.493363349028073994e+00,1.000000000000000000e+00
-8.880865913873144946e-01,5.155886645804282908e-01,-7.632482936491635783e-01,1.000000000000000000e+00
-8.842209593432523995e-01,2.332560495261610523e-01,5.386603101000300597e+00,0.000000000000000000e+00
-8.809272024902071729e-01,4.440193552642390240e-01,4.227673236103135501e-01,1.000000000000000000e+00
-8.773326455984188366e-01,2.590707102185889066e-01,5.386603101000300597e+00,0.000000000000000000e+00
-8.737695341874009980e-01,4.723188352215464958e-01,5.386603101000300597e+00,0.000000000000000000e+00
-8.681399147176609432e-01,6.713799806877178700e-01,-2.915893098220028179e+00,1.000000000000000000e+00
-8.635328734633046510e-01,2.101806228793534348e-01,-5.878403449607794151e+00,1.000000000000000000e+00
-8.644297239721183690e-01,-4.460775369706558857e-01,7.773051191999580389e+00,0.000000000000000000e+00
-8.667752475631144149e-01,1.645877946485194143e-02,7.773051191999580389e+00,0.000000000000000000e+00
-8.646694966733845522e-01,4.416213478034515805e-01,5.386603101000300597e+00,0.000000000000000000e+00
-8.593089047623501120e-01,6.489523956730043341e-01,5.804475299697844370e+00,1.000000000000000000e+00
-8.517831225834425757e-01,8.767056609525080146e-01,5.386603101000300597e+00,0.000000000000000000e+00
-8.421899112380728525e-01,1.058671241549429709e+00,7.516843771268375107e+00,1.000000000000000000e+00
-8.300310086889499672e-01,1.404642237738854327e+00,9.289170424159774342e+00,0.000000000000000000e+00
-8.138286099343686741e-01,1.879457725938128432e+00,8.828410184615799849e+00,1.000000000000000000e+00
-7.931493608347184310e-01,2.295529357348392807e+00,9.289170424159774342e+00,0.000000000000000000e+00
-7.681907714045008717e-01,2.738431347762996904e+00,5.837254610788711773e+00,1.000000000000000000e+00
-7.402282807739254400e-01,2.868406639640457279e+00,5.376557134241699565e+00,1.000000000000000000e+00
-7.111180580965577036e-01,2.964995437371477305e+00,-1.422266536512707402e+00,0.000000000000000000e+00
-6.838498704976254672e-01,2.444075995544566116e+00,9.797044057391131489e+00,1.000000000000000000e+00
-6.567798118829401011e-01,3.024171018543091449e+00,-4.788856353890151851e+00,1.000000000000000000e+00
-6.303980390340951923e-01,2.178571286045404953e+00,-6.800294754853353218e-01,1.000000000000000000e+00
-6.103455646809459179e-01,1.799775658520179178e+00,8.375825868981747746e+00,0.000000000000000000e+00
-5.898318853546490326e-01,2.353338802051150314e+00,-9.879149637693163122e-01,1.000000000000000000e+00
-5.682095011926855399e-01,1.935630368726459327e+00,4.553057318752444793e+00,0.000000000000000000e+00
-5.480201675951374973e-01,2.119808409794408544e+00,8.890374356939707567e+00,0.000000000000000000e+00
-5.239657123381019632e-01,2.748324073521668076e+00,5.837236655822481524e+00,1.000000000000000000e+00
-4.952303722394897911e-01,3.037814720976147687e+00,8.202117188929509695e+00,1.000000000000000000e+00
-4.618928912249432028e-01,3.694608929430469590e+00,1.067178816683698184e+00,0.000000000000000000e+00
-4.255741626594365390e-01,3.558102265558717114e+00,-6.450848355289768854e+00,1.000000000000000000e+00
-3.943757235558378316e-01,2.591029632426481655e+00,-5.096407767271906586e+00,1.000000000000000000e+00
-3.719827405768444950e-01,1.815294595778207620e+00,-3.203658131674329557e+00,1.000000000000000000e+00
-3.562212686005326590e-01,1.288144425773936064e+00,-5.419681136057175053e+00,1.000000000000000000e+00
-3.467846627373836754e-01,5.284341423276910366e-01,3.289862986774134246e+00,0.000000000000000000e+00
-3.402451568540082461e-01,8.056719384905312031e-01,8.466425148034113946e+00,0.000000000000000000e+00
-3.282552147534908427e-01,1.674303811814842113e+00,4.819511520871044397e+00,1.000000000000000000e+00
-3.096274100354774461e-01,2.091376932309379377e+00,6.149073199363676245e+00,0.000000000000000000e+00
-2.861635245731611321e-01,2.655712359141552792e+00,7.574713353690953888e-01,1.000000000000000000e+00
-2.599941573811194173e-01,2.571448320289488443e+00,6.149073199363676245e+00,0.000000000000000000e+00
-2.317173737666917976e-01,3.138696773270172269e+00,5.820604894626953296e+00,1.000000000000000000e+00
-1.979959619254777203e-01,3.655936044573679489e+00,-9.628663256528180447e-01,0.000000000000000000e+00
-1.628448314633758887e-01,3.346783794140927082e+00,-9.628663256528180447e-01,0.000000000000000000e+00
-1.306941483852203656e-01,3.057628069632989831e+00,-9.628663256528180447e-01,0.000000000000000000e+00
-1.013498329507455942e-01,2.787169485589889639e+00,4.918390295747762764e+00,1.000000000000000000e+00
-7.137292046237730947e-02,3.253058699993970126e+00,5.305519420653146412e+00,1.000000000000000000e+00
-3.656797099802824164e-02,3.756407997340052152e+00,-2.242554080596717014e+00,1.000000000000000000e+00
-9.766150416111295945e-04,3.322916671633980634e+00,-4.566150145669338301e+00,0.000000000000000000e+00
2.910465565819900235e-02,2.630097677281153512e+00,-9.469337624009208199e+00,1.000000000000000000e+00
4.969232174701751492e-02,1.371242465204013383e+00,-2.269567774069289889e+00,0.000000000000000000e+00
6.194770547705008568e-02,1.050504291655359967e+00,-2.269567774069289889e+00,0.000000000000000000e+00
7.106844130482078969e-02,7.456621850681047770e-01,0.000000000000000000e+00,0.000000000000000000e+00
7.846638090942345545e-02,7.330505416407149255e-01,-1.733046145695391616e+00,1.000000000000000000e+00
8.478746391023946061e-02,5.107453394174923389e-01,0.000000000000000000e+00,0.000000000000000000e+00
8.989403022889744244e-02,5.107769325332602861e-01,6.302881428358199756e+00,1.000000000000000000e+00
9.849840171268314792e-02,1.282152719707764676e+00,-4.925235744551850203e+00,1.000000000000000000e+00
1.084670582404841516e-01,6.535728321092511006e-01,-8.222841852248844674e+00,1.000000000000000000e+00
1.104541948972222187e-01,-3.493860065075158894e-01,-1.775498195239963550e+00,0.000000000000000000e+00
1.061624130362592844e-01,-5.255601825890234835e-01,5.319428544355055521e+00,1.000000000000000000e+00
1.040614842980998045e-01,1.700754302546421959e-01,-6.807415371105804525e+00,1.000000000000000000e+00
1.020776121181483365e-01,-6.426064131499318322e-01,-3.615679784531753427e+00,1.000000000000000000e+00
9.387844573841196139e-02,-1.034056852140199156e+00,-1.464100127668192197e+00,0.000000000000000000e+00
8.301767304186409568e-02,-1.149292357924497132e+00,-1.464100127668192197e+00,0.000000000000000000e+00
7.101300482845657180e-02,-1.262712557664491309e+00,-3.046606154898960916e+00,1.000000000000000000e+00
5.700260774290850929e-02,-1.568451306834831582e+00,-4.192115085235639249e+00,1.000000000000000000e+00
3.933744376536479903e-02,-2.006113045554065444e+00,6.969106443961342379e+00,0.000000000000000000e+00
2.356038607543285354e-02,-1.061971869880348418e+00,-9.365252766110206295e+00,1.000000000000000000e+00
7.950847562979885402e-03,-2.163125450690515983e+00,5.662722989385134298e+00,1.000000000000000000e+00
-1.012642474415337800e-02,-1.380177015278641672e+00,-6.090800926476611643e+00,1.000000000000000000e+00
-2.707561933904680668e-02,-2.074993139720822111e+00,6.969106443961342379e+00,0.000000000000000000e+00
-4.360102633143211198e-02,-1.144193643509904490e+00,5.233559632112088522e+00,1.000000000000000000e+00
-5.197302977306965388e-02,-4.676064171293683458e-01,0.000000000000000000e+00,0.000000000000000000e+00
-5.662038706303865188e-02,-4.614829779358833317e-01,0.000000000000000000e+00,0.000000000000000000e+00
-6.121268767898604274e-02,-4.567193977336818644e-01,0.000000000000000000e+00,0.000000000000000000e+00
-6.576322070953678767e-02,-4.532480123812878126e-01,0.000000000000000000e+00,0.000000000000000000e+00
-7.028462535383382670e-02,-4.510070279275862348e-01,-5.586478759782251835e+00,1.000000000000000000e+00
-7.788901980872688091e-02,-1.133667136916599816e+00,-2.305645486317924320e+00,1.000000000000000000e+00
-9.038214793253770973e-02,-1.389201705663114739e+00,6.969106443961342379e+00,0.000000000000000000e+00
-1.002586848000986824e-01,-5.042653937435402911e-01,6.969106443961342379e+00,0.000000000000000000e+00
-1.014609485303735459e-01,3.425739744703368839e-01,3.584815798099392214e+00,0.000000000000000000e+00
-9.622378701282476021e-02,7.423192174529064102e-01,2.075140874240106736e+00,1.000000000000000000e+00
-8.789146102689514295e-02,9.432164529207722747e-01,0.000000000000000000e+00,0.000000000000000000e+00
-7.872719486175489001e-02,8.845448913437856664e-01,0.000000000000000000e+00,0.000000000000000000e+00
-7.012897364605795436e-02,8.304068961227857315e-01,-1.824015805874379392e+00,1.000000000000000000e+00
-6.306535648839292629e-02,5.571457190387392178e-01,-1.048737453231416428e+00,1.000000000000000000e+00
-5.824669088855968790e-02,3.913408104675973331e-01,6.367947607122756537e+00,1.000000000000000000e+00
-5.093105849049779643e-02,1.142013044135754329e+00,4.802857038037706694e+00,1.000000000000000000e+00
-3.710583063760303224e-02,1.673091157086447511e+00,-2.269567774069289889e+00,0.000000000000000000e+00
-2.198277916568876222e-02,1.319162211256496686e+00,-7.050464373461771572e+00,1.000000000000000000e+00
-1.297779806736292993e-02,3.962607629988234015e-01,0.000000000000000000e+00,0.000000000000000000e+00
-9.101673077986370194e-03,3.773619209739562663e-01,-9.197594840142183870e+00,1.000000000000000000e+00
-1.052383399129815968e-02,-7.685217661736379879e-01,0.000000000000000000e+00,0.000000000000000000e+00
-1.808024563522954084e-02,-7.404537357460837521e-01,-4.188981353676421548e+00,1.000000000000000000e+00
-2.769943236294054867e-02,-1.229258528131849104e+00,6.969106443961342379e+00,0.000000000000000000e+00
-3.592233046339629587e-02,-3.321840915553561646e-01,3.101072798304573830e+00,1.000000000000000000e+00
-3.749854711182096928e-02,5.270229318921239303e-02,-8.690033421860041685e+00,1.000000000000000000e+00
-4.185333619182755177e-02,-1.024045230500442161e+00,-4.721687248232289136e+00,1.000000000000000000e+00
-5.457679031099708228e-02,-1.572124200104862091e+00,6.969106443961342379e+00,0.000000000000000000e+00
-6.619983453783157001e-02,-6.689850118535249912e-01,-5.705017237272231867e+00,1.000000000000000000e+00
-7.600633023197360394e-02,-1.356647229335044225e+00,6.969106443961342379e+00,0.000000000000000000e+00
-8.554280459847005136e-02,-4.684667547471855764e-01,0.000000000000000000e+00,0.000000000000000000e+00
-9.023512341776465662e-02,-4.703628613848521156e-01,3.933788857474844747e+00,1.000000000000000000e+00
-9.277166516036110255e-02,7.407830815666406610e-03,-7.684387837704907298e+00,1.000000000000000000e+00
-9.705667532300478462e-02,-9.540267243226316918e-01,0.000000000000000000e+00,0.000000000000000000e+00
-1.065284571136150826e-01,-9.393445570530333244e-01,-4.563742211513089231e+00,1.000000000000000000e+00
-1.183902878572546946e-01,-1.484088123337993670e+00,2.580431264222755594e+00,1.000000000000000000e+00
-1.316641065198701499e-01,-1.139191296572481749e+00,8.403995746728968541e+00,0.000000000000000000e+00
-1.383576357785618882e-01,-1.035418046657688856e-01,-8.258382690248790681e+00,1.000000000000000000e+00
-1.440747673376160110e-01,-1.136112621460343419e+00,8.403995746728968541e+00,0.000000000000000000e+00
-1.507595895892824278e-01,-1.053480307534858940e-01,8.403995746728968541e+00,0.000000000000000000e+00
-1.473348825443684951e-01,8.824591142100772778e-01,-7.807822770045076410e+00,1.000000000000000000e+00
-1.431295499935128224e-01,-1.361580043972658305e-01,-9.538297820306201658e+00,1.000000000000000000e+00
-1.498735562104540064e-01,-1.323244681352746310e+00,-7.582066196072387854e+00,1.000000000000000000e+00
-1.671957386708045334e-01,-2.225458946968114304e+00,9.525963042362066702e+00,0.000000000000000000e+00
-1.840044121206373950e-01,-1.025872407357053984e+00,8.403995746728968541e+00,0.000000000000000000e+00
-1.896806033137809211e-01,-1.575799575544863107e-02,8.403995746728968541e+00,0.000000000000000000e+00
-1.854487701772485064e-01,9.525570588650947856e-01,1.690967384858070854e+00,0.000000000000000000e+00
-1.753730886166501579e-01,1.074384840822473208e+00,-5.473591098689565726e+00,1.000000000000000000e+00
-1.680155483963313989e-01,3.277636352162138778e-01,3.584815798099392214e+00,0.000000000000000000e+00
-1.630133993667314263e-01,7.083546935499752673e-01,1.914945294211700677e+00,1.000000000000000000e+00
-1.551845426558743635e-01,8.731163485017355841e-01,2.185682345338442190e+00,1.000000000000000000e+00
-1.455794669123340601e-01,1.066335031289500801e+00,1.690967384858070854e+00,0.000000000000000000e+00
-1.343377562615031551e-01,1.194437978315426196e+00,-2.269567774069289889e+00,0.000000000000000000e+00
-1.240093016450886237e-01,8.384663575300973504e-01,-2.269567774069289889e+00,0.000000000000000000e+00
-1.171659038402409619e-01,4.988317882014180471e-01,3.584815798099392214e+00,0.000000000000000000e+00
-1.104150031085756184e-01,8.878937284182768508e-01,-2.269567774069289889e+00,0.000000000000000000e+00
-1.030736185281945910e-01,5.491028359629470668e-01,3.584815798099392214e+00,0.000000000000000000e+00
-9.581083441530879874e-02,9.402074025716752326e-01,0.000000000000000000e+00,0.000000000000000000e+00
-8.668471075464034836e-02,8.797581567352473764e-01,0.000000000000000000e+00,0.000000000000000000e+00
-7.814213242863973785e-02,8.239027072641001981e-01,0.000000000000000000e+00,0.000000000000000000e+00
-7.013862715442398255e-02,7.723197261758149024e-01,4.352031084304424091e+00,1.000000000000000000e+00
-6.021711426890768992e-02,1.257618225291245784e+00,-9.286462336766543757e+00,1.000000000000000000e+00
-5.309420065367201347e-02,5.523826944738595424e-02,0.000000000000000000e+00,0.000000000000000000e+00
-5.260977114631061602e-02,4.027420597904410315e-02,1.817828865231996271e+00,1.000000000000000000e+00
-5.126174625153054332e-02,2.487996037723120279e-01,2.839648968439834054e+00,1.000000000000000000e+00
-4.729718590353713253e-02,5.746144042275003194e-01,0.000000000000000000e+00,0.000000000000000000e+00
-4.170748702820503001e-02,5.403630707113702414e-01,0.000000000000000000e+00,0.000000000000000000e+00
-3.644795965115463221e-02,5.088187956911325305e-01,2.190708768562483755e+00,1.000000000000000000e+00
-3.027431156836593584e-02,7.484803764734767606e-01,-9.186624006295765810e+00,1.000000000000000000e+00
-2.806807526324412924e-02,-4.155166521037935157e-01,0.000000000000000000e+00,0.000000000000000000e+00
-3.217799847990258227e-02,-4.057226637881466980e-01,7.692577612030886414e+00,1.000000000000000000e+00
-3.191871827745613316e-02,5.462040459526941172e-01,0.000000000000000000e+00,0.000000000000000000e+00
-2.659117976751019380e-02,5.167802727629062787e-01,-5.380798118803857832e+00,1.000000000000000000e+00
-2.453937961835931172e-02,-1.703054380677280766e-01,9.215927365748248334e+00,1.000000000000000000e+00
-2.111227359641646220e-02,9.612125817236245595e-01,6.210729857344581717e+00,1.000000000000000000e+00
-8.243811046474579587e-03,1.679932755222631080e+00,-7.763435735465540333e-01,1.000000000000000000e+00
7.807962036588718055e-03,1.515791760978219438e+00,-2.269567774069289889e+00,0.000000000000000000e+00
2.143510799849850795e-02,1.178830399906898529e+00,-2.269567774069289889e+00,0.000000000000000000e+00
3.176929280612993123e-02,8.586301460412224529e-01,0.000000000000000000e+00,0.000000000000000000e+00
4.023350092679425088e-02,8.320827972670760131e-01,0.000000000000000000e+00,0.000000000000000000e+00
4.844630453550061860e-02,8.086267264065457594e-01,0.000000000000000000e+00,0.000000000000000000e+00
5.643777508159449757e-02,7.880777239985672367e-01,0.000000000000000000e+00,0.000000000000000000e+00
6.423620799137981507e-02,7.702660736673399011e-01,0.000000000000000000e+00,0.000000000000000000e+00
7.186826305197067943e-02,7.550355548826167551e-01,0.000000000000000000e+00,0.000000000000000000e+00
7.935909514039565793e-02,7.422425154822347437e-01,0.000000000000000000e+00,0.000000000000000000e+00
8.673247597552245780e-02,7.317550095313395397e-01,0.000000000000000000e+00,0.000000000000000000e+00
9.401090752690452468e-02,7.234519962712773200e-01,0.000000000000000000e+00,0.000000000000000000e+00
1.012157276730382832e-01,7.172225961037876907e-01,-9.628552047448279083e+00,0.000000000000000000e+00
1.030384388521725508e-01,-4.623674819466795372e-01,-1.775498195239963550e+00,0.000000000000000000e+00
9.762862240080172338e-02,-6.359968369279765943e-01,0.000000000000000000e+00,0.000000000000000000e+00
9.149104509621182324e-02,-5.872259848286097705e-01,0.000000000000000000e+00,0.000000000000000000e+00
8.582560947083703318e-02,-5.418672227434463418e-01,0.000000000000000000e+00,0.000000000000000000e+00
8.059932697313232364e-02,-4.996722628977205427e-01,0.000000000000000000e+00,0.000000000000000000e+00
7.578161166570877849e-02,-4.604104195580170922e-01,0.000000000000000000e+00,0.000000000000000000e+00
7.134410983534414386e-02,-4.238673732087114843e-01,0.000000000000000000e+00,0.000000000000000000e+00
6.726054158998628907e-02,-3.898440164133777364e-01,0.000000000000000000e+00,0.000000000000000000e+00
6.350655364589086194e-02,-3.581553769183230540e-01,0.000000000000000000e+00,0.000000000000000000e+00
6.005958255237521526e-02,-3.286296135866351165e-01,0.000000000000000000e+00,0.000000000000000000e+00
5.689872764543656841e-02,-3.011070808376079544e-01,0.000000000000000000e+00,0.000000000000000000e+00
5.400463306419242548e-02,-2.754394573927512191e-01,0.000000000000000000e+00,0.000000000000000000e+00
5.135937820541431470e-02,-2.514889352837585967e-01,0.000000000000000000e+00,0.000000000000000000e+00
4.894637603110717217e-02,-2.291274652504581844e-01,0.000000000000000000e+00,0.000000000000000000e+00
4.675027868198562697e-02,-2.082360548406665401e-01,0.000000000000000000e+00,0.000000000000000000e+00
4.475688988572899124e-02,-1.887041157134837499e-01,0.000000000000000000e+00,0.000000000000000000e+00
4.295308368302083041e-02,-1.704288568386995995e-01,0.000000000000000000e+00,0.000000000000000000e+00
4.132672902659725173e-02,-1.533147204744900738e-01,0.000000000000000000e+00,0.000000000000000000e+00
3.986661983886711363e-02,-1.372728579911591251e-01,0.000000000000000000e+00,0.000000000000000000e+00
3.856241014217473562e-02,-1.222206427886593644e-01,0.000000000000000000e+00,0.000000000000000000e+00
3.740455390251293255e-02,-1.080812177288568987e-01,0.000000000000000000e+00,0.000000000000000000e+00
3.638424925253221781e-02,-9.478307466922951396e-02,0.000000000000000000e+00,0.000000000000000000e+00
3.549338678310864914e-02,-8.225966384244963459e-02,0.000000000000000000e+00,0.000000000000000000e+00
3.472450161460848006e-02,-7.044903097587891516e-02,0.000000000000000000e+00,0.000000000000000000e+00
3.407072897940426059e-02,-5.929348018634401918e-02,0.000000000000000000e+00,0.000000000000000000e+00
3.352576306623800823e-02,-4.873926081875531308e-02,0.000000000000000000e+00,0.000000000000000000e+00
3.308381889477063353e-02,-3.873627652235066970e-02,0.000000000000000000e+00,0.000000000000000000e+00
3.273959700518486171e-02,-2.923781497584465941e-02,0.000000000000000000e+00,0.000000000000000000e+00
3.248825076309404258e-02,-2.020029678283376609e-02,0.000000000000000000e+00,0.000000000000000000e+00
3.232535609432710816e-02,-1.158304216177754968e-02,0.000000000000000000e+00,0.000000000000000000e+00
3.224688347747811656e-02,-3.348054151088568353e-03,0.000000000000000000e+00,0.000000000000000000e+00
3.224917203449438607e-02,4.540182860325962626e-03,0.000000000000000000e+00,0.000000000000000000e+00
3.232890557109184548e-02,1.211489038296600235e-02,0.000000000000000000e+00,0.000000000000000000e+00
3.248309042948947789e-02,1.940716988491529224e-02,0.000000000000000000e+00,0.000000000000000000e+00
3.270903502590145201e-02,2.644616461341539257e-02,0.000000000000000000e+00,0.000000000000000000e+00
3.300433095446837772e-02,3.325921006727519669e-02,0.000000000000000000e+00,0.000000000000000000e+00
3.336683554789604544e-02,3.987197394457494409e-02,0.000000000000000000e+00,0.000000000000000000e+00
3.379465579304767597e-02,4.630858633154567167e-02,0.000000000000000000e+00,0.000000000000000000e+00
3.428613350714625890e-02,5.259176084403893725e-02,0.000000000000000000e+00,0.000000000000000000e+00
3.483983168712644768e-02,5.874290738237252646e-02,0.000000000000000000e+00,0.000000000000000000e+00
3.545452195106919835e-02,6.478223711328764955e-02,0.000000000000000000e+00,0.000000000000000000e+00
3.612917299658989501e-02,7.072886024903646263e-02,0.000000000000000000e+00,0.000000000000000000e+00
3.686294000656614028e-02,7.660087715300788191e-02,0.000000000000000000e+00,0.000000000000000000e+00
3.765515493771288275e-02,8.241546326357745977e-02,0.000000000000000000e+00,0.000000000000000000e+00
3.850531763227009463e-02,8.818894829283353831e-02,0.000000000000000000e+00,0.000000000000000000e+00
3.941308769748610302e-02,9.393689012429719265e-02,0.000000000000000000e+00,0.000000000000000000e+00
4.037827710168300638e-02,9.967414380354117087e-02,0.000000000000000000e+00,0.000000000000000000e+00
4.140084343950197615e-02,1.054149259875595268e-01,0.000000000000000000e+00,0.000000000000000000e+00
4.248088382246552330e-02,1.111728751926883002e-01,0.000000000000000000e+00,0.000000000000000000e+00
4.361862935428199861e-02,1.169611081566893640e-01,0.000000000000000000e+00,0.000000000000000000e+00
4.481444015337067432e-02,1.227922726081441679e-01,0.000000000000000000e+00,0.000000000000000000e+00
4.606880088792258271e-02,1.286785967154442656e-01,0.000000000000000000e+00,0.000000000000000000e+00
4.738231679144650627e-02,1.346319354682870562e-01,0.000000000000000000e+00,0.000000000000000000e+00
4.875571012919659164e-02,1.406638142265867475e-01,0.000000000000000000e+00,0.000000000000000000e+00
5.018981708815082460e-02,1.467854696549834026e-01,0.000000000000000000e+00,0.000000000000000000e+00
5.168558506532063002e-02,1.530078882455916389e-01,0.000000000000000000e+00,0.000000000000000000e+00
5.324407033113228577e-02,1.593418426171762381e-01,0.000000000000000000e+00,0.000000000000000000e+00
5.486643604644159816e-02,1.657979257655035343e-01,0.000000000000000000e+00,0.000000000000000000e+00
5.655395061343338609e-02,1.723865834271080533e-01,0.000000000000000000e+00,0.000000000000000000e+00
5.830798634222719712e-02,1.791181447070683830e-01,0.000000000000000000e+00,0.000000000000000000e+00
6.013001841646652829e-02,1.860028511105344395e-01,0.000000000000000000e+00,0.000000000000000000e+00
6.202162414252063855e-02,1.930508841076278015e-01,0.000000000000000000e+00,0.000000000000000000e+00
6.398448246818083662e-02,2.002723913518856813e-01,0.000000000000000000e+00,0.000000000000000000e+00
6.602037375789489293e-02,2.076775116635885821e-01,0.000000000000000000e+00,0.000000000000000000e+00
6.813117981265870426e-02,2.152763988810394158e-01,0.000000000000000000e+00,0.000000000000000000e+00
7.031888412367985619e-02,2.230792446751054536e-01,0.000000000000000000e+00,0.000000000000000000e+00
7.258557234984770734e-02,2.310963004150460853e-01,0.000000000000000000e+00,0.000000000000000000e+00
7.493343300989349642e-02,2.393378981667786676e-01,0.000000000000000000e+00,0.000000000000000000e+00
7.736475838090610402e-02,2.478144708982469580e-01,0.000000000000000000e+00,0.000000000000000000e+00
7.988194559558757513e-02,2.565365719604028039e-01,0.000000000000000000e+00,0.000000000000000000e+00
8.248749793129131480e-02,2.655148939064598812e-01,0.000000000000000000e+00,0.000000000000000000e+00
8.518402628448738800e-02,2.747602867064836141e-01,0.000000000000000000e+00,0.000000000000000000e+00
8.797425082484419678e-02,2.842837754090107305e-01,0.000000000000000000e+00,0.000000000000000000e+00
9.086100282361160574e-02,2.940965772962075842e-01,0.000000000000000000e+00,0.000000000000000000e+00
9.384722665143079012e-02,3.042101185740451741e-01,0.000000000000000000e+00,0.000000000000000000e+00
9.693598194108969668e-02,3.146360506340458718e-01,0.000000000000000000e+00,0.000000000000000000e+00
1.001304459110868156e-01,3.253862659183226480e-01,4.731672502803263569e-02,0.000000000000000000e+00
1.034601067286737147e-01,3.422495717465317000e-01,-9.628552047448279083e+00,0.000000000000000000e+00
1.016046602299354451e-01,-8.218030860085924205e-01,-1.464100127668192197e+00,0.000000000000000000e+00
9.283670708490006362e-02,-9.434951783320819629e-01,0.000000000000000000e+00,0.000000000000000000e+00
8.367507633376373988e-02,-8.836274672895337856e-01,0.000000000000000000e+00,0.000000000000000000e+00
7.509124058846103345e-02,-8.283394552065880267e-01,0.000000000000000000e+00,0.000000000000000000e+00
6.704086005907994306e-02,-7.773116808442410708e-01,0.000000000000000000e+00,0.000000000000000000e+00
5.948268486703694319e-02,-7.302476527808384743e-01,0.000000000000000000e+00,0.000000000000000000e+00
5.237833249572973471e-02,-6.868722790850591009e-01,0.000000000000000000e+00,0.000000000000000000e+00
4.569208050033684437e-02,-6.469303950081665144e-01,0.000000000000000000e+00,0.000000000000000000e+00
3.939067351381599774e-02,-6.101853847832043876e-01,0.000000000000000000e+00,0.000000000000000000e+00
3.344314362698887211e-02,-5.764178932695253055e-01,0.000000000000000000e+00,0.000000000000000000e+00
2.782064326421723743e-02,-5.454246229828421111e-01,0.000000000000000000e+00,0.000000000000000000e+00
2.249628972122830195e-02,-5.170172119681240019e-01,0.000000000000000000e+00,0.000000000000000000e+00
1.744502057711767515e-02,-4.910211879767763521e-01,0.000000000000000000e+00,0.000000000000000000e+00
1.264345923767951595e-02,-4.672749944782903508e-01,0.000000000000000000e+00,0.000000000000000000e+00
8.069789911423564180e-03,-4.456290841523293245e-01,0.000000000000000000e+00,0.000000000000000000e+00
3.703641362530720859e-03,-4.259450756562455087e-01,0.000000000000000000e+00,0.000000000000000000e+00
-4.740211737080811567e-04,-4.080949696346110045e-01,0.000000000000000000e+00,0.000000000000000000e+00
-4.480996487918356003e-03,-3.919604201231605689e-01,0.000000000000000000e+00,0.000000000000000000e+00
-8.333940843473722909e-03,-3.774320576932440607e-01,0.000000000000000000e+00,0.000000000000000000e+00
-1.204845487481804450e-02,-3.644088608796122175e-01,0.000000000000000000e+00,0.000000000000000000e+00
-1.563916440527579263e-02,-3.527975726304675708e-01,0.000000000000000000e+00,0.000000000000000000e+00
-1.911979562060899321e-02,-3.425121587115211863e-01,0.000000000000000000e+00,0.000000000000000000e+00
-2.250324500474538622e-02,-3.334733051833355666e-01,0.000000000000000000e+00,0.000000000000000000e+00
-2.580164441611534215e-02,-3.256079522521482805e-01,0.000000000000000000e+00,0.000000000000000000e+00
-2.902642165682356098e-02,-3.188488619677262714e-01,0.000000000000000000e+00,0.000000000000000000e+00
-3.218835686236743571e-02,-3.131342174070315121e-01,0.000000000000000000e+00,0.000000000000000000e+00
-3.529763501671457498e-02,-3.084072511392632054e-01,0.000000000000000000e+00,0.000000000000000000e+00
-3.836389487618145633e-02,-3.046159009160900877e-01,0.000000000000000000e+00,0.000000000000000000e+00
-4.139627456562941510e-02,-3.017124906706222798e-01,0.000000000000000000e+00,0.000000000000000000e+00
-4.440345409192750920e-02,-2.996534350400681945e-01,0.000000000000000000e+00,0.000000000000000000e+00
-4.739369500234272975e-02,-2.983989657502995052e-01,0.000000000000000000e+00,0.000000000000000000e+00
-5.037487739942604625e-02,-2.979128783160015503e-01,0.000000000000000000e+00,0.000000000000000000e+00
-5.335453450899154543e-02,-2.981622976180487994e-01,0.000000000000000000e+00,0.000000000000000000e+00
-5.633988498386145044e-02,-2.991174610205533102e-01,0.000000000000000000e+00,0.000000000000000000e+00
-5.933786311310320499e-02,-3.007515177840607290e-01,0.000000000000000000e+00,0.000000000000000000e+00
-6.235514709444858750e-02,-3.030403436189697541e-01,0.000000000000000000e+00,0.000000000000000000e+00
-6.539818551639751953e-02,-3.059623693047860415e-01,0.000000000000000000e+00,0.000000000000000000e+00
-6.847322218611114064e-02,-3.094984223766489850e-01,0.000000000000000000e+00,0.000000000000000000e+00
-7.158631942953437577e-02,-3.136315809510177854e-01,0.000000000000000000e+00,0.000000000000000000e+00
-7.474337998120528237e-02,-3.183470388278104579e-01,0.000000000000000000e+00,0.000000000000000000e+00
-7.795016757285855302e-02,-3.236319810669562869e-01,0.000000000000000000e+00,0.000000000000000000e+00
-8.121232632216664193e-02,-3.294754692935477625e-01,0.000000000000000000e+00,0.000000000000000000e+00
-8.453539901574071147e-02,-3.358683360378407756e-01,0.000000000000000000e+00,0.000000000000000000e+00
-8.792484437379737006e-02,-3.428030874645038861e-01,0.000000000000000000e+00,0.000000000000000000e+00
-9.138605337764281467e-02,-3.502738138900107212e-01,0.000000000000000000e+00,0.000000000000000000e+00
-9.492436473530321828e-02,-3.582761075281279406e-01,0.000000000000000000e+00,0.000000000000000000e+00
-9.854507955520259987e-02,-3.668069869412740602e-01,0.000000000000000000e+00,0.000000000000000000e+00
-1.022534752927257429e-01,-3.758648277103233126e-01,6.969106443961342379e+00,0.000000000000000000e+00
-1.021979894181843651e-01,4.652603514140832841e-01,3.584815798099392214e+00,0.000000000000000000e+00
-9.575724293069991233e-02,8.599352886040307897e-01,0.000000000000000000e+00,0.000000000000000000e+00
-8.741912884031241560e-02,8.026953166512758031e-01,0.000000000000000000e+00,0.000000000000000000e+00
-7.963390951228935255e-02,7.497324172004908860e-01,0.000000000000000000e+00,0.000000000000000000e+00
-7.236018984401908216e-02,7.007449991885718044e-01,0.000000000000000000e+00,0.000000000000000000e+00
-6.555949215622487725e-02,6.554530760519649002e-01,0.000000000000000000e+00,0.000000000000000000e+00
-5.919604692072274327e-02,6.135967783322781033e-01,0.000000000000000000e+00,0.000000000000000000e+00
-5.323659793419336511e-02,5.749349606435987248e-01,0.000000000000000000e+00,0.000000000000000000e+00
-4.765022101283587080e-02,5.392438988388987831e-01,0.000000000000000000e+00,0.000000000000000000e+00
-4.240815532553650347e-02,5.063160729852260733e-01,0.000000000000000000e+00,0.000000000000000000e+00
-3.748364652765206334e-02,4.759590316513178654e-01,0.000000000000000000e+00,0.000000000000000000e+00
-3.285180090260066132e-02,4.479943329972591037e-01,0.000000000000000000e+00,0.000000000000000000e+00
-2.848944976335829674e-02,4.222565582104790827e-01,0.000000000000000000e+00,0.000000000000000000e+00
