-5.531834040368513783e+00,-4.136566209609529032e+00,-1.438858306501387130e+00,1.000000000000000000e+00
-5.572288043474378227e+00,-3.937749920022971750e+00,6.386613825545799372e+00,1.000000000000000000e+00
-5.607516844129105671e+00,-3.020721242296094289e+00,7.037858166237523250e+00,1.000000000000000000e+00
-5.633415049211818015e+00,-2.068761632019689767e+00,8.050744609629870041e+00,1.000000000000000000e+00
-5.649484217158287080e+00,-1.049008713159154782e+00,0.000000000000000000e+00,0.000000000000000000e+00
-5.659136554772354444e+00,-8.646081641860919875e-01,1.696061754639708319e+00,1.000000000000000000e+00
-5.666220242506565086e+00,-5.201474832109329594e-01,9.585065596298001367e+00,1.000000000000000000e+00
-5.666343465782609279e+00,5.998403732645565256e-01,-4.308221773467748150e+00,1.000000000000000000e+00
-5.661777222969245571e+00,2.844406125444896571e-01,-3.326144001825763752e+00,1.000000000000000000e+00
-5.659853900540853466e+00,8.147297928762951835e-02,7.879886091880301535e+00,1.000000000000000000e+00
-5.654859734898909807e+00,1.002868169122932862e+00,0.000000000000000000e+00,0.000000000000000000e+00
-5.644373719351298391e+00,1.104101734114873556e+00,0.000000000000000000e+00,0.000000000000000000e+00
-5.632884708856725986e+00,1.203308179550268919e+00,5.790668047426099641e+00,1.000000000000000000e+00
-5.617854646586167178e+00,1.863579880023528590e+00,0.000000000000000000e+00,0.000000000000000000e+00
-5.598887033167414984e+00,1.937417096566024899e+00,1.572040855624043942e+00,1.000000000000000000e+00
-5.578503740372504183e+00,2.160195146767014407e+00,0.000000000000000000e+00,0.000000000000000000e+00
-5.556591235955629315e+00,2.229420871543219995e+00,4.548179831087977298e+00,1.000000000000000000e+00
-5.532100418883636905e+00,2.712959580330579268e+00,0.000000000000000000e+00,0.000000000000000000e+00
-5.504724034997610538e+00,2.768267349537826938e+00,0.000000000000000000e+00,0.000000000000000000e+00
-5.476783329442529435e+00,2.826048814985268276e+00,0.000000000000000000e+00,0.000000000000000000e+00
-5.448254180922158518e+00,2.886166747203252392e+00,0.000000000000000000e+00,0.000000000000000000e+00
-5.419113852237910756e+00,2.948481085993755801e+00,0.000000000000000000e+00,0.000000000000000000e+00
-5.389341023664579566e+00,3.012847818511631637e+00,-2.127838483605648534e-01,1.000000000000000000e+00
-5.358989242046726886e+00,3.063043758403103389e+00,0.000000000000000000e+00,0.000000000000000000e+00
-5.328051193477134184e+00,3.131698708983918333e+00,0.000000000000000000e+00,0.000000000000000000e+00
-5.296419534014725983e+00,3.201893267350129690e+00,-4.978579392223911881e+00,1.000000000000000000e+00
-5.265587207439557993e+00,2.943909083488090328e+00,0.000000000000000000e+00,0.000000000000000000e+00
-5.235761809439917869e+00,3.029786718459797079e+00,1.785037653521301948e+00,1.000000000000000000e+00
-5.204587733693919915e+00,3.222593822127076901e+00,0.000000000000000000e+00,0.000000000000000000e+00
-5.171994052075500115e+00,3.304362067710674200e+00,-4.980365224232050636e+00,1.000000000000000000e+00
-5.139788983975237535e+00,3.123361393986470169e+00,-9.295914876543998062e-01,1.000000000000000000e+00
-5.108348947328718026e+00,3.170057687322106688e+00,6.296390443921229263e+00,1.000000000000000000e+00
-5.074903794642614763e+00,3.550918401836028693e+00,8.605419086822529984e-01,1.000000000000000000e+00
-5.038864497329585745e+00,3.667708288007478057e+00,1.759193236408118644e-01,1.000000000000000000e+00
-5.001800947133763664e+00,3.753300317232865169e+00,-7.981526045112317114e+00,1.000000000000000000e+00
-4.965140615382684253e+00,3.567725150699847525e+00,-4.395833108077534135e+00,1.000000000000000000e+00
-4.929655627614124569e+00,3.529153460204775161e+00,0.000000000000000000e+00,0.000000000000000000e+00
-4.893951655399062517e+00,3.620428363147279782e+00,0.000000000000000000e+00,0.000000000000000000e+00
-4.857344467078501538e+00,3.709551017127873163e+00,0.000000000000000000e+00,0.000000000000000000e+00
-4.819856441967795391e+00,3.796327626404849997e+00,6.016212327127147930e+00,1.000000000000000000e+00
-4.781187093661864118e+00,3.946925171634180884e+00,-9.041464185477730453e+00,1.000000000000000000e+00
-4.741653978495948607e+00,3.969230589204353787e+00,8.693193664633273698e+00,1.000000000000000000e+00
-4.701517691887435291e+00,4.059220402546849016e+00,5.590159189830094633e+00,1.000000000000000000e+00
-4.660655843902552498e+00,4.113432381039314301e+00,4.548533370036446755e+00,1.000000000000000000e+00
-4.619354835245381707e+00,4.145793337954759572e+00,3.449068118400178129e-01,0.000000000000000000e+00
-4.577601229408305272e+00,4.210465370907396476e+00,3.449068118400178129e-01,0.000000000000000000e+00
-4.535226581083746211e+00,4.269389632530540268e+00,2.254929905497100595e+00,1.000000000000000000e+00
-4.492488573996531898e+00,4.276591198746011457e+00,-3.234495013712137546e+00,1.000000000000000000e+00
-4.449041779990206891e+00,4.429395175363249670e+00,-8.722672900271401630e+00,0.000000000000000000e+00
-4.403200689788898003e+00,4.778734630611493728e+00,5.759523539544517234e+00,1.000000000000000000e+00
-4.356278758015944774e+00,4.581361899406689808e+00,-8.722672900271401630e+00,0.000000000000000000e+00
-4.308549470595479214e+00,5.011829873304126437e+00,-8.722672900271401630e+00,0.000000000000000000e+00
-4.256396641701922334e+00,5.468946267911737102e+00,-6.510539676073978654e+00,1.000000000000000000e+00
-4.200106946708803690e+00,5.828071435869666139e+00,-5.295428580424692555e+00,1.000000000000000000e+00
-4.140481128139672506e+00,6.129508664442785637e+00,-8.822912844368744345e+00,0.000000000000000000e+00
-4.076691245933946384e+00,6.688629493754469912e+00,-8.822912844368744345e+00,0.000000000000000000e+00
-4.007194787853073592e+00,7.273281903301236362e+00,-4.606623705595811913e+00,1.000000000000000000e+00
-3.933295759261659974e+00,7.533980149743993771e+00,-8.894009315154388418e+00,1.000000000000000000e+00
-3.855045885958574114e+00,8.184062673634155516e+00,2.210610684762708278e+00,0.000000000000000000e+00
-3.774974395447120656e+00,7.788580558832632228e+00,5.045942681370512162e+00,1.000000000000000000e+00
-3.700201610018326814e+00,7.094411327389699373e+00,-8.939594351245021997e+00,0.000000000000000000e+00
-3.625746432587293899e+00,7.873427284066067955e+00,-8.939594351245021997e+00,0.000000000000000000e+00
-3.543536123234586110e+00,8.643929840912685236e+00,-5.192099556463638521e+00,1.000000000000000000e+00
-3.455613456060465882e+00,8.971080211246768243e+00,3.260952746612606479e+00,1.000000000000000000e+00
-3.368991913029133034e+00,8.284302867950621874e+00,-8.593107247685116690e+00,1.000000000000000000e+00
-3.282783768862729268e+00,9.025816664152866764e+00,-1.067673626157800726e+01,0.000000000000000000e+00
-3.188174627570561803e+00,9.983435838262732176e+00,8.949231993169437516e+00,1.000000000000000000e+00
-3.095145340505801812e+00,8.478423597608951923e+00,-9.105191989601724600e+00,0.000000000000000000e+00
-3.006956967154233329e+00,9.223682407766657931e+00,-4.921837532168309437e+00,1.000000000000000000e+00
-2.913900840800639269e+00,9.398448363326084021e+00,-6.786660303451066412e+00,0.000000000000000000e+00
-2.818277645823816346e+00,9.751786694875459460e+00,-4.468299979261023402e+00,1.000000000000000000e+00
-2.720606353467356797e+00,9.777981176146115061e+00,-7.742426197480822836e-01,1.000000000000000000e+00
-2.624722549759963108e+00,9.355250711502023364e+00,-6.136805240968024044e-01,1.000000000000000000e+00
-2.533174409707153352e+00,8.909063765803685087e+00,-7.890720811510516519e+00,1.000000000000000000e+00
-2.442840175387193558e+00,9.170306321678770800e+00,-1.772023759031662316e+00,1.000000000000000000e+00
-2.352820020677795387e+00,8.793736742989004540e+00,-9.973266309228103310e+00,1.000000000000000000e+00
-2.263489964949195965e+00,9.083237457967319628e+00,5.869768855655266293e-03,1.000000000000000000e+00
-2.175199315493523411e+00,8.520307838322766614e+00,-5.226843685600444545e+00,0.000000000000000000e+00
-2.090889742501566673e+00,8.312752288384793076e+00,-9.265853164711861822e+00,0.000000000000000000e+00
-2.007800467421589907e+00,8.287051175487253118e+00,-5.619572276956452228e+00,1.000000000000000000e+00
-1.927409337874774975e+00,7.699772736683053509e+00,-4.787637834277269633e+00,0.000000000000000000e+00
-1.853384660726684618e+00,7.040380455537634141e+00,-6.304854631863536341e+00,1.000000000000000000e+00
-1.785699148473188558e+00,6.435283725142051381e+00,-5.107417483752683118e+00,0.000000000000000000e+00
-1.724211432347876105e+00,5.800672256119460357e+00,-5.107417483752683118e+00,0.000000000000000000e+00
-1.669013453934139468e+00,5.179251276541251059e+00,-2.879475654640875071e+00,0.000000000000000000e+00
-1.620061194576597030e+00,4.554249460777072933e+00,8.706373965252016234e+00,1.000000000000000000e+00
-1.577445511385168198e+00,3.922078954903623682e+00,-4.233745996144248736e+00,1.000000000000000000e+00
-1.540750036152657820e+00,3.365847058730158547e+00,-4.772506874416000855e+00,1.000000000000000000e+00
-1.509505570567607036e+00,2.834164926763014236e+00,7.351023947619170329e+00,0.000000000000000000e+00
-1.483001582939932783e+00,2.436486567415163229e+00,6.321604726742597435e+00,0.000000000000000000e+00
-1.460276927320627971e+00,2.080865541556159215e+00,9.747762765731964762e+00,0.000000000000000000e+00
-1.440682000426844134e+00,1.819651656204098966e+00,9.747762765731964762e+00,0.000000000000000000e+00
-1.423500212639628559e+00,1.601450292595535840e+00,3.225430987045344366e+00,0.000000000000000000e+00
-1.408871371350925994e+00,1.299345296881916578e+00,6.762515249928748418e+00,1.000000000000000000e+00
-1.396805870261502713e+00,1.098176718403010899e+00,4.738660143592684726e+00,0.000000000000000000e+00
-1.386829807789249358e+00,8.792080300041478225e-01,6.315172185831592344e+00,1.000000000000000000e+00
-1.378776525234053141e+00,7.187214513569609720e-01,4.582488295201114781e+00,0.000000000000000000e+00
-1.372425373295589113e+00,5.364479812696826277e-01,4.582488295201114781e+00,0.000000000000000000e+00
-1.367814348770188149e+00,3.720617598855126551e-01,9.955316781386329694e+00,0.000000000000000000e+00
-1.364176725545246827e+00,3.547353516118081918e-01,-1.339953926480541568e-01,1.000000000000000000e+00
-1.361829902040722517e+00,9.199685036704893792e-02,4.913677360765433377e+00,1.000000000000000000e+00
-1.361437204232943676e+00,-2.335129890927104337e-02,-9.554241074796646416e+00,1.000000000000000000e+00
-1.363808019595122989e+00,-4.906961692396609731e-01,-6.184545331015495861e+00,1.000000000000000000e+00
-1.370284997887890599e+00,-8.335078418855758065e-01,9.955316781386329694e+00,0.000000000000000000e+00
-1.378292508848664166e+00,-7.636633975355433535e-01,6.257938476408786421e+00,1.000000000000000000e+00
-1.386056175093752563e+00,-7.926103579152375955e-01,0.000000000000000000e+00,0.000000000000000000e+00
-1.394751997628922213e+00,-9.611436260444082835e-01,0.000000000000000000e+00,0.000000000000000000e+00
-1.405073081402255619e+00,-1.116538177080720562e+00,0.000000000000000000e+00,0.000000000000000000e+00
-1.416893048594249471e+00,-1.259887310479035349e+00,-6.244035209124367825e+00,1.000000000000000000e+00
-1.430610710213152892e+00,-1.502935825981092544e+00,0.000000000000000000e+00,0.000000000000000000e+00
-1.446157187968686975e+00,-1.616206509832642801e+00,0.000000000000000000e+00,0.000000000000000000e+00
-1.462797009585454333e+00,-1.720856766684805583e+00,0.000000000000000000e+00,0.000000000000000000e+00
-1.480446983515692594e+00,-1.817543204336744767e+00,0.000000000000000000e+00,0.000000000000000000e+00
-1.499030177171467360e+00,-1.906855344504356120e+00,2.830457857593389193e+00,1.000000000000000000e+00
-1.518371615475399228e+00,-1.967870562970714499e+00,0.000000000000000000e+00,0.000000000000000000e+00
-1.538405679190125497e+00,-2.045684509486023206e+00,-8.709546405834490912e+00,1.000000000000000000e+00
-1.559318761798754061e+00,-2.141441883813830938e+00,2.118838578231727610e+00,1.000000000000000000e+00
-1.581019414508231247e+00,-2.205130578912956718e+00,8.314174670818720969e+00,1.000000000000000000e+00
-1.603414129071424998e+00,-2.284481499117462011e+00,4.749781646162869464e+00,0.000000000000000000e+00
-1.626599899096466073e+00,-2.361549587411728712e+00,4.749781646162869464e+00,0.000000000000000000e+00
-1.650587867733019021e+00,-2.445571848657938308e+00,3.377227877548845125e+00,0.000000000000000000e+00
-1.675381230506152175e+00,-2.521257314485954026e+00,9.278338624623017949e+00,1.000000000000000000e+00
-1.701308342918202099e+00,-2.682909664594084198e+00,6.827797457869957398e+00,1.000000000000000000e+00
-1.728737437984071201e+00,-2.818245836468893817e+00,3.377227877548845125e+00,0.000000000000000000e+00
-1.757255984344107569e+00,-2.893736772771201338e+00,3.377227877548845125e+00,0.000000000000000000e+00
-1.786548713520531129e+00,-2.973449632618993199e+00,8.809136099427387734e+00,1.000000000000000000e+00
-1.817319864879031632e+00,-3.205986643178225570e+00,8.751305433585154780e-01,0.000000000000000000e+00
-1.849368748619277802e+00,-3.203829674131202232e+00,8.751305433585154780e-01,0.000000000000000000e+00
-1.881402462803809295e+00,-3.203023931167346738e+00,8.751305433585154780e-01,0.000000000000000000e+00
-1.913432820853894212e+00,-3.203197514555830683e+00,6.889545473928128771e+00,1.000000000000000000e+00
-1.946606919500032395e+00,-3.457488375231423383e+00,-7.055578560127577781e+00,1.000000000000000000e+00
-1.979455531571202354e+00,-3.074225515285562427e+00,-9.701553175236238502e+00,1.000000000000000000e+00
-2.007907160511970712e+00,-2.586136104693349314e+00,-4.393520633284369481e+00,1.000000000000000000e+00
-2.033223778254585223e+00,-2.463220384954222020e+00,-8.177493287948472300e+00,1.000000000000000000e+00
-2.056316305618999252e+00,-2.119336482206560568e+00,4.978698816813680317e+00,1.000000000000000000e+00
-2.079384830216433500e+00,-2.534669378907977944e+00,9.549830803133414037e+00,0.000000000000000000e+00
-2.107829816108711452e+00,-3.222628568337815747e+00,9.549830803133414037e+00,0.000000000000000000e+00
-2.143148813053692425e+00,-3.910336304345713998e+00,9.549830803133414037e+00,0.000000000000000000e+00
-2.185362409458951660e+00,-4.602773295047984270e+00,8.705069091333017539e+00,0.000000000000000000e+00
-2.234261224534082046e+00,-5.242406902394031398e+00,7.417128509633346134e+00,1.000000000000000000e+00
-2.289149555264517577e+00,-5.791443582509543830e+00,5.555908758953829185e+00,0.000000000000000000e+00
-2.348869781240573662e+00,-6.193418533103647761e+00,-8.475531596715651261e+00,1.000000000000000000e+00
-2.407056499309635278e+00,-5.357240948104226241e+00,-5.317379275227651192e+00,1.000000000000000000e+00
-2.458131954557564836e+00,-4.800778080405980752e+00,1.004332497356126730e+01,0.000000000000000000e+00
-2.510305084098476858e+00,-5.724816435042900054e+00,-6.312777891130400221e+00,0.000000000000000000e+00
-2.564256426787218324e+00,-4.991307505853828985e+00,9.600868051114703761e+00,1.000000000000000000e+00
-2.618341100305900060e+00,-5.915416708567200033e+00,2.750676281427586467e+00,0.000000000000000000e+00
-2.678265388915336498e+00,-6.084690748521244252e+00,-5.170226507409658723e-01,1.000000000000000000e+00
-2.738196085835600257e+00,-5.879906049441864013e+00,7.722226423753436819e+00,0.000000000000000000e+00
-2.800293884398973088e+00,-6.608812455835150423e+00,-5.218431309466033952e+00,1.000000000000000000e+00
-2.862751916592186419e+00,-5.803282528283489228e+00,-1.253307135844199394e+00,1.000000000000000000e+00
-2.919319456425176984e+00,-5.477278325107519663e+00,7.077804078506108709e+00,1.000000000000000000e+00
-2.977153717825406165e+00,-6.151731002556717343e+00,2.303139917975662865e+00,0.000000000000000000e+00
-3.038958116968294210e+00,-6.212752089732687111e+00,2.233127456540342504e+00,1.000000000000000000e+00
-3.101264795427760124e+00,-6.249724254808616486e+00,7.883923425750527514e-01,0.000000000000000000e+00
-3.163067359156422675e+00,-6.093774086188621375e+00,7.883923425750527514e-01,0.000000000000000000e+00
-3.223272244522251029e+00,-5.929412302403533452e+00,-3.609622779839443130e+00,1.000000000000000000e+00
-3.279362668863908592e+00,-5.220878464976983935e+00,-7.333930381210618243e+00,0.000000000000000000e+00
-3.326406065496712028e+00,-4.080898998885850837e+00,-1.917560520973707217e+00,0.000000000000000000e+00
-3.365200137180582640e+00,-3.635176768849420981e+00,-1.917560520973707217e+00,0.000000000000000000e+00
-3.399588097197477676e+00,-3.200947174274499041e+00,-1.917560520973707217e+00,0.000000000000000000e+00
-3.429687926446991941e+00,-2.778857378413094992e+00,8.284907198502722281e+00,1.000000000000000000e+00
-3.461051707967780278e+00,-3.564252379907541624e+00,-1.917560520973707217e+00,0.000000000000000000e+00
-3.494671689314792662e+00,-3.117271193857332090e+00,-7.396404377124246032e+00,0.000000000000000000e+00
-3.521031912559495769e+00,-2.056451231716026840e+00,-7.396404377124246032e+00,0.000000000000000000e+00
-3.536991960134185042e+00,-1.041376237354891376e+00,-8.655633449289135584e+00,1.000000000000000000e+00
-3.542351008774954568e+00,7.315193705501547849e-02,3.778773324221935681e+00,1.000000000000000000e+00
-3.543143313926580884e+00,-2.628563891801830033e-01,6.081127903687777447e-01,1.000000000000000000e+00
-3.545607582909326094e+00,-2.265082765264491149e-01,5.516703394876860678e+00,1.000000000000000000e+00
-3.550221989346967089e+00,-7.442187657643263288e-01,4.379431027085274764e+00,1.000000000000000000e+00
-3.559324325277858581e+00,-1.109615774051686765e+00,-8.200417746689755205e+00,0.000000000000000000e+00
-3.565604926626749105e+00,-4.786348634790604795e-02,-8.200417746689755205e+00,0.000000000000000000e+00
-3.561467902737732949e+00,9.701775115673720862e-01,2.107213469737412304e+00,1.000000000000000000e+00
-3.552575667623785627e+00,7.911052087732357574e-01,3.429666117234166922e+00,1.000000000000000000e+00
-3.546128199026993943e+00,4.678594696865529534e-01,-8.200417746689755205e+00,0.000000000000000000e+00
-3.536912208692117865e+00,1.468787573857271767e+00,-1.775879779594737862e+00,1.000000000000000000e+00
-3.521167629083672868e+00,1.701420153070263508e+00,-1.028944585327373140e+01,0.000000000000000000e+00
-3.498742832838860117e+00,2.895583735419552607e+00,-1.028944585327373140e+01,0.000000000000000000e+00
-3.464572185090072587e+00,4.046858703560737069e+00,4.548113454408612810e+00,1.000000000000000000e+00
-3.426926387966870546e+00,3.421536764870315661e+00,-9.208251237026225056e+00,0.000000000000000000e+00
-3.388119788091670248e+00,4.434541788474672508e+00,-9.208251237026225056e+00,0.000000000000000000e+00
-3.339361265490092823e+00,5.407940658715578941e+00,8.614943470376225321e+00,1.000000000000000000e+00
-3.290796695494330404e+00,4.187885932996957550e+00,-5.221263820162464597e+00,1.000000000000000000e+00
-3.246667766690520374e+00,4.682833871820795579e+00,-6.673905116290170803e+00,0.000000000000000000e+00
-3.196910690821765488e+00,5.327142781473605204e+00,-9.510537887303968319e+00,0.000000000000000000e+00
-3.139296929179959061e+00,6.282593658319855834e+00,6.617040400131131150e+00,1.000000000000000000e+00
-3.081336335380928659e+00,5.207263818546787881e+00,-9.510537887303968319e+00,0.000000000000000000e+00
-3.025035041394524615e+00,6.136311680378767619e+00,-2.785207498917322333e+00,0.000000000000000000e+00
-2.963418808593483611e+00,6.188847912815423236e+00,-2.785207498917322333e+00,0.000000000000000000e+00
-2.901368968927720449e+00,6.220915483299312321e+00,-2.785207498917322333e+00,0.000000000000000000e+00
-2.839091949838074225e+00,6.232152317530565533e+00,-9.611543022258047131e+00,0.000000000000000000e+00
-2.773192916284700882e+00,7.013673817727873683e+00,6.770812595705257841e+00,1.000000000000000000e+00
-2.708255985014388578e+00,5.868161453148041495e+00,9.422171340850047372e+00,0.000000000000000000e+00
-2.655858185597666399e+00,4.485274083081996821e+00,-9.291811894412038697e-01,1.000000000000000000e+00
-2.611903434153155956e+00,4.285063505794473926e+00,9.098359854305027028e+00,1.000000000000000000e+00
-2.574748032906531314e+00,3.031702633189181650e+00,1.341935377072349667e+00,0.000000000000000000e+00
-2.546212471317304882e+00,2.638236876210322990e+00,-8.800653363946233654e+00,1.000000000000000000e+00
-2.516904480091071594e+00,3.279050026020276842e+00,6.429439994382959433e+00,0.000000000000000000e+00
-2.488250621690688558e+00,2.368274797915108643e+00,6.312263398422479632e-01,0.000000000000000000e+00
-2.465952624987305164e+00,2.062298873177778713e+00,0.000000000000000000e+00,0.000000000000000000e+00
-2.446398531377403707e+00,1.825890395317641302e+00,7.906911244212846412e+00,0.000000000000000000e+00
-2.432545577129305858e+00,8.554062953773846623e-01,9.860759502837513679e+00,0.000000000000000000e+00
-2.429018614636838880e+00,-2.527819345982809662e-01,9.253882426261068161e+00,0.000000000000000000e+00
-2.436110649806107809e+00,-1.260030850513329304e+00,9.253882426261068161e+00,0.000000000000000000e+00
-2.453112925681253831e+00,-2.232490239479527627e+00,9.746049265899654479e-01,0.000000000000000000e+00
-2.476132240860296818e+00,-2.385153581815295798e+00,9.746049265899654479e-01,0.000000000000000000e+00
-2.500637765532668144e+00,-2.528844899615963815e+00,9.746049265899654479e-01,0.000000000000000000e+00
-2.526540028224588230e+00,-2.663616593573921332e+00,9.746049265899654479e-01,0.000000000000000000e+00
-2.553750013582327227e+00,-2.789506356604781523e+00,5.287521801524697196e-02,0.000000000000000000e+00
-2.581750264007988349e+00,-2.811672979391991678e+00,6.760295549136829507e+00,0.000000000000000000e+00
-2.613119495360352040e+00,-3.530258247685390316e+00,5.702905492368812723e+00,0.000000000000000000e+00
-2.651063056670055929e+00,-4.113613892446319475e+00,7.722226423753436819e+00,0.000000000000000000e+00
-2.695750951398095729e+00,-4.898670027486473622e+00,7.722226423753436819e+00,0.000000000000000000e+00
-2.748186398213553261e+00,-5.660872981025518058e+00,7.722226423753436819e+00,0.000000000000000000e+00
-2.808140082072378529e+00,-6.399825258045355625e+00,9.755584081262941964e+00,0.000000000000000000e+00
-2.876448205007199554e+00,-7.351909074677821287e+00,2.303139917975662865e+00,0.000000000000000000e+00
-2.950111586889181403e+00,-7.381417512311520213e+00,2.303139917975662865e+00,0.000000000000000000e+00
-3.024005509389192881e+00,-7.396356615193622197e+00,2.303139917975662865e+00,0.000000000000000000e+00
-3.097978926496233854e+00,-7.395563633584663066e+00,-3.523214586611724819e+00,0.000000000000000000e+00
-3.168630402594751150e+00,-6.663647301254215449e+00,-9.610846780569145764e+00,0.000000000000000000e+00
-3.228642331470709337e+00,-5.200729881377817776e+00,7.883923425750527514e-01,0.000000000000000000e+00
-3.280011742403246000e+00,-5.057668511876775241e+00,-7.333930381210618243e+00,0.000000000000000000e+00
-3.325453188145956140e+00,-3.924365408256133225e+00,-1.917560520973707217e+00,0.000000000000000000e+00
-3.362712127946353213e+00,-3.485354784084178981e+00,-1.917560520973707217e+00,0.000000000000000000e+00
-3.395632002241578018e+00,-3.057813860576014786e+00,-1.917560520973707217e+00,0.000000000000000000e+00
-3.424330392931401512e+00,-2.642353631898704869e+00,-1.917560520973707217e+00,0.000000000000000000e+00
-3.448930282893042154e+00,-2.239431372740952497e+00,-7.396404377124246032e+00,0.000000000000000000e+00
-3.466658932947067839e+00,-1.210673844903098928e+00,-8.200417746689755205e+00,0.000000000000000000e+00
-3.473871185064892675e+00,-1.314125604831539174e-01,-8.200417746689755205e+00,0.000000000000000000e+00
-3.470492884742125472e+00,9.034807406262592711e-01,-9.305583301215934355e+00,0.000000000000000000e+00
-3.456372407183660123e+00,2.025383550154659762e+00,-1.028944585327373140e+01,0.000000000000000000e+00
-3.430709623005650410e+00,3.218931716531470588e+00,-1.028944585327373140e+01,0.000000000000000000e+00
-3.393314978012524019e+00,4.367627148831012995e+00,-9.208251237026225056e+00,0.000000000000000000e+00
-3.345213949842150924e+00,5.343649622909442343e+00,-9.208251237026225056e+00,0.000000000000000000e+00
-3.287532615853229867e+00,6.279393001276667441e+00,-8.727418384153697417e+00,0.000000000000000000e+00
-3.220948776909020150e+00,7.113789416408192956e+00,-4.536167525375099707e+00,0.000000000000000000e+00
-3.148545875259738835e+00,7.389892528746321965e+00,-4.536167525375099707e+00,0.000000000000000000e+00
-3.073508494107192401e+00,7.637409068912031529e+00,-3.500919864440650286e+00,0.000000000000000000e+00
-2.996707426060475576e+00,7.727534558882510396e+00,0.000000000000000000e+00,0.000000000000000000e+00
-2.921044508656826633e+00,7.368606241112617639e+00,-6.071389567850465241e+00,0.000000000000000000e+00
-2.845704564365154621e+00,7.727478147172278433e+00,-9.659108112335118790e+00,0.000000000000000000e+00
-2.765097525339471396e+00,8.453210850272554922e+00,-8.027090673850478808e+00,0.000000000000000000e+00
-2.678443453830415599e+00,8.911265231705634449e+00,-8.027090673850478808e+00,0.000000000000000000e+00
-2.587548479040153282e+00,9.292768877680162021e+00,-8.576485336054012976e+00,0.000000000000000000e+00
-2.492948244655634138e+00,9.647766671904268065e+00,-8.576485336054012976e+00,0.000000000000000000e+00
-2.395215330235082707e+00,9.909057059103655973e+00,-9.739811568333703207e+00,0.000000000000000000e+00
-2.294846079860834998e+00,1.017207636837007279e+01,-9.739811568333703207e+00,0.000000000000000000e+00
-2.192371486140345382e+00,1.031775139743451142e+01,-9.961317812571294894e+00,0.000000000000000000e+00
-2.088910348631171754e+00,1.035808292935921848e+01,-1.596151089776280951e+00,0.000000000000000000e+00
-1.987793420748432682e+00,9.768263324439146800e+00,-6.205283351699401706e+00,0.000000000000000000e+00
-1.893389233005700500e+00,9.036787271345353645e+00,-4.857455144122706514e+00,0.000000000000000000e+00
-1.806580083438438900e+00,8.247611926388060510e+00,6.336589795309621742e+00,0.000000000000000000e+00
-1.728923379591065013e+00,7.203117143549687462e+00,6.491478819414606249e+00,0.000000000000000000e+00
-1.661097580886433667e+00,6.292283325075127109e+00,2.855384431109198040e-01,0.000000000000000000e+00
-1.601569574866966716e+00,5.549494095903206414e+00,-2.879475654640875071e+00,0.000000000000000000e+00
-1.549162609034097970e+00,4.870188272953297925e+00,6.725149793248801799e+00,0.000000000000000000e+00
-1.503197357405082535e+00,4.278364258232376649e+00,7.294738715899247161e+00,0.000000000000000000e+00
-1.462741824896852227e+00,3.775679605986496767e+00,7.294738715899247161e+00,0.000000000000000000e+00
-1.426968303590451903e+00,3.347709382012936441e+00,8.877282775780969359e+00,0.000000000000000000e+00
-1.395042215127066720e+00,3.014846327584269847e+00,8.877282775780969359e+00,0.000000000000000000e+00
-1.366167504922266351e+00,2.742038708487184007e+00,8.877282775780969359e+00,0.000000000000000000e+00
-1.339779956872111155e+00,2.521443688921294779e+00,8.877282775780969359e+00,0.000000000000000000e+00
-1.315388325593039198e+00,2.346400469708815439e+00,7.080748288219551156e+00,0.000000000000000000e+00
-1.292819020863408941e+00,2.154354529715693634e+00,8.856852013333547546e+00,0.000000000000000000e+00
-1.271736877269850519e+00,2.057701989214050897e+00,8.856852013333547546e+00,0.000000000000000000e+00
-1.251482119831107465e+00,1.991322644933779307e+00,8.856852013333547546e+00,0.000000000000000000e+00
-1.231767018074313436e+00,1.951991465398789538e+00,8.856852013333547546e+00,0.000000000000000000e+00
-1.212333544648610761e+00,1.937034592317030013e+00,8.856852013333547546e+00,0.000000000000000000e+00
-1.192948211791407642e+00,1.944254058562684406e+00,8.856852013333547546e+00,0.000000000000000000e+00
-1.173397611497497994e+00,1.971863128838935886e+00,8.856852013333547546e+00,0.000000000000000000e+00
-1.153484560134959036e+00,2.018430740348936769e+00,9.736389265960147199e+00,0.000000000000000000e+00
-1.132826116270392536e+00,2.126719918925763952e+00,9.736389265960147199e+00,0.000000000000000000e+00
-1.111013127888648366e+00,2.250918310864213900e+00,9.736389265960147199e+00,0.000000000000000000e+00
-1.087886610149096933e+00,2.391030387255209000e+00,9.736389265960147199e+00,0.000000000000000000e+00
-1.063286870457937239e+00,2.547203903388034263e+00,9.736389265960147199e+00,0.000000000000000000e+00
-1.037052173745318662e+00,2.719708253330872516e+00,1.366511834188262053e+00,0.000000000000000000e+00
-1.011389941487485844e+00,2.385062089851613276e+00,1.366511834188262053e+00,0.000000000000000000e+00
-9.889215386715530798e-01,2.083674476617538573e+00,1.366511834188262053e+00,0.000000000000000000e+00
-9.693300687598254139e-01,1.812122686385238435e+00,1.366511834188262053e+00,0.000000000000000000e+00
-9.523313404887879807e-01,1.567316873799596610e+00,5.386603101000300597e+00,0.000000000000000000e+00
-9.363805226263213211e-01,1.630073843745558415e+00,5.386603101000300597e+00,0.000000000000000000e+00
-9.197763157856098104e-01,1.698553225031043112e+00,5.386603101000300597e+00,0.000000000000000000e+00
-9.024618183683578154e-01,1.772689674184620312e+00,5.386603101000300597e+00,0.000000000000000000e+00
-8.843806341523595682e-01,1.852449833944608715e+00,5.386603101000300597e+00,0.000000000000000000e+00
-8.654765744157880691e-01,1.937827506511029529e+00,9.289170424159774342e+00,0.000000000000000000e+00
-8.442922546750031287e-01,2.337055948373133685e+00,9.289170424159774342e+00,0.000000000000000000e+00
-8.191608817096998063e-01,2.727067003209008078e+00,9.289170424159774342e+00,0.000000000000000000e+00
-7.901550646146661139e-01,3.112094098685493915e+00,4.183156785318494997e+00,0.000000000000000000e+00
-7.593021910338806357e-01,3.056452852307539381e+00,9.586276009709767010e+00,0.000000000000000000e+00
-7.267386508025580616e-01,3.499786122992586179e+00,2.863883562204547761e+00,0.000000000000000000e+00
-6.925461764829707878e-01,3.326120438641841037e+00,2.863883562204547761e+00,0.000000000000000000e+00
-6.599645798477425940e-01,3.179836551840676595e+00,5.344616344006922759e+00,0.000000000000000000e+00
-6.276479041711943152e-01,3.296771319895179797e+00,2.863883562204547761e+00,0.000000000000000000e+00
-5.952315289922334163e-01,3.178494851305740720e+00,1.079314548705383814e+01,0.000000000000000000e+00
-5.602629332589910138e-01,3.881210589831200597e+00,2.863883562204547761e+00,0.000000000000000000e+00
-5.220946241682150601e-01,3.743042013243732313e+00,1.067178816683698184e+00,0.000000000000000000e+00
-4.860098762207678558e-01,3.484289325063531173e+00,1.067178816683698184e+00,0.000000000000000000e+00
-4.517859625909828591e-01,3.349526336149581063e+00,1.067178816683698184e+00,0.000000000000000000e+00
-4.188426748974019564e-01,3.229472008648106129e+00,1.067178816683698184e+00,0.000000000000000000e+00
-3.870372685616788044e-01,3.123174587373841238e+00,1.067178816683698184e+00,0.000000000000000000e+00
-3.562361995157983241e-01,3.029752053708584913e+00,6.149073199363676245e+00,0.000000000000000000e+00
-3.236564881797921456e-01,3.535932129234583776e+00,6.149073199363676245e+00,0.000000000000000000e+00
-2.860361640199081124e-01,4.037734104867165108e+00,1.648338224674772423e+00,0.000000000000000000e+00
-2.458214595486877818e-01,4.003999975364060937e+00,-3.482451482650907870e+00,0.000000000000000000e+00
-2.086620014391276090e-01,3.369697931635434962e+00,-9.628663256528180447e-01,0.000000000000000000e+00
-1.763312233332880452e-01,3.069690002370423887e+00,-9.628663256528180447e-01,0.000000000000000000e+00
-1.469141845278927605e-01,2.788634297916178006e+00,-9.628663256528180447e-01,0.000000000000000000e+00
-1.202270509386618863e-01,2.525275527487599536e+00,-2.269567774069289889e+00,0.000000000000000000e+00
-9.682060860107417899e-02,2.119015147977512559e+00,-2.269567774069289889e+00,0.000000000000000000e+00
-7.738010903828884679e-02,1.733941448922671213e+00,-2.269567774069289889e+00,0.000000000000000000e+00
-6.170083870766496226e-02,1.368472096770390278e+00,-2.269567774069289889e+00,0.000000000000000000e+00
-4.959370845485993468e-02,1.021071417722156038e+00,-2.269567774069289889e+00,0.000000000000000000e+00
-4.088473222078878311e-02,6.902618868004135599e-01,0.000000000000000000e+00,0.000000000000000000e+00
-3.415268218707429027e-02,6.529469284343444313e-01,0.000000000000000000e+00,0.000000000000000000e+00
-2.777963407002391125e-02,6.187359869368060927e-01,0.000000000000000000e+00,0.000000000000000000e+00
-2.173550408178189647e-02,5.874194743223577486e-01,0.000000000000000000e+00,0.000000000000000000e+00
-1.599223374184288379e-02,5.588032802668116972e-01,0.000000000000000000e+00,0.000000000000000000e+00
-1.052364002506363076e-02,5.327076917335141770e-01,0.000000000000000000e+00,0.000000000000000000e+00
-5.305275976514017139e-03,5.089663866430905736e-01,0.000000000000000000e+00,0.000000000000000000e+00
-3.143010727672347409e-04,4.874254971565950001e-01,0.000000000000000000e+00,0.000000000000000000e+00
4.470639347061691228e-03,4.679427382793616141e-01,0.000000000000000000e+00,0.000000000000000000e+00
9.069526215013969800e-03,4.503865976570812779e-01,0.000000000000000000e+00,0.000000000000000000e+00
1.350107102672866086e-02,4.346355826174145287e-01,0.000000000000000000e+00,0.000000000000000000e+00
1.778281284802653295e-02,4.205775207026095086e-01,0.000000000000000000e+00,0.000000000000000000e+00
2.193120855437415487e-02,4.081089101356542570e-01,0.000000000000000000e+00,0.000000000000000000e+00
2.596171678728253704e-02,3.971343168603069795e-01,0.000000000000000000e+00,0.000000000000000000e+00
2.988887607898053911e-02,3.875658149908312589e-01,0.000000000000000000e+00,0.000000000000000000e+00
3.372637756592539865e-02,3.793224676981640786e-01,0.000000000000000000e+00,0.000000000000000000e+00
3.748713268281644168e-02,3.723298457439489506e-01,0.000000000000000000e+00,0.000000000000000000e+00
4.118333620169747911e-02,3.665195810512732466e-01,0.000000000000000000e+00,0.000000000000000000e+00
4.482652495539046072e-02,3.618289528703420022e-01,0.000000000000000000e+00,0.000000000000000000e+00
4.842763256081707851e-02,3.582005042582894760e-01,0.000000000000000000e+00,0.000000000000000000e+00
5.199704043564936512e-02,3.555816867446770502e-01,0.000000000000000000e+00,0.000000000000000000e+00
5.554462538110004760e-02,3.539245311979528075e-01,0.000000000000000000e+00,0.000000000000000000e+00
5.907980398443116177e-02,3.531853430433448682e-01,0.000000000000000000e+00,0.000000000000000000e+00
6.261157407684214693e-02,3.533244201095518955e-01,0.000000000000000000e+00,0.000000000000000000e+00
6.614855346571353600e-02,3.543057915004297342e-01,0.000000000000000000e+00,0.000000000000000000e+00
6.969901614465040529e-02,3.560969759989783823e-01,0.000000000000000000e+00,0.000000000000000000e+00
7.327092617031566446e-02,3.586687586146424245e-01,0.000000000000000000e+00,0.000000000000000000e+00
7.687196938159379656e-02,3.619949839816049009e-01,0.000000000000000000e+00,0.000000000000000000e+00
8.050958312411315987e-02,3.660523654057405429e-01,0.000000000000000000e+00,0.000000000000000000e+00
8.419098413151249183e-02,3.708203084415592210e-01,0.000000000000000000e+00,0.000000000000000000e+00
8.792319470400584980e-02,3.762807479581617986e-01,0.000000000000000000e+00,0.000000000000000000e+00
9.171306731471859375e-02,3.824179977252893936e-01,0.000000000000000000e+00,0.000000000000000000e+00
9.556730776488248091e-02,3.892186116173023125e-01,0.000000000000000000e+00,0.000000000000000000e+00
9.949249700023864162e-02,3.966712555946793617e-01,0.000000000000000000e+00,0.000000000000000000e+00
1.034951116928530257e-01,4.047665896796857621e-01,-9.628552047448279083e+00,0.000000000000000000e+00
1.022535727141869327e-01,-7.617286812585206679e-01,-1.464100127668192197e+00,0.000000000000000000e+00
9.407616664119937411e-02,-8.856415437912432687e-01,0.000000000000000000e+00,0.000000000000000000e+00
8.548385728491057767e-02,-8.277806196007908568e-01,0.000000000000000000e+00,0.000000000000000000e+00
