-3.259344593808058743e+00,-6.802309468749342614e+00,-9.131405779360882491e+00,0.000000000000000000e+00
-3.320926443058410893e+00,-5.380931422969050359e+00,-7.333930381210618243e+00,0.000000000000000000e+00
-3.369524957278797750e+00,-4.231267980356165914e+00,-3.973116263190172859e+00,1.000000000000000000e+00
-3.408647644015999401e+00,-3.526925841901609626e+00,2.668023834703434627e+00,1.000000000000000000e+00
-3.444392977568873082e+00,-3.629779407205537822e+00,-2.028653664135917634e+00,1.000000000000000000e+00
-3.478608790977692600e+00,-3.169669170336343544e+00,-7.396404377124246032e+00,0.000000000000000000e+00
-3.505476924363757352e+00,-2.105239511765272464e+00,-5.580707497318105226e+00,1.000000000000000000e+00
-3.522850165110603005e+00,-1.293942761825564780e+00,-8.200417746689755205e+00,0.000000000000000000e+00
-3.530911705432343783e+00,-2.184500700164961062e-01,-8.200417746689755205e+00,0.000000000000000000e+00
-3.528421439003209148e+00,8.125541899357202613e-01,-9.305583301215934355e+00,0.000000000000000000e+00
-3.515238569830644977e+00,1.928341204341590842e+00,-6.707145956160617928e+00,1.000000000000000000e+00
-3.492439216871894736e+00,2.704009510573941899e+00,-6.321510415007198347e+00,1.000000000000000000e+00
-3.462222170843857416e+00,3.404801941352014971e+00,-9.208251237026225056e+00,0.000000000000000000e+00
-3.423595276622914074e+00,4.415368046774985622e+00,9.407275744112402194e+00,1.000000000000000000e+00
-3.385011077082540343e+00,3.183225633307654956e+00,-4.051225372554324800e+00,0.000000000000000000e+00
-3.351323704939955128e+00,3.591585175589194101e+00,-2.706919819005007000e+00,1.000000000000000000e+00
-3.314381448789760931e+00,3.816764023969918984e+00,7.593209021171622553e+00,1.000000000000000000e+00
-3.280912460326088187e+00,2.778131749276107509e+00,-4.051225372554324800e+00,0.000000000000000000e+00
-3.251269011474860804e+00,3.187832590260267995e+00,-4.051225372554324800e+00,0.000000000000000000e+00
-3.217629780193009381e+00,3.574976924069874329e+00,2.110270990030360672e-01,1.000000000000000000e+00
-3.182587558614845324e+00,3.417362528947785805e+00,-3.935212802135483745e+00,1.000000000000000000e+00
-3.146825110205226483e+00,3.766242883479205883e+00,-1.037765343519536287e+01,0.000000000000000000e+00
-3.104094209830429385e+00,4.881995302854955199e+00,-9.510537887303968319e+00,0.000000000000000000e+00
-3.050951697741090651e+00,5.832222792559001334e+00,8.470691707000989723e+00,1.000000000000000000e+00
-2.998511501715378724e+00,4.533854060451601775e+00,4.282095548519942341e+00,1.000000000000000000e+00
-2.956535348978547528e+00,3.791134514404792988e+00,9.738652074267184489e+00,1.000000000000000000e+00
-2.924852996684842665e+00,2.417439502924448647e+00,1.178831589302471450e+00,1.000000000000000000e+00
-2.902007601459820840e+00,2.123488335418289186e+00,6.598704349182716200e+00,1.000000000000000000e+00
-2.884992095052971273e+00,1.192859427988308241e+00,5.319558033846014666e+00,1.000000000000000000e+00
-2.876424613061721036e+00,4.515133084165472432e-01,7.804328204674575886e+00,1.000000000000000000e+00
-2.876468656493877063e+00,-5.539390540465621848e-01,8.694345195490960521e+00,0.000000000000000000e+00
-2.886859071210318817e+00,-1.623834050316485866e+00,8.694345195490960521e+00,0.000000000000000000e+00
-2.907752289785693112e+00,-2.650493324639807469e+00,-8.139554884239593946e+00,1.000000000000000000e+00
-2.929599832263868997e+00,-1.621487437068925397e+00,-1.534096523865151607e+00,1.000000000000000000e+00
-2.944903863815674594e+00,-1.419832303400745177e+00,6.644358618663065430e-01,0.000000000000000000e+00
-2.959410648840227864e+00,-1.487265259447995369e+00,6.644358618663065430e-01,0.000000000000000000e+00
-2.974564524001153121e+00,-1.548659190770365734e+00,-6.115919942418884148e+00,1.000000000000000000e+00
-2.986584138884409878e+00,-7.832487810476803647e-01,3.148878491968132298e+00,1.000000000000000000e+00
-2.996168578402214955e+00,-1.169300315761241826e+00,6.644358618663065430e-01,0.000000000000000000e+00
-3.008165233981982656e+00,-1.235762132029446070e+00,6.644358618663065430e-01,0.000000000000000000e+00
-3.020801645580087236e+00,-1.296710690797578946e+00,3.251005019043196054e+00,1.000000000000000000e+00
-3.035451849984279526e+00,-1.667371357648640195e+00,-6.897474719382818975e+00,1.000000000000000000e+00
-3.048110475488253091e+00,-7.811202058853479180e-01,-5.611353907927827400e+00,1.000000000000000000e+00
-3.052768255184770130e+00,-8.540260705916902229e-02,6.644358618663065430e-01,0.000000000000000000e+00
-3.054071041254931895e+00,-1.843153513438065827e-01,6.644358618663065430e-01,0.000000000000000000e+00
-3.056342963553771330e+00,-2.787773560875056456e-01,-7.968650427923580359e+00,1.000000000000000000e+00
-3.054754637071418699e+00,6.862349274295040935e-01,9.023532545797745996e+00,0.000000000000000000e+00
-3.053115768651585515e+00,-4.657788818635018036e-01,6.644358618663065430e-01,0.000000000000000000e+00
-3.058150352202603894e+00,-5.486592362894276986e-01,-6.582383254401127815e+00,1.000000000000000000e+00
-3.059975565528556984e+00,2.589258809808647754e-01,-9.156211517527326649e+00,1.000000000000000000e+00
-3.052448436592306358e+00,1.347460145646051766e+00,-5.381885628804161215e+00,1.000000000000000000e+00
-3.036344026146103214e+00,1.926533032571488890e+00,1.075570512814875634e+01,0.000000000000000000e+00
-3.023502667945002553e+00,5.095972404008253243e-01,9.023532545797745996e+00,0.000000000000000000e+00
-3.023614838396550653e+00,-6.389849112241686724e-01,6.644358618663065430e-01,0.000000000000000000e+00
-3.030379770286254715e+00,-7.214167402912080584e-01,6.644358618663065430e-01,0.000000000000000000e+00
-3.037946459489496931e+00,-7.988377415968670459e-01,6.644358618663065430e-01,0.000000000000000000e+00
-3.046264877698147355e+00,-8.712673612775736487e-01,7.781844507193403260e+00,1.000000000000000000e+00
-3.059227219992482372e+00,-1.808107198498190460e+00,-8.352307255950798037e+00,1.000000000000000000e+00
-3.072425828853678098e+00,-7.305482067650027611e-01,6.644358618663065430e-01,0.000000000000000000e+00
-3.080037825042401423e+00,-7.978147501956528442e-01,-1.422041203172612622e+00,1.000000000000000000e+00
-3.087143207328695294e+00,-6.050056164608325071e-01,6.644358618663065430e-01,0.000000000000000000e+00
-3.093507723041949209e+00,-6.740772078845672644e-01,6.644358618663065430e-01,0.000000000000000000e+00
-3.100543136259965582e+00,-7.387478586213716003e-01,-2.965348549333297612e+00,1.000000000000000000e+00
-3.106188080352459302e+00,-3.541841170426214269e-01,6.644358618663065430e-01,0.000000000000000000e+00
-3.110071170728537115e+00,-4.292714517100174598e-01,-2.645280610393443421e+00,1.000000000000000000e+00
-3.112846698219861707e+00,-9.454340725967333436e-02,-8.783335241224465406e+00,0.000000000000000000e+00
-3.108922148092518434e+00,9.792820113355593659e-01,-2.471149135514063566e+00,1.000000000000000000e+00
-3.097975699044379638e+00,1.233190620107362800e+00,2.923198289143147388e+00,1.000000000000000000e+00
-3.087547768041403629e+00,8.128590968146762741e-01,1.381309106623267224e+00,0.000000000000000000e+00
-3.080398267680173774e+00,5.966257759461573995e-01,5.049385971231283854e+00,1.000000000000000000e+00
-3.077414189718317594e+00,-6.117004817159138463e-02,6.644358618663065430e-01,0.000000000000000000e+00
-3.078453115145522556e+00,-1.553444162978054877e-01,6.644358618663065430e-01,0.000000000000000000e+00
-3.080414948770169303e+00,-2.453245273956574379e-01,3.250214691593318328e+00,1.000000000000000000e+00
-3.084693231973882011e+00,-6.476436026057726947e-01,6.644358618663065430e-01,0.000000000000000000e+00
-3.091478718229927480e+00,-7.155040452610297308e-01,6.644358618663065430e-01,0.000000000000000000e+00
-3.098922774135850045e+00,-7.789162911637432796e-01,6.644358618663065430e-01,0.000000000000000000e+00
-3.106981027371395143e+00,-8.379062442292511959e-01,7.479087052194504537e+00,1.000000000000000000e+00
-3.119397986240493026e+00,-1.727925314568146353e+00,9.246201378523855041e+00,0.000000000000000000e+00
-3.141518246109838319e+00,-2.794625801030194978e+00,1.157296615584124666e+00,0.000000000000000000e+00
-3.169581971123662800e+00,-2.819269077776067611e+00,8.641680901297782214e+00,1.000000000000000000e+00
-3.202016759644689348e+00,-3.753103886731024019e+00,1.157296615584124666e+00,0.000000000000000000e+00
-3.239417276728532524e+00,-3.722576926935092789e+00,1.157296615584124666e+00,0.000000000000000000e+00
-3.276475526668658045e+00,-3.683876149074410744e+00,1.157296615584124666e+00,0.000000000000000000e+00
-3.313110985745212123e+00,-3.637276503645818337e+00,-8.212920709658111384e-01,1.000000000000000000e+00
-3.348163495633333486e+00,-3.344693437435415362e+00,7.604141664398957445e+00,1.000000000000000000e+00
-3.384888519526937589e+00,-4.064646809426889718e+00,-1.917560520973707217e+00,0.000000000000000000e+00
-3.423474871879535808e+00,-3.609083713195030629e+00,9.656333850208767444e+00,1.000000000000000000e+00
-3.463726853576443609e+00,-4.522473962882222587e+00,2.179422637083991976e+00,1.000000000000000000e+00
-3.508900570559526866e+00,-4.508567233668995478e+00,-8.304041713083698539e+00,0.000000000000000000e+00
-3.548455174886612440e+00,-3.289975160089352535e+00,-5.603687261227849881e+00,1.000000000000000000e+00
-3.577452692316347438e+00,-2.429732887144262055e+00,5.685746217887071019e+00,1.000000000000000000e+00
-3.603690700519817103e+00,-2.855211109910432032e+00,-7.396404377124246032e+00,0.000000000000000000e+00
-3.627550529428735793e+00,-1.821306411677804604e+00,-7.396404377124246032e+00,0.000000000000000000e+00
-3.641282667730265654e+00,-8.336831274152143312e-01,-1.983290765642997666e+00,0.000000000000000000e+00
-3.647973194395357055e+00,-4.704976151070508483e-01,-1.983290765642997666e+00,0.000000000000000000e+00
-3.651096800155518629e+00,-1.216953572705026382e-01,-8.652255364813941085e+00,1.000000000000000000e+00
-3.647557272573346054e+00,9.274435197495101146e-01,1.077835601702445967e+00,1.000000000000000000e+00
-3.638453917762877410e+00,8.892494420370656849e-01,-6.598771543678147999e+00,1.000000000000000000e+00
-3.625977436687061406e+00,1.680023006680290365e+00,-1.028944585327373140e+01,0.000000000000000000e+00
-3.603907049398378692e+00,2.843724383409496070e+00,-1.028944585327373140e+01,0.000000000000000000e+00
-3.570375201875736870e+00,3.969278731065089438e+00,-9.900756539693992053e+00,0.000000000000000000e+00
-3.525942121721785227e+00,5.016818862382145028e+00,-8.038113900134269407e-01,1.000000000000000000e+00
-3.475892284610938798e+00,4.988951524691614736e+00,-9.208251237026225056e+00,0.000000000000000000e+00
-3.421723069412110796e+00,5.933929043015656823e+00,-5.459595546342896455e+00,0.000000000000000000e+00
-3.360267962099867667e+00,6.399795301258982327e+00,-5.459595546342896455e+00,0.000000000000000000e+00
-3.294263226750000051e+00,6.841012277201192759e+00,-6.227200825436320919e+00,1.000000000000000000e+00
-3.223543225219493102e+00,7.348502500169612262e+00,-6.718120933580415510e+00,1.000000000000000000e+00
-3.147623713229826148e+00,7.882570536362356606e+00,-1.983525722503602928e+00,1.000000000000000000e+00
-3.069172938154360430e+00,7.796277300397608023e+00,-9.105191989601724600e+00,0.000000000000000000e+00
-2.987715612938900200e+00,8.561519475036257987e+00,2.614799280501800549e+00,1.000000000000000000e+00
-2.905311133358700726e+00,7.850756773586285320e+00,-7.758772227456893766e+00,0.000000000000000000e+00
-2.824363882292592720e+00,8.381479938561227527e+00,6.845352439334773109e-01,1.000000000000000000e+00
-2.742825257063275846e+00,7.876522543516545127e+00,2.898445621301983799e+00,1.000000000000000000e+00
-2.667436997143674215e+00,7.130815451881051814e+00,9.422171340850047372e+00,0.000000000000000000e+00
-2.602584575874626438e+00,5.711339934363907744e+00,6.708708224218778327e+00,1.000000000000000000e+00
-2.550277621038141707e+00,4.653670695022488424e+00,-8.784024299412894976e+00,1.000000000000000000e+00
-2.501201500584497417e+00,5.206292401474265752e+00,-2.284936639394602675e+00,0.000000000000000000e+00
-2.449758951532562179e+00,5.066013828534403629e+00,-2.284936639394602675e+00,0.000000000000000000e+00
-2.399777258600932495e+00,4.912996602604160046e+00,-2.284936639394602675e+00,0.000000000000000000e+00
-2.351379638351182688e+00,4.748179528570460661e+00,-4.603067987989771126e+00,1.000000000000000000e+00
-2.303784120255204737e+00,4.768174977406697046e+00,-8.328834243275484717e-01,1.000000000000000000e+00
-2.257500329784160265e+00,4.457854937703789489e+00,6.218362018165848326e+00,0.000000000000000000e+00
-2.216761539917197599e+00,3.614496576298920960e+00,-3.586189132059125484e-01,1.000000000000000000e+00
-2.182045093961575866e+00,3.298311137904418100e+00,1.950268417204301663e+00,1.000000000000000000e+00
-2.151186781650713087e+00,2.830082311711090259e+00,4.719478104494356785e+00,0.000000000000000000e+00
-2.125750468503497803e+00,2.200074001187650286e+00,4.719478104494356785e+00,0.000000000000000000e+00
-2.106458399639896228e+00,1.604065360818903052e+00,4.719478104494356785e+00,0.000000000000000000e+00
-2.092985975354655359e+00,1.038649368751930036e+00,-9.580367821330133538e+00,1.000000000000000000e+00
-2.081094046398499930e+00,1.368163279395944176e+00,4.719478104494356785e+00,0.000000000000000000e+00
-2.069893895398911887e+00,8.217433993429115180e-01,4.422749839077342315e+00,1.000000000000000000e+00
-2.063960563337788212e+00,3.184372577038147578e-01,-9.650698582276532989e+00,1.000000000000000000e+00
-2.059259365329006997e+00,6.519730885432699630e-01,-6.388674088394441952e+00,1.000000000000000000e+00
-2.052162177152899059e+00,7.782693516637172459e-01,2.314585893533265271e+00,0.000000000000000000e+00
-2.046085162622722553e+00,4.022733416109938176e-01,9.017242068684673484e+00,1.000000000000000000e+00
-2.045399043260022864e+00,-3.333942745894363791e-01,9.253791510953329080e+00,1.000000000000000000e+00
-2.051998513589986306e+00,-1.054596608746503961e+00,5.166974824316028503e-01,1.000000000000000000e+00
-2.063447744485205959e+00,-1.253678528605532083e+00,-6.963150229534798008e-01,1.000000000000000000e+00
-2.076526597583112199e+00,-1.372763425120163028e+00,4.023591613025137015e+00,1.000000000000000000e+00
-2.092043364397153216e+00,-1.768217086442431141e+00,4.369311834530518190e+00,0.000000000000000000e+00
-2.111561215310280737e+00,-2.174270948184858554e+00,9.549830803133414037e+00,0.000000000000000000e+00
-2.136594849169436205e+00,-2.904027773497622089e+00,-9.757016613416741535e+00,1.000000000000000000e+00
-2.163068581194605322e+00,-2.332380954285373953e+00,4.241936575286242572e+00,0.000000000000000000e+00
-2.188190453934350188e+00,-2.730267610180819648e+00,9.549830803133414037e+00,0.000000000000000000e+00
-2.218979581545085900e+00,-3.503691921225597472e+00,9.386206009587647614e+00,1.000000000000000000e+00
-2.257422211572509330e+00,-4.260125220539749513e+00,-2.543374026357367867e+00,1.000000000000000000e+00
-2.299159635492029619e+00,-4.066564148276406776e+00,6.060937655785760825e+00,0.000000000000000000e+00
-2.342148838649841913e+00,-4.582020195467039869e+00,6.060937655785760825e+00,0.000000000000000000e+00
-2.390271845860495681e+00,-5.092984950686675560e+00,-6.312777891130400221e+00,0.000000000000000000e+00
-2.438392870801356693e+00,-4.467287796036336189e+00,6.060937655785760825e+00,0.000000000000000000e+00
-2.485530342811929749e+00,-5.013271746930975326e+00,7.488624904265908100e+00,1.000000000000000000e+00
-2.538722003107097169e+00,-5.691300707405314796e+00,2.750676281427586467e+00,0.000000000000000000e+00
-2.596457488612587294e+00,-5.872498267933475624e+00,2.750676281427586467e+00,0.000000000000000000e+00
-2.655964710815564622e+00,-6.044549005082602733e+00,6.780912436214538985e+00,1.000000000000000000e+00
-2.719146564740736682e+00,-6.649782424417278293e+00,2.552166423306310161e+00,1.000000000000000000e+00
-2.786145455089002354e+00,-6.759010263057597001e+00,9.755584081262941964e+00,0.000000000000000000e+00
-2.857963878433873006e+00,-7.693521050547153628e+00,2.303139917975662865e+00,0.000000000000000000e+00
-2.934992897077046692e+00,-7.711870922513650584e+00,-2.224650567158619197e+00,1.000000000000000000e+00
-3.009667416423853936e+00,-7.168893714897629721e+00,3.740600416701629349e+00,1.000000000000000000e+00
-3.082216984353312483e+00,-7.356084363844289875e+00,-3.523214586611724819e+00,0.000000000000000000e+00
-3.152499270432778999e+00,-6.629741883275083403e+00,8.731163163169576080e+00,1.000000000000000000e+00
-3.222390177633092545e+00,-7.418546275870571804e+00,-9.131405779360882491e+00,0.000000000000000000e+00
-3.290037412454732024e+00,-5.975200105462889155e+00,-7.333930381210618243e+00,0.000000000000000000e+00
-3.344478694258893992e+00,-4.803172959442307821e+00,-8.304041713083698539e+00,0.000000000000000000e+00
-3.386874218257553970e+00,-3.560120695252885881e+00,-1.917560520973707217e+00,0.000000000000000000e+00
-3.420508345399063455e+00,-3.125232927692778606e+00,-3.338350432224856945e-03,1.000000000000000000e+00
-3.450870537190620979e+00,-2.927625263213412765e+00,-4.923237577764931316e+00,1.000000000000000000e+00
-3.476661821952231612e+00,-2.158889083998219327e+00,-7.396404377124246032e+00,0.000000000000000000e+00
-3.493607888546751639e+00,-1.135243725168132212e+00,-8.200417746689755205e+00,0.000000000000000000e+00
-3.500093168795270770e+00,-6.203192755155839677e-02,-8.200417746689755205e+00,0.000000000000000000e+00
-3.496047401227412976e+00,9.670826799477113545e-01,-2.596928836176584099e+00,1.000000000000000000e+00
-3.484824060531627410e+00,1.309225074022756008e+00,-9.856095646463144178e+00,0.000000000000000000e+00
-3.466441313594215590e+00,2.476526149164060886e+00,-1.028944585327373140e+01,0.000000000000000000e+00
-3.436357236187132180e+00,3.650375354666509864e+00,-9.208251237026225056e+00,0.000000000000000000e+00
-3.395307955944644629e+00,4.653402085241999941e+00,-9.208251237026225056e+00,0.000000000000000000e+00
-3.344402401604694042e+00,5.617707399375447608e+00,6.293896633653228712e+00,1.000000000000000000e+00
-3.292502217587575331e+00,4.670869000643264712e+00,-8.382084119201262951e+00,1.000000000000000000e+00
-3.241891364980993284e+00,5.530434577566123444e+00,-4.415013138401171489e+00,1.000000000000000000e+00
-3.185072689215254549e+00,5.862298840386998222e+00,-9.508523797469601746e+00,1.000000000000000000e+00
-3.122219867162110418e+00,6.792546040026530285e+00,8.470604925029936894e+00,1.000000000000000000e+00
-3.060302679169057960e+00,5.465304639361089123e+00,4.769641333111323434e+00,1.000000000000000000e+00
-3.009408119390819980e+00,4.634733759904794859e+00,-2.785207498917322333e+00,0.000000000000000000e+00
-2.962544228464157214e+00,4.746131529747814604e+00,8.475648533989879496e+00,0.000000000000000000e+00
-2.920799007600359154e+00,3.485296236411741244e+00,9.532556351570960373e+00,0.000000000000000000e+00
-2.892004121092023983e+00,2.149490558708732735e+00,6.650108320215153412e+00,0.000000000000000000e+00
-2.874762583145777040e+00,1.211397403499085978e+00,6.046557877210623211e+00,0.000000000000000000e+00
-2.866405819612206862e+00,3.827504497222282143e-01,-9.344415235298555444e+00,1.000000000000000000e+00
-2.857946626558863557e+00,1.403387756327122649e+00,6.046557877210623211e+00,0.000000000000000000e+00
-2.847707708379306091e+00,5.664315255559555506e-01,7.800248304100261265e+00,1.000000000000000000e+00
-2.846617244595228247e+00,-4.422446482262388789e-01,8.694345195490960521e+00,0.000000000000000000e+00
-2.855902991456235274e+00,-1.514892085259474275e+00,8.694345195490960521e+00,0.000000000000000000e+00
-2.875720214531512831e+00,-2.544629814341033747e+00,1.863025008535070803e+00,0.000000000000000000e+00
-2.901975693056075389e+00,-2.722229662202306777e+00,9.612811431163049036e+00,1.000000000000000000e+00
-2.934148098992823694e+00,-3.814071168915535548e+00,-6.121409342201930670e+00,1.000000000000000000e+00
-2.968456727081967728e+00,-2.966521178066137132e+00,7.538395046923939802e+00,0.000000000000000000e+00
-3.001887374537300701e+00,-3.796366990718669232e+00,7.538395046923939802e+00,0.000000000000000000e+00
-3.043445990116656841e+00,-4.588206072503444588e+00,7.330664643589194895e+00,1.000000000000000000e+00
-3.092633258581483968e+00,-5.315564574655395447e+00,-8.629299995828551673e+00,1.000000000000000000e+00
-3.140044589616991733e+00,-4.046348110900707340e+00,1.157296615584124666e+00,0.000000000000000000e+00
-3.180391385683717598e+00,-4.018794836322680197e+00,-1.304689828878144997e+00,1.000000000000000000e+00
-3.219055405970648209e+00,-3.681050168029771363e+00,1.157296615584124666e+00,0.000000000000000000e+00
-3.255729584144474664e+00,-3.649263755889573080e+00,1.157296615584124666e+00,0.000000000000000000e+00
-3.292049645757658460e+00,-3.609470745325265906e+00,1.157296615584124666e+00,0.000000000000000000e+00
-3.327936777489779452e+00,-3.561954307622567040e+00,-1.917560520973707217e+00,0.000000000000000000e+00
-3.361637488676249230e+00,-3.137599487320294145e+00,-1.917560520973707217e+00,0.000000000000000000e+00
-3.391145925604382771e+00,-2.724748692816674200e+00,-1.917560520973707217e+00,0.000000000000000000e+00
-3.416579610430773961e+00,-2.323926740782379152e+00,1.916600945413316215e-01,0.000000000000000000e+00
-3.439187866513893077e+00,-2.183767350692706000e+00,1.916600945413316215e-01,0.000000000000000000e+00
-3.460396622342281514e+00,-2.044135542176627407e+00,-7.396404377124246032e+00,0.000000000000000000e+00
-3.476211281322410418e+00,-1.023982718256463365e+00,-8.200417746689755205e+00,0.000000000000000000e+00
-3.481595381246849641e+00,4.675414969008648280e-02,-8.200417746689755205e+00,0.000000000000000000e+00
-3.476471886946904899e+00,1.073642447899162633e+00,-9.305583301215934355e+00,0.000000000000000000e+00
-3.460684884245250448e+00,2.187865146307355069e+00,-1.028944585327373140e+01,0.000000000000000000e+00
-3.433430187748170770e+00,3.374223566213337744e+00,-9.208251237026225056e+00,0.000000000000000000e+00
-3.395090345773938090e+00,4.388682831778796256e+00,-9.208251237026225056e+00,0.000000000000000000e+00
-3.346782944084573330e+00,5.363800921848724812e+00,-9.656336747016792899e+00,0.000000000000000000e+00
-3.288658936085660400e+00,6.352848047283670141e+00,-8.727418384153697417e+00,0.000000000000000000e+00
-3.221353754856692397e+00,7.184327083476991227e+00,-4.536167525375099707e+00,0.000000000000000000e+00
-3.148258359212404045e+00,7.457562239415794991e+00,-4.536167525375099707e+00,0.000000000000000000e+00
-3.072557360157275763e+00,7.702158308715310930e+00,-3.500919864440650286e+00,0.000000000000000000e+00
-2.995122224861938243e+00,7.789282510505033841e+00,-9.105191989601724600e+00,0.000000000000000000e+00
-2.913862366112522029e+00,8.525225206695115077e+00,-7.758772227456893766e+00,0.000000000000000000e+00
-2.826281142779732747e+00,9.031007489688221312e+00,-8.027090673850478808e+00,0.000000000000000000e+00
-2.733799589645941719e+00,9.500138897213401989e+00,-8.027090673850478808e+00,0.000000000000000000e+00
-2.636966022178569347e+00,9.892604305201883719e+00,-7.466722503058217164e+00,0.000000000000000000e+00
-2.536846240791509555e+00,1.014316901400167303e+01,-8.576485336054012976e+00,0.000000000000000000e+00
-2.434091003772548500e+00,1.041925884738217256e+01,-9.739811568333703207e+00,0.000000000000000000e+00
-2.328545538381455060e+00,1.069815522981228817e+01,-9.739811568333703207e+00,0.000000000000000000e+00
-2.220752478382864048e+00,1.085584629929783951e+01,-9.961317812571294894e+00,0.000000000000000000e+00
-2.111870947760213113e+00,1.090396450268783823e+01,-1.596151089776280951e+00,0.000000000000000000e+00
-2.005368403782219922e+00,1.033877018432637307e+01,-9.795739806792751025e+00,0.000000000000000000e+00
-1.904254999916851654e+00,9.776337601736226901e+00,3.587010379123234394e+00,0.000000000000000000e+00
-1.811702589088378668e+00,8.641901162184661089e+00,-7.711079741083434413e+00,0.000000000000000000e+00
-1.728588431376073986e+00,7.903551775439511928e+00,6.336589795309621742e+00,0.000000000000000000e+00
-1.653996093564684244e+00,6.941377283809959664e+00,-6.713552849518988452e+00,0.000000000000000000e+00
-1.587964752704305704e+00,6.190839083796637610e+00,7.902511839978309638e+00,0.000000000000000000e+00
-1.529409226821559331e+00,5.467585379213113050e+00,6.725149793248801799e+00,0.000000000000000000e+00
-1.477609186007381892e+00,4.846242924845882705e+00,6.725149793248801799e+00,0.000000000000000000e+00
-1.431605298099505985e+00,4.315391427852345529e+00,8.877282775780969359e+00,0.000000000000000000e+00
-1.390367679608563112e+00,3.904501154545121810e+00,8.877282775780969359e+00,0.000000000000000000e+00
-1.352887570554275998e+00,3.569750616090467954e+00,8.877282775780969359e+00,0.000000000000000000e+00
-1.318449076929194774e+00,3.301316228890832871e+00,6.131791692176172148e+00,0.000000000000000000e+00
-1.286817832894839864e+00,3.003493304995978441e+00,6.131791692176172148e+00,0.000000000000000000e+00
-1.257946368625567413e+00,2.753079349820282573e+00,6.131791692176172148e+00,0.000000000000000000e+00
-1.231387256223664073e+00,2.544300651346136810e+00,7.080748288219551156e+00,0.000000000000000000e+00
-1.206570027539673573e+00,2.411468427387929214e+00,7.080748288219551156e+00,0.000000000000000000e+00
-1.182933852773617067e+00,2.310660701027900998e+00,7.080748288219551156e+00,0.000000000000000000e+00
-1.160174875176932296e+00,2.238340314836660294e+00,9.736389265960147199e+00,0.000000000000000000e+00
-1.137430580418163251e+00,2.322310488817038721e+00,9.736389265960147199e+00,0.000000000000000000e+00
-1.113755115468025192e+00,2.426473663708009543e+00,9.736389265960147199e+00,0.000000000000000000e+00
-1.088949450523087670e+00,2.550231722081603980e+00,9.736389265960147199e+00,0.000000000000000000e+00
-1.062819453259016056e+00,2.693220489334501533e+00,9.736389265960147199e+00,0.000000000000000000e+00
-1.035173713613207980e+00,2.855273788099027765e+00,1.366511834188262053e+00,0.000000000000000000e+00
-1.008202862771287789e+00,2.510399434800495655e+00,1.366511834188262053e+00,0.000000000000000000e+00
-9.845227868640571423e-01,2.199947752212323415e+00,1.366511834188262053e+00,0.000000000000000000e+00
-9.638054670697859816e-01,1.920382596625890947e+00,1.366511834188262053e+00,0.000000000000000000e+00
-9.457566780183470634e-01,1.668510838471485513e+00,5.386603101000300597e+00,0.000000000000000000e+00
-9.288102754140119544e-01,1.727808628427728310e+00,5.386603101000300597e+00,0.000000000000000000e+00
-9.112409294050908271e-01,1.793730795184792948e+00,5.386603101000300597e+00,0.000000000000000000e+00
-8.929831759008557412e-01,1.866112829795208317e+00,5.386603101000300597e+00,0.000000000000000000e+00
-8.739729910879854291e-01,1.944834470225295764e+00,9.289170424159774342e+00,0.000000000000000000e+00
-8.527600826683238155e-01,2.335008843262887268e+00,9.289170424159774342e+00,0.000000000000000000e+00
-8.276868382145747827e-01,2.716790739194129056e+00,9.289170424159774342e+00,0.000000000000000000e+00
-7.988181898948095716e-01,3.094290931680058421e+00,4.183156785318494997e+00,0.000000000000000000e+00
-7.681576451410726536e-01,3.035511509930723939e+00,9.586276009709767010e+00,0.000000000000000000e+00
-7.358350678205591855e-01,3.471934009428298218e+00,-1.422266536512707402e+00,0.000000000000000000e+00
-7.036904616736293638e-01,2.908806960434665356e+00,-1.422266536512707402e+00,0.000000000000000000e+00
-6.769612142876235694e-01,2.392912389414789232e+00,8.375825868981747746e+00,0.000000000000000000e+00
-6.509686114313147920e-01,2.848456382771492823e+00,1.079314548705383814e+01,0.000000000000000000e+00
-6.194231334788847798e-01,3.524039934698454779e+00,2.863883562204547761e+00,0.000000000000000000e+00
-5.848016363833834497e-01,3.391130051419165792e+00,2.863883562204547761e+00,0.000000000000000000e+00
-5.513996614233256377e-01,3.282078748839234894e+00,2.863883562204547761e+00,0.000000000000000000e+00
-5.189902453903508794e-01,3.194359480876269419e+00,1.067178816683698184e+00,0.000000000000000000e+00
-4.881954833676112604e-01,2.973444201805629739e+00,1.067178816683698184e+00,0.000000000000000000e+00
-4.589896920039696626e-01,2.858346427828834635e+00,1.067178816683698184e+00,0.000000000000000000e+00
-4.308776732909177509e-01,2.755806848361797901e+00,1.067178816683698184e+00,0.000000000000000000e+00
-4.037375356848968977e-01,2.665016906970125721e+00,1.067178816683698184e+00,0.000000000000000000e+00
-3.774551954842172430e-01,2.585229074548716532e+00,6.149073199363676245e+00,0.000000000000000000e+00
-3.492880700801083149e-01,3.098290187391642192e+00,6.149073199363676245e+00,0.000000000000000000e+00
-3.160201352437530531e-01,3.605130182570679853e+00,6.149073199363676245e+00,0.000000000000000000e+00
-2.777043810056648021e-01,4.107715476640051655e+00,-3.482451482650907870e+00,0.000000000000000000e+00
-2.395451556771881207e-01,3.465087583751655043e+00,-9.628663256528180447e-01,0.000000000000000000e+00
-2.063072943361320133e-01,3.154760575159363700e+00,-9.628663256528180447e-01,0.000000000000000000e+00
-1.760843182976303267e-01,2.863838221872484713e+00,-9.628663256528180447e-01,0.000000000000000000e+00
-1.486879235326270254e-01,2.591052418138548141e+00,-9.628663256528180447e-01,0.000000000000000000e+00
-1.239422816377049319e-01,2.335181755471706921e+00,-2.269567774069289889e+00,0.000000000000000000e+00
-1.024054861805841488e-01,1.935743914336943039e+00,-2.269567774069289889e+00,0.000000000000000000e+00
-8.476958607404593005e-02,1.556791505511775808e+00,-2.269567774069289889e+00,0.000000000000000000e+00
-7.083675162693656158e-02,1.196771594809387995e+00,-2.269567774069289889e+00,0.000000000000000000e+00
-6.042446542238556761e-02,8.541817052656874854e-01,0.000000000000000000e+00,0.000000000000000000e+00
-5.210442055740006212e-02,8.056454515996197552e-01,0.000000000000000000e+00,0.000000000000000000e+00
-4.425181910023402027e-02,7.610401964846573719e-01,0.000000000000000000e+00,0.000000000000000000e+00
-3.682857423698582267e-02,7.200978487855667076e-01,0.000000000000000000e+00,0.000000000000000000e+00
-2.979919066267641345e-02,6.825699277834724743e-01,0.000000000000000000e+00,0.000000000000000000e+00
-2.313057464868874258e-02,6.482262084483469966e-01,0.000000000000000000e+00,0.000000000000000000e+00
-1.679185725293918727e-02,6.168534557879256086e-01,0.000000000000000000e+00,0.000000000000000000e+00
-1.075422980236646550e-02,5.882542437327775708e-01,0.000000000000000000e+00,0.000000000000000000e+00
-4.990790823032150401e-03,5.622458539660701859e-01,0.000000000000000000e+00,0.000000000000000000e+00
5.235963610303859045e-04,5.386592501351362694e-01,0.000000000000000000e+00,0.000000000000000000e+00
5.812436093805225558e-03,5.173381229693567729e-01,0.000000000000000000e+00,0.000000000000000000e+00
1.089772360750801937e-02,4.981380019587097197e-01,0.000000000000000000e+00,0.000000000000000000e+00
1.580005964365268148e-02,4.809254294067643598e-01,0.000000000000000000e+00,0.000000000000000000e+00
2.053875708052930668e-02,4.655771928509810365e-01,0.000000000000000000e+00,0.000000000000000000e+00
2.513194013343300268e-02,4.519796120342043921e-01,0.000000000000000000e+00,0.000000000000000000e+00
2.959663665670611565e-02,4.400278768083389913e-01,0.000000000000000000e+00,0.000000000000000000e+00
3.394886404136075037e-02,4.296254325499128113e-01,0.000000000000000000e+00,0.000000000000000000e+00
3.820370916873448708e-02,4.206834098642311393e-01,0.000000000000000000e+00,0.000000000000000000e+00
4.237540284927115292e-02,4.131200955476542758e-01,0.000000000000000000e+00,0.000000000000000000e+00
4.647738914606065058e-02,4.068604419644373249e-01,0.000000000000000000e+00,0.000000000000000000e+00
5.052238995515100084e-02,4.018356121743321130e-01,0.000000000000000000e+00,0.000000000000000000e+00
5.452246518878822723e-02,3.979825583189624538e-01,0.000000000000000000e+00,0.000000000000000000e+00
5.848906888356150691e-02,3.952436309383672297e-01,0.000000000000000000e+00,0.000000000000000000e+00
6.243310153284913067e-02,3.935662170438184448e-01,0.000000000000000000e+00,0.000000000000000000e+00
6.636495892188522261e-02,3.929024049190114609e-01,0.000000000000000000e+00,0.000000000000000000e+00
7.029457772411396022e-02,3.932086737590745340e-01,0.000000000000000000e+00,0.000000000000000000e+00
7.423147809917873818e-02,3.944456063857363914e-01,0.000000000000000000e+00,0.000000000000000000e+00
7.818480351582778043e-02,3.965776233976768816e-01,0.000000000000000000e+00,0.000000000000000000e+00
8.216335800712061543e-02,3.995727372278680134e-01,0.000000000000000000e+00,0.000000000000000000e+00
8.617564105051875312e-02,4.034023246849245403e-01,0.000000000000000000e+00,0.000000000000000000e+00
9.022988025165974701e-02,4.080409166534673115e-01,0.000000000000000000e+00,0.000000000000000000e+00
9.433406199778016088e-02,4.134660037196232762e-01,0.000000000000000000e+00,0.000000000000000000e+00
9.849596023479990914e-02,4.196578565723902421e-01,0.000000000000000000e+00,0.000000000000000000e+00
1.027231635109454033e-01,4.265993601100357413e-01,-9.628552047448279083e+00,0.000000000000000000e+00
1.016947336226481369e-01,-7.410323900449460321e-01,-1.464100127668192197e+00,0.000000000000000000e+00
9.371986503371070032e-02,-8.659114135636543086e-01,0.000000000000000000e+00,0.000000000000000000e+00
8.532086841999221571e-02,-8.089214937301775210e-01,0.000000000000000000e+00,0.000000000000000000e+00
7.747224391464929694e-02,-7.562136328409133634e-01,0.000000000000000000e+00,0.000000000000000000e+00
7.013254487822877248e-02,-7.074866117820829414e-01,0.000000000000000000e+00,0.000000000000000000e+00
6.326323836738929896e-02,-6.624608177051836133e-01,0.000000000000000000e+00,0.000000000000000000e+00
5.682849584372464541e-02,-6.208767569286901544e-01,0.000000000000000000e+00,0.000000000000000000e+00
5.079499832535695758e-02,-5.824936622622334248e-01,0.000000000000000000e+00,0.000000000000000000e+00
4.513175505561205225e-02,-5.470881905793193445e-01,0.000000000000000000e+00,0.000000000000000000e+00
3.980993480595870770e-02,-5.144532062389843841e-01,0.000000000000000000e+00,0.000000000000000000e+00
3.480270897494621568e-02,-4.843966458524071039e-01,0.000000000000000000e+00,0.000000000000000000e+00
3.008510569003615062e-02,-4.567404598778821989e-01,0.000000000000000000e+00,0.000000000000000000e+00
2.563387416418734868e-02,-4.313196265834092213e-01,0.000000000000000000e+00,0.000000000000000000e+00
2.142735860321867344e-02,-4.079812340220694833e-01,0.000000000000000000e+00,0.000000000000000000e+00
1.744538100290949495e-02,-3.865836258069918485e-01,0.000000000000000000e+00,0.000000000000000000e+00
1.366913221619868446e-02,-3.669956066387993765e-01,0.000000000000000000e+00,0.000000000000000000e+00
1.008107071050556164e-02,-3.490957037203027413e-01,0.000000000000000000e+00,0.000000000000000000e+00
6.664828472994380887e-03,-3.327714803841587132e-01,0.000000000000000000e+00,0.000000000000000000e+00
3.405123557471210604e-03,-3.179188984541425067e-01,0.000000000000000000e+00,0.000000000000000000e+00
2.876788005165173108e-04,-3.044417260557445992e-01,0.000000000000000000e+00,0.000000000000000000e+00
-2.700853733569032362e-03,-2.922509877841356629e-01,0.000000000000000000e+00,0.000000000000000000e+00
-5.572962989356953015e-03,-2.812644543250580331e-01,0.000000000000000000e+00,0.000000000000000000e+00
-8.340344220549706505e-03,-2.714061688054358323e-01,0.000000000000000000e+00,0.000000000000000000e+00
-1.101395970959101120e-02,-2.626060073244301796e-01,0.000000000000000000e+00,0.000000000000000000e+00
-1.360409523757385129e-02,-2.547992712816690153e-01,0.000000000000000000e+00,0.000000000000000000e+00
-1.612041261227632402e-02,-2.479263092770946642e-01,0.000000000000000000e+00,0.000000000000000000e+00
-1.857199854057845975e-02,-2.419321665061424931e-01,0.000000000000000000e+00,0.000000000000000000e+00
-2.096741011139123534e-02,-2.367662597148165182e-01,0.000000000000000000e+00,0.000000000000000000e+00
