-1.785664993397088729e+00,7.854340755210173164e+00,6.082559644855473735e+00,1.000000000000000000e+00
-1.711706283301026810e+00,6.860406729586183694e+00,-6.713552849518988452e+00,0.000000000000000000e+00
-1.646236226792030299e+00,6.164208395091252513e+00,2.855384431109198040e-01,0.000000000000000000e+00
-1.587940762145656048e+00,5.432003148530584191e+00,-2.879475654640875071e+00,0.000000000000000000e+00
-1.536686843800558755e+00,4.757587889403480652e+00,6.725149793248801799e+00,0.000000000000000000e+00
-1.491760729669501906e+00,4.184634356162357349e+00,7.294738715899247161e+00,0.000000000000000000e+00
-1.452162339099598576e+00,3.699360259575589893e+00,8.877282775780969359e+00,0.000000000000000000e+00
-1.416969778484404863e+00,3.312437704896249002e+00,3.868365035524989892e+00,1.000000000000000000e+00
-1.385780115073633523e+00,2.891942923125511822e+00,-1.337635752810859557e+00,1.000000000000000000e+00
-1.359120645646773262e+00,2.396751886276548671e+00,-7.371877239084449585e+00,1.000000000000000000e+00
-1.337961547738498735e+00,1.778799924329688587e+00,4.278301464119998343e+00,0.000000000000000000e+00
-1.321320293899576281e+00,1.529573013805072046e+00,-5.294960203725375791e+00,1.000000000000000000e+00
-1.308359669105384704e+00,1.017115751947406332e+00,9.766529182728495684e+00,1.000000000000000000e+00
-1.298194037566580805e+00,1.018195183451680474e+00,7.223154443362460597e+00,1.000000000000000000e+00
-1.288342998311053034e+00,9.474462743480793758e-01,-1.991139416214797730e+00,1.000000000000000000e+00
-1.280558768037698858e+00,5.772690273241644077e-01,9.267617279622813342e+00,0.000000000000000000e+00
-1.274563697266537288e+00,6.272173944339610729e-01,9.267617279622813342e+00,0.000000000000000000e+00
-1.268055631817746276e+00,6.802314908076260158e-01,-3.224077154506777010e+00,1.000000000000000000e+00
-1.263063213893731662e+00,2.838167710364996044e-01,9.788439590338102292e+00,0.000000000000000000e+00
-1.259721153446765829e+00,3.948405745283284918e-01,9.267617279622813342e+00,0.000000000000000000e+00
-1.255377781010016625e+00,4.822031927209116664e-01,9.267617279622813342e+00,0.000000000000000000e+00
-1.250169105474253195e+00,5.679284969525870697e-01,9.416893612181338469e+00,1.000000000000000000e+00
-1.244080430135813486e+00,6.588380666325447388e-01,3.342342688061950007e+00,1.000000000000000000e+00
-1.238161301490389832e+00,5.128775570173206289e-01,9.267617279622813342e+00,0.000000000000000000e+00
-1.232567552102402431e+00,6.158245675173763534e-01,7.488270873435434183e+00,1.000000000000000000e+00
-1.226278309672940159e+00,6.455917941522978376e-01,-6.868495850176241646e+00,1.000000000000000000e+00
-1.222355151828117936e+00,9.070981777139072721e-02,1.141083456223887627e+00,0.000000000000000000e+00
-1.222280374941514092e+00,-9.144968012793158740e-02,-5.324974163270654870e+00,1.000000000000000000e+00
-1.225174265768655069e+00,-5.244050556233192939e-01,7.687972550797665505e+00,0.000000000000000000e+00
-1.229813428036307110e+00,-3.928577995919910748e-01,7.687972550797665505e+00,0.000000000000000000e+00
-1.233204026074212756e+00,-2.757299559654197152e-01,7.687972550797665505e+00,0.000000000000000000e+00
-1.235479706424368107e+00,-1.707369447469773704e-01,9.788439590338102292e+00,0.000000000000000000e+00
-1.236372605927247736e+00,7.302873414839358701e-03,-6.597920766134681259e+00,1.000000000000000000e+00
-1.238511677345518036e+00,-4.766061113691178464e-01,7.687972550797665505e+00,0.000000000000000000e+00
-1.242747851247491875e+00,-3.614013197556721901e-01,7.687972550797665505e+00,0.000000000000000000e+00
-1.245891346402153266e+00,-2.589936335955517754e-01,9.788439590338102292e+00,0.000000000000000000e+00
-1.247692433240491061e+00,-8.676471316950155888e-02,-3.336628650663513440e+00,1.000000000000000000e+00
-1.250133120735859249e+00,-4.309166302058403120e-01,-3.766081030551200470e+00,1.000000000000000000e+00
-1.255958564449241033e+00,-7.623957243404861917e-01,9.917662152456724556e+00,1.000000000000000000e+00
-1.262649324473562151e+00,-5.596957737076936334e-01,-3.265583690568538699e+00,1.000000000000000000e+00
-1.269611180994645316e+00,-8.580337165636786612e-01,7.657369586797635463e+00,1.000000000000000000e+00
-1.277666607899589746e+00,-7.446001245464342055e-01,9.955316781386329694e+00,0.000000000000000000e+00
-1.284299846071490725e+00,-5.682520495226065504e-01,-2.409090890102174587e+00,1.000000000000000000e+00
-1.291181295278142738e+00,-8.303851702649928113e-01,9.955316781386329694e+00,0.000000000000000000e+00
-1.298717365156647929e+00,-6.640895872628460594e-01,8.426833239807929310e-01,1.000000000000000000e+00
-1.306030138319531630e+00,-8.113587005571237798e-01,-3.837552785140239120e+00,1.000000000000000000e+00
-1.315435335276719853e+00,-1.093373742895322076e+00,2.604696836264348558e+00,1.000000000000000000e+00
-1.326654359438788955e+00,-1.156575936815286143e+00,-6.148389818482442593e+00,1.000000000000000000e+00
-1.339650093400852837e+00,-1.467942210644943790e+00,0.000000000000000000e+00,0.000000000000000000e+00
-1.354841741387089460e+00,-1.580200035543735337e+00,9.376478204944969974e+00,1.000000000000000000e+00
-1.370034062138085096e+00,-1.450073476607296907e+00,0.000000000000000000e+00,0.000000000000000000e+00
-1.385060459581223036e+00,-1.565250782708939470e+00,-7.031190009988923961e+00,1.000000000000000000e+00
-1.401897403902446992e+00,-1.821992471673737013e+00,0.000000000000000000e+00,0.000000000000000000e+00
-1.420512927913003765e+00,-1.908707129812644343e+00,8.387613295894535526e+00,1.000000000000000000e+00
-1.439299266831747914e+00,-1.846545594138285562e+00,0.000000000000000000e+00,0.000000000000000000e+00
-1.458157162727278022e+00,-1.932539471301869538e+00,0.000000000000000000e+00,0.000000000000000000e+00
-1.477845856571907701e+00,-2.012143310135595886e+00,-6.115948351775646330e+00,0.000000000000000000e+00
-1.498597448090438489e+00,-2.147282076445411914e+00,-6.115948351775646330e+00,0.000000000000000000e+00
-1.520581812916547593e+00,-2.256267510117590191e+00,4.749781646162869464e+00,0.000000000000000000e+00
-1.543278902718695278e+00,-2.288165757359384322e+00,4.749781646162869464e+00,0.000000000000000000e+00
-1.566343595591638493e+00,-2.330723211956415408e+00,-9.838872351304848607e+00,1.000000000000000000e+00
-1.589864355158890907e+00,-2.372209658488851236e+00,-7.837970440384509629e+00,1.000000000000000000e+00
-1.613684592707568477e+00,-2.389429440615299161e+00,-3.295662147942082232e+00,1.000000000000000000e+00
-1.637690110572240787e+00,-2.411925517429617472e+00,7.595550228818703786e+00,1.000000000000000000e+00
-1.662306696401638861e+00,-2.524903413149733211e+00,3.377227877548845125e+00,0.000000000000000000e+00
-1.687885163231689800e+00,-2.598832460523623933e+00,-3.312340429129918551e+00,1.000000000000000000e+00
-1.713764814085555921e+00,-2.572972311714957883e+00,3.377227877548845125e+00,0.000000000000000000e+00
-1.739894568327637003e+00,-2.662319137690161153e+00,-8.645212109369641240e+00,1.000000000000000000e+00
-1.765769281530429113e+00,-2.493293307644755874e+00,3.377227877548845125e+00,0.000000000000000000e+00
-1.791216459572597008e+00,-2.607514406727061917e+00,3.377227877548845125e+00,0.000000000000000000e+00
-1.817804790940409143e+00,-2.721537782165956099e+00,-6.063766630373619293e+00,1.000000000000000000e+00
-1.844226557055486992e+00,-2.544021227341343394e+00,1.294651988464246006e+00,1.000000000000000000e+00
-1.869966954305267937e+00,-2.610123937498555424e+00,-1.966093905163972533e+00,1.000000000000000000e+00
-1.895813008360590191e+00,-2.552823710382785105e+00,7.020645260556863221e+00,0.000000000000000000e+00
-1.922683350375152589e+00,-2.850183789527366063e+00,5.905167102529571110e+00,0.000000000000000000e+00
-1.952292567495245601e+00,-3.095768725538601274e+00,8.751305433585154780e-01,0.000000000000000000e+00
-1.983295164978619463e+00,-3.105634860892339422e+00,2.004114067405917687e+00,1.000000000000000000e+00
-2.014725624821228855e+00,-3.223303295315628425e+00,9.549830803133414037e+00,0.000000000000000000e+00
-2.049665643134015003e+00,-3.826357302212529898e+00,9.549830803133414037e+00,0.000000000000000000e+00
-2.090679292855607496e+00,-4.439763435822736248e+00,-9.564061634346927576e+00,1.000000000000000000e+00
-2.132497112745724177e+00,-3.861985110692397249e+00,6.624784891764592842e+00,1.000000000000000000e+00
-2.173313092328431839e+00,-4.350437697220360889e+00,5.249532726363488777e+00,1.000000000000000000e+00
-2.218584932484073402e+00,-4.743429667355801627e+00,8.705069091333017539e+00,0.000000000000000000e+00
-2.268972354869422947e+00,-5.401088840060027430e+00,5.555908758953829185e+00,0.000000000000000000e+00
-2.324827612567102353e+00,-5.811472898380549701e+00,5.555908758953829185e+00,0.000000000000000000e+00
-2.384798466693122787e+00,-6.224307683459293195e+00,6.425577681193468393e+00,0.000000000000000000e+00
-2.449262054580632508e+00,-6.718121503703187614e+00,6.425577681193468393e+00,0.000000000000000000e+00
-2.518670339579083262e+00,-7.213047938895791766e+00,-7.908304201241511677e-01,1.000000000000000000e+00
-2.589720093422498426e+00,-6.971356882849756076e+00,2.750676281427586467e+00,0.000000000000000000e+00
-2.660012703341466445e+00,-7.098521806324951555e+00,2.750676281427586467e+00,0.000000000000000000e+00
-2.731537326257448939e+00,-7.216550071444387093e+00,-4.081878162711454650e+00,1.000000000000000000e+00
-2.800681141051097445e+00,-6.544893767063995504e+00,9.755584081262941964e+00,0.000000000000000000e+00
-2.870408291519368049e+00,-7.490136182717487046e+00,-1.841250155743276995e+00,1.000000000000000000e+00
-2.943199932575095712e+00,-7.020978758765770600e+00,-8.079813300538488008e+00,1.000000000000000000e+00
-3.007881661401557327e+00,-5.796961693549367745e+00,5.237912937735700325e+00,0.000000000000000000e+00
-3.067797995136772649e+00,-6.224388158444432939e+00,-6.310015589574010875e+00,0.000000000000000000e+00
-3.125446351219914654e+00,-5.207928557562123473e+00,4.317764499769869424e+00,0.000000000000000000e+00
-3.178963942423049360e+00,-5.522699524601364374e+00,4.008972825948817764e+00,1.000000000000000000e+00
-3.235336841064965441e+00,-5.772581017455896912e+00,-7.333930381210618243e+00,0.000000000000000000e+00
-3.287818530407568218e+00,-4.614764157377814868e+00,-6.859262916533483967e+00,0.000000000000000000e+00
-3.329170787670396869e+00,-3.556451276143834050e+00,-1.917560520973707217e+00,0.000000000000000000e+00
-3.362816438660902296e+00,-3.132093913093160431e+00,-1.917560520973707217e+00,0.000000000000000000e+00
-3.392269886081509256e+00,-2.719261368845397708e+00,8.107836190947834254e+00,1.000000000000000000e+00
-3.423040313255794054e+00,-3.505515039684162559e+00,9.079698962186029121e+00,1.000000000000000000e+00
-3.461970484385126223e+00,-4.356100650431022459e+00,-4.080767259972928329e+00,1.000000000000000000e+00
-3.502222401487950609e+00,-3.625878314220498666e+00,-1.354850238825111575e+00,1.000000000000000000e+00
-3.536711777404879964e+00,-3.234616588310859964e+00,-7.396404377124246032e+00,0.000000000000000000e+00
-3.564245828965808105e+00,-2.174107435561756674e+00,-7.396404377124246032e+00,0.000000000000000000e+00
-3.581387796667876877e+00,-1.160373405180846751e+00,-8.200417746689755205e+00,0.000000000000000000e+00
-3.588186911444473104e+00,-1.010822819910809356e-01,2.542138501929305239e+00,1.000000000000000000e+00
-3.589982995786459519e+00,-2.741474055905639418e-01,-1.983290765642997666e+00,0.000000000000000000e+00
-3.591206435646602024e+00,6.065951144808664347e-02,-9.856095646463144178e+00,0.000000000000000000e+00
-3.585198207871308718e+00,1.252212741990513356e+00,-9.305583301215934355e+00,0.000000000000000000e+00
-3.567759988604041421e+00,2.337209496804040221e+00,-1.028944585327373140e+01,0.000000000000000000e+00
-3.539149440745538389e+00,3.493964755559752611e+00,-1.101880063451632363e+00,0.000000000000000000e+00
-3.503877660208105649e+00,3.566080360086371304e+00,-1.101880063451632363e+00,0.000000000000000000e+00
-3.467926267248159444e+00,3.628961907638335482e+00,-5.307735548231844902e+00,1.000000000000000000e+00
-3.429164329035614855e+00,4.173971321229808851e+00,-5.065755502824657697e+00,1.000000000000000000e+00
-3.385190164850123473e+00,4.666197249262745039e+00,-9.208251237026225056e+00,0.000000000000000000e+00
-3.334157650895443137e+00,5.630174015259704845e+00,-9.656336747016792899e+00,0.000000000000000000e+00
-3.273420556932499892e+00,6.607853231147549522e+00,5.111912656335504401e+00,1.000000000000000000e+00
-3.211267532686690185e+00,5.738612454672895602e+00,-9.510537887303968319e+00,0.000000000000000000e+00
-3.149604305349057665e+00,6.679690079773489941e+00,8.553121829724652514e-01,1.000000000000000000e+00
-3.084532327446332545e+00,6.296399030927152474e+00,-6.355701162215645184e+00,1.000000000000000000e+00
-3.019291089470593104e+00,6.794906932646861186e+00,-1.899679588137960007e+00,0.000000000000000000e+00
-2.951708374230431087e+00,6.710682631007166776e+00,-1.899679588137960007e+00,0.000000000000000000e+00
-2.885036911117279335e+00,6.611131755493230955e+00,5.428230267341351833e+00,1.000000000000000000e+00
-2.823353225018312429e+00,5.634184236805288570e+00,8.381716747882794749e-03,1.000000000000000000e+00
-2.768417107918889730e+00,5.321860307015962022e+00,9.422171340850047372e+00,0.000000000000000000e+00
-2.721450644747814174e+00,3.945022608711026724e+00,1.806446943298922747e+00,1.000000000000000000e+00
-2.684100144638507768e+00,3.481095840342830705e+00,7.318978531321736369e+00,0.000000000000000000e+00
-2.654061610933837301e+00,2.429712526085064717e+00,-6.765017004413098611e-01,1.000000000000000000e+00
-2.630400637640280870e+00,2.288313376871633942e+00,6.312263398422479632e-01,0.000000000000000000e+00
-2.608786144602275314e+00,2.007847942767224669e+00,3.465619694141306439e+00,1.000000000000000000e+00
-2.591294243714446388e+00,1.437461481721422407e+00,4.891138527761107468e-01,1.000000000000000000e+00
-2.577991216820242126e+00,1.200709816784195416e+00,2.119185604022033598e+00,1.000000000000000000e+00
-2.567786697221766889e+00,8.030586287863055173e-01,9.163922788100975936e+00,0.000000000000000000e+00
-2.564775262674402256e+00,-3.035648758847223627e-01,4.673422897112029517e+00,1.000000000000000000e+00
-2.570528958872954295e+00,-9.030983831675361007e-01,9.163922788100975936e+00,0.000000000000000000e+00
-2.584276106859102917e+00,-1.944155400792603405e+00,-4.337676487616337617e+00,1.000000000000000000e+00
-2.601874958526174009e+00,-1.536180122499412715e+00,3.140173658560334591e+00,1.000000000000000000e+00
-2.619010580910912545e+00,-1.927331317279235456e+00,-8.530414879524137461e+00,1.000000000000000000e+00
-2.634342980356555231e+00,-1.056103335016045808e+00,-7.258421506411848467e-01,0.000000000000000000e+00
-2.644881650675082074e+00,-1.050674881970747432e+00,-7.258421506411848467e-01,0.000000000000000000e+00
-2.655354935573413844e+00,-1.042800583012803095e+00,1.339797819044690197e+00,1.000000000000000000e+00
-2.666756239957037256e+00,-1.257158472404111604e+00,-7.258421506411848467e-01,0.000000000000000000e+00
-2.679230217408413495e+00,-1.235041944771674727e+00,3.845232809530971796e+00,1.000000000000000000e+00
-2.693752362490957175e+00,-1.713959988571490900e+00,1.308722456637370080e+00,1.000000000000000000e+00
-2.711699378179425413e+00,-1.891527686376251793e+00,8.694345195490960521e+00,0.000000000000000000e+00
-2.735120412552485725e+00,-2.886117802927278042e+00,5.757418645361442877e+00,1.000000000000000000e+00
-2.766821303123797815e+00,-3.512651239655604662e+00,-2.645731428785735861e+00,1.000000000000000000e+00
-2.800311664277865820e+00,-3.149702188270615988e+00,8.467397748507215383e+00,1.000000000000000000e+00
-2.836032818853102100e+00,-4.081952267309342020e+00,-7.370092305720787884e+00,1.000000000000000000e+00
-2.872489912686109204e+00,-3.116541003710270541e+00,-2.095727989187494700e+00,0.000000000000000000e+00
-2.902232311802649622e+00,-2.801065578920228560e+00,1.588839651882218984e+00,1.000000000000000000e+00
-2.930834246953158750e+00,-2.930452756461060737e+00,1.863025008535070803e+00,0.000000000000000000e+00
-2.960830144917292905e+00,-3.081861958745530039e+00,7.538395046923939802e+00,0.000000000000000000e+00
-2.995395525839261719e+00,-3.907613077602437368e+00,7.538395046923939802e+00,0.000000000000000000e+00
-3.038049234166217527e+00,-4.695640690804813389e+00,5.237912937735700325e+00,0.000000000000000000e+00
-3.087135397206522303e+00,-5.163625269087275704e+00,2.404279780787119680e+00,1.000000000000000000e+00
-3.139194691146573124e+00,-5.254686585429653611e+00,7.386601639126098462e+00,1.000000000000000000e+00
-3.194862629379883856e+00,-5.940310549024967912e+00,7.883923425750527514e-01,0.000000000000000000e+00
-3.253526437693976092e+00,-5.774570692144252781e+00,-7.333930381210618243e+00,0.000000000000000000e+00
-3.306016675566928686e+00,-4.614416422242496374e+00,-4.514742932057980163e-01,0.000000000000000000e+00
-3.350866359080621137e+00,-4.327048982058131266e+00,-1.917560520973707217e+00,0.000000000000000000e+00
-3.392055037932406591e+00,-3.866545928296380552e+00,-9.377131659227330829e+00,1.000000000000000000e+00
-3.424682292608850265e+00,-2.535349875737391123e+00,6.231687440003708112e-01,1.000000000000000000e+00
-3.449586257129643396e+00,-2.435042766528887626e+00,9.256954584687671073e-01,1.000000000000000000e+00
-3.473637586501163277e+00,-2.367900542150662702e+00,3.894200667615783651e+00,1.000000000000000000e+00
-3.498558781319651700e+00,-2.640062788671202920e+00,-7.396404377124246032e+00,0.000000000000000000e+00
-3.520236533198283890e+00,-1.598925345325096892e+00,-7.396404377124246032e+00,0.000000000000000000e+00
-3.531705084920061744e+00,-6.022168465473167753e-01,-8.200417746689755205e+00,0.000000000000000000e+00
-3.532982643649739352e+00,4.440778966523060145e-01,7.073056438688678504e+00,1.000000000000000000e+00
-3.531847550223569332e+00,-2.850915986104169964e-01,7.693231067109573829e+00,1.000000000000000000e+00
-3.538185754136111694e+00,-1.053511286794212687e+00,7.129192060834754763e-01,1.000000000000000000e+00
-3.548466912285070496e+00,-9.970162873075212318e-01,-8.200417746689755205e+00,0.000000000000000000e+00
-3.553633026948388451e+00,6.225000207923715723e-02,-8.200417746689755205e+00,0.000000000000000000e+00
-3.548404823165419053e+00,1.078123669994132783e+00,-5.343185635158647528e+00,1.000000000000000000e+00
-3.534661742127871875e+00,1.731397316471710912e+00,-6.137924999421400685e+00,1.000000000000000000e+00
-3.514095676621324937e+00,2.448817267638238260e+00,-1.028944585327373140e+01,0.000000000000000000e+00
-3.484326012583947474e+00,3.614755453123766671e+00,-8.556902550748315406e+00,0.000000000000000000e+00
-3.443993647712828565e+00,4.538444236274573385e+00,-9.208251237026225056e+00,0.000000000000000000e+00
-3.394230590756932564e+00,5.504825586731564968e+00,-1.069414106945386145e+01,0.000000000000000000e+00
-3.334164931072568727e+00,6.611995684827967956e+00,-1.944744146173960075e-03,1.000000000000000000e+00
-3.269080186782049147e+00,6.380823137036530923e+00,-4.536167525375099707e+00,0.000000000000000000e+00
-3.203827334101629010e+00,6.697177903183315628e+00,-4.536167525375099707e+00,0.000000000000000000e+00
-3.135528584503461502e+00,6.987000155863085205e+00,-2.810189478650408912e+00,1.000000000000000000e+00
-3.065418594813827724e+00,7.036628798220508685e+00,-9.647817415710637334e+00,0.000000000000000000e+00
-2.991119070841866900e+00,7.898990999782846245e+00,9.285482190251144630e+00,1.000000000000000000e+00
-2.918868817336432997e+00,6.412284288459288994e+00,-1.899679588137960007e+00,0.000000000000000000e+00
-2.855167572833414269e+00,6.315863019496135600e+00,9.771540510965978754e+00,1.000000000000000000e+00
-2.798693425099467724e+00,4.843192643187660629e+00,-4.172486381039400172e+00,1.000000000000000000e+00
-2.749364028942543392e+00,5.037389812696524416e+00,-3.639341371351660914e+00,1.000000000000000000e+00
-2.698494539005182435e+00,5.142907870330779119e+00,6.409629401679937999e+00,0.000000000000000000e+00
-2.651700137876739749e+00,4.122010750984601124e+00,-3.221787243549334434e-01,1.000000000000000000e+00
-2.611610660534833261e+00,3.870955338617943831e+00,2.855629210396928741e+00,0.000000000000000000e+00
-2.575541963975158222e+00,3.288398624108001211e+00,-2.481602618443798924e+00,1.000000000000000000e+00
-2.542701971392931970e+00,3.276450628173742885e+00,-6.902478321479713408e+00,0.000000000000000000e+00
-2.508015816301522261e+00,3.695854445381513642e+00,6.429439994382959433e+00,0.000000000000000000e+00
-2.475258638287190838e+00,2.771067846278131519e+00,1.986496119284655304e+00,1.000000000000000000e+00
-2.449605632871269201e+00,2.317115543307409098e+00,0.000000000000000000e+00,0.000000000000000000e+00
-2.427564941413008714e+00,2.067053814262546307e+00,0.000000000000000000e+00,0.000000000000000000e+00
-2.407996191793067009e+00,1.823412440064946960e+00,7.906911244212846412e+00,0.000000000000000000e+00
-2.394087840514512067e+00,8.707048509008038506e-01,2.497394823768694927e-01,0.000000000000000000e+00
-2.386386927137118086e+00,6.485930883847332851e-01,-5.707473555647202268e-01,0.000000000000000000e+00
-2.380539129177558610e+00,5.076181633428860085e-01,-5.707473555647202268e-01,0.000000000000000000e+00
-2.376080462637319535e+00,3.712482573856735746e-01,8.888403858569676075e+00,0.000000000000000000e+00
-2.376756092667754228e+00,-5.965023282261998627e-01,8.888403858569676075e+00,0.000000000000000000e+00
-2.386938327903837198e+00,-1.527585203579758133e+00,9.746049265899654479e-01,0.000000000000000000e+00
-2.403071029121601310e+00,-1.716266391854885054e+00,9.746049265899654479e-01,0.000000000000000000e+00
-2.421048281839632832e+00,-1.895580951137466608e+00,9.746049265899654479e-01,0.000000000000000000e+00
-2.440776994546186796e+00,-2.065652988672440404e+00,9.746049265899654479e-01,0.000000000000000000e+00
-2.462165228523919058e+00,-2.226587090488473031e+00,9.746049265899654479e-01,0.000000000000000000e+00
-2.485122005646665855e+00,-2.378469071902626020e+00,9.746049265899654479e-01,0.000000000000000000e+00
-2.509557125627829954e+00,-2.521367152591603489e+00,9.746049265899654479e-01,0.000000000000000000e+00
-2.535380996770719264e+00,-2.655333512936704832e+00,9.746049265899654479e-01,0.000000000000000000e+00
-2.562504483839919800e+00,-2.780406188582567051e+00,5.287521801524697196e-02,0.000000000000000000e+00
-2.590407577838064856e+00,-2.801212921185360916e+00,6.760295549136829507e+00,0.000000000000000000e+00
-2.621683014639468290e+00,-3.522136023012939265e+00,5.702905492368812723e+00,0.000000000000000000e+00
-2.659552087430178791e+00,-4.106931460949585500e+00,7.722226423753436819e+00,0.000000000000000000e+00
-2.704182823831300375e+00,-4.894050582174243047e+00,7.722226423753436819e+00,0.000000000000000000e+00
-2.756579599118522239e+00,-5.657833036237809310e+00,7.722226423753436819e+00,0.000000000000000000e+00
-2.816508086153733714e+00,-6.397842071140390274e+00,9.755584081262941964e+00,0.000000000000000000e+00
-2.884801984026884369e+00,-7.351034096209954960e+00,2.303139917975662865e+00,0.000000000000000000e+00
-2.958450494298319633e+00,-7.379155281243924946e+00,2.303139917975662865e+00,0.000000000000000000e+00
-3.032315037712898231e+00,-7.392569203317423288e+00,2.303139917975662865e+00,0.000000000000000000e+00
-3.106243269766521653e+00,-7.390131437054084707e+00,-3.523214586611724819e+00,0.000000000000000000e+00
-3.176832115748227103e+00,-6.656432415692307814e+00,-9.610846780569145764e+00,0.000000000000000000e+00
-3.236766433278613686e+00,-5.192422442497131030e+00,-7.333930381210618243e+00,0.000000000000000000e+00
-3.283554128144016371e+00,-4.058464630700442832e+00,1.157296615584124666e+00,0.000000000000000000e+00
-3.323856532977403244e+00,-3.994272581150116075e+00,-1.917560520973707217e+00,0.000000000000000000e+00
-3.361802803275558027e+00,-3.552645944309467119e+00,-1.917560520973707217e+00,0.000000000000000000e+00
-3.395383710590262005e+00,-3.122462307538584003e+00,-1.917560520973707217e+00,0.000000000000000000e+00
-3.424716658510087441e+00,-2.704351720733715769e+00,-1.917560520973707217e+00,0.000000000000000000e+00
-3.449924626295602259e+00,-2.298787017862667703e+00,-7.396404377124246032e+00,0.000000000000000000e+00
-3.468236095334936042e+00,-1.267671414935067187e+00,-8.200417746689755205e+00,0.000000000000000000e+00
-3.476008516621444500e+00,-1.862605104534983125e-01,-8.200417746689755205e+00,0.000000000000000000e+00
-3.473169580000716739e+00,8.506341768092425815e-01,-9.305583301215934355e+00,0.000000000000000000e+00
-3.459569547768894360e+00,1.974300898613267963e+00,-1.028944585327373140e+01,0.000000000000000000e+00
-3.434410482310001900e+00,3.169422642422709213e+00,-1.028944585327373140e+01,0.000000000000000000e+00
-3.397503830662649715e+00,4.319707327337785507e+00,-9.208251237026225056e+00,0.000000000000000000e+00
-3.349873832487734848e+00,5.297573585491860193e+00,-9.208251237026225056e+00,0.000000000000000000e+00
-3.292644246097519378e+00,6.235366882010870526e+00,-9.656336747016792899e+00,0.000000000000000000e+00
-3.225978125375974948e+00,7.185240033405491111e+00,-4.536167525375099707e+00,0.000000000000000000e+00
-3.152869471920069611e+00,7.459420655301611802e+00,-4.536167525375099707e+00,0.000000000000000000e+00
-3.077145083672816916e+00,7.705110872352444851e+00,-3.500919864440650286e+00,0.000000000000000000e+00
-2.999675218866316939e+00,7.793407402416255181e+00,-9.105191989601724600e+00,0.000000000000000000e+00
-2.918366207216503749e+00,8.531161198321468575e+00,-7.758772227456893766e+00,0.000000000000000000e+00
-2.830717221075828682e+00,9.038852776089600027e+00,-8.027090673850478808e+00,0.000000000000000000e+00
-2.738147605257339467e+00,9.510157643998466526e+00,-8.027090673850478808e+00,0.000000000000000000e+00
-2.641203369618283059e+00,9.904981753375798448e+00,-7.466722503058217164e+00,0.000000000000000000e+00
-2.540949345013733041e+00,1.015788933577956499e+01,-8.576485336054012976e+00,0.000000000000000000e+00
-2.438034642656223383e+00,1.043671240960457958e+01,-9.739811568333703207e+00,0.000000000000000000e+00
-2.332300599414419473e+00,1.071872463604782766e+01,-9.739811568333703207e+00,0.000000000000000000e+00
-2.224288054504042655e+00,1.087945785875606752e+01,-9.961317812571294894e+00,0.000000000000000000e+00
-2.115156962734298318e+00,1.093052290564858708e+01,-1.596151089776280951e+00,0.000000000000000000e+00
-2.008389551047470967e+00,1.036514905956713761e+01,-9.795739806792751025e+00,0.000000000000000000e+00
-1.907005231455268346e+00,9.804121558446668772e+00,3.587010379123234394e+00,0.000000000000000000e+00
-1.814189323672728893e+00,8.666547079890611016e+00,-7.711079741083434413e+00,0.000000000000000000e+00
-1.730827158232099316e+00,7.928490385682081865e+00,6.336589795309621742e+00,0.000000000000000000e+00
-1.656001761486167956e+00,6.962764664987171059e+00,-6.713552849518988452e+00,0.000000000000000000e+00
-1.589757072800552118e+00,6.212073827312265983e+00,7.902511839978309638e+00,0.000000000000000000e+00
-1.531004535215808815e+00,5.485494997568549636e+00,6.725149793248801799e+00,0.000000000000000000e+00
-1.479037779130109698e+00,4.861466082969279512e+00,6.725149793248801799e+00,0.000000000000000000e+00
-1.432892510494603533e+00,4.328260308046990801e+00,8.877282775780969359e+00,0.000000000000000000e+00
-1.391537179990484763e+00,3.914991404398233232e+00,8.877282775780969359e+00,0.000000000000000000e+00
-1.353961727460269326e+00,3.578168390891091732e+00,8.877282775780969359e+00,0.000000000000000000e+00
-1.319447407213301338e+00,3.307922146203787772e+00,6.131791692176172148e+00,0.000000000000000000e+00
-1.287755997924451945e+00,3.008817913072628247e+00,6.131791692176172148e+00,0.000000000000000000e+00
-1.258836514019155528e+00,2.757267106098042930e+00,6.131791692176172148e+00,0.000000000000000000e+00
-1.232240174423385071e+00,2.547476156326195174e+00,7.080748288219551156e+00,0.000000000000000000e+00
-1.207395760730632484e+00,2.413648579452285059e+00,7.080748288219551156e+00,0.000000000000000000e+00
-1.183741883278488949e+00,2.311947099737801992e+00,7.080748288219551156e+00,0.000000000000000000e+00
-1.160973742504554984e+00,2.238818701148824530e+00,9.736389265960147199e+00,0.000000000000000000e+00
-1.138229097194088935e+00,2.321819654148437717e+00,9.736389265960147199e+00,0.000000000000000000e+00
-1.114562607379195436e+00,2.425091918828632842e+00,9.736389265960147199e+00,0.000000000000000000e+00
-1.089774533486912222e+00,2.548021543477902551e+00,9.736389265960147199e+00,0.000000000000000000e+00
-1.063670180867670734e+00,2.690230883595857048e+00,9.736389265960147199e+00,0.000000000000000000e+00
-1.036057702247693557e+00,2.851542376764325315e+00,1.366511834188262053e+00,0.000000000000000000e+00
-1.009123870304998283e+00,2.506730266856499245e+00,1.366511834188262053e+00,0.000000000000000000e+00
-9.854802705427697651e-01,2.196323470360697527e+00,1.366511834188262053e+00,0.000000000000000000e+00
-9.647990494703351239e-01,1.916787633382723177e+00,1.366511834188262053e+00,0.000000000000000000e+00
-9.467861301397062501e-01,1.664931200780424225e+00,5.386603101000300597e+00,0.000000000000000000e+00
-9.298773607289383403e-01,1.723822948350702378e+00,5.386603101000300597e+00,0.000000000000000000e+00
-9.123496602134685274e-01,1.789349220254125683e+00,5.386603101000300597e+00,0.000000000000000000e+00
-8.941374758346288809e-01,1.861342738638403826e+00,5.386603101000300597e+00,0.000000000000000000e+00
-8.751767209562550942e-01,1.939680876158234035e+00,9.289170424159774342e+00,0.000000000000000000e+00
-8.540190601471642218e-01,2.329035174074224557e+00,9.289170424159774342e+00,0.000000000000000000e+00
-8.290091557623633367e-01,2.710020091125568520e+00,9.289170424159774342e+00,0.000000000000000000e+00
-8.002117302322045989e-01,3.086742015521831917e+00,4.183156785318494997e+00,0.000000000000000000e+00
-7.696272917734906516e-01,3.027821597515585772e+00,9.586276009709767010e+00,0.000000000000000000e+00
-7.373853766098585893e-01,3.463412135706500639e+00,-1.422266536512707402e+00,0.000000000000000000e+00
-7.053233117813987318e-01,2.900867330305582303e+00,-1.422266536512707402e+00,0.000000000000000000e+00
-6.786710855486006722e-01,2.385489154845299442e+00,8.375825868981747746e+00,0.000000000000000000e+00
-6.527564115723798466e-01,2.840217769426959915e+00,1.079314548705383814e+01,0.000000000000000000e+00
-6.212983125471465140e-01,3.514702507142573484e+00,2.863883562204547761e+00,0.000000000000000000e+00
-5.867701607540495301e-01,3.381793979484041035e+00,2.863883562204547761e+00,0.000000000000000000e+00
-5.534616369404116165e-01,3.272718174485528486e+00,2.863883562204547761e+00,0.000000000000000000e+00
-5.211460204057168921e-01,3.184952055365339429e+00,1.067178816683698184e+00,0.000000000000000000e+00
-4.904446755757215781e-01,2.964085768843070845e+00,1.067178816683698184e+00,0.000000000000000000e+00
-4.613335562843101090e-01,2.848743379855896318e+00,1.067178816683698184e+00,0.000000000000000000e+00
-4.333187260884269754e-01,2.745943658545883626e+00,1.067178816683698184e+00,0.000000000000000000e+00
-4.062784464806305507e-01,2.654878534448583238e+00,1.067178816683698184e+00,0.000000000000000000e+00
-3.800987821702790370e-01,2.574800913918236844e+00,6.149073199363676245e+00,0.000000000000000000e+00
-3.520400375848722896e-01,3.086956703812549829e+00,6.149073199363676245e+00,0.000000000000000000e+00
-3.188893872286065467e-01,3.592926209260739245e+00,6.149073199363676245e+00,0.000000000000000000e+00
-2.806994305915125887e-01,4.094685627879083967e+00,-3.482451482650907870e+00,0.000000000000000000e+00
-2.426697159406145110e-01,3.452218198755234724e+00,-9.628663256528180447e-01,0.000000000000000000e+00
-2.095611252543473357e-01,3.141755666916180356e+00,-9.628663256528180447e-01,0.000000000000000000e+00
-1.794689520799300497e-01,2.850658877999976415e+00,-9.628663256528180447e-01,0.000000000000000000e+00
-1.522052716053085564e-01,2.577661889317685251e+00,-9.628663256528180447e-01,0.000000000000000000e+00
-1.275946139535605595e-01,2.321545247194052308e+00,-2.269567774069289889e+00,0.000000000000000000e+00
-1.061950921958161459e-01,1.921897211057167487e+00,-2.269567774069289889e+00,0.000000000000000000e+00
-8.869876450183548922e-02,1.542691707606054008e+00,-2.269567774069289889e+00,0.000000000000000000e+00
-7.490821019681137560e-02,1.182380207283745044e+00,-2.269567774069289889e+00,0.000000000000000000e+00
-6.464127765858539154e-02,8.394644603525884818e-01,0.000000000000000000e+00,0.000000000000000000e+00
-5.647030868261358749e-02,7.905017025221653393e-01,0.000000000000000000e+00,0.000000000000000000e+00
-4.877113476040437906e-02,7.454506620126009064e-01,0.000000000000000000e+00,0.000000000000000000e+00
-4.150586283288473094e-02,7.040430302031066567e-01,0.000000000000000000e+00,0.000000000000000000e+00
-3.463919371923840362e-02,6.660300660170398457e-01,0.000000000000000000e+00,0.000000000000000000e+00
-2.813823260490880968e-02,6.311812429673749891e-01,0.000000000000000000e+00,0.000000000000000000e+00
-2.197231265556541871e-02,5.992829850677838799e-01,0.000000000000000000e+00,0.000000000000000000e+00
-1.611283088865796131e-02,5.701374870844604370e-01,0.000000000000000000e+00,0.000000000000000000e+00
-1.053309547973936208e-02,5.435616145520256737e-01,0.000000000000000000e+00,0.000000000000000000e+00
-5.208183726436372771e-03,5.193858790046932405e-01,0.000000000000000000e+00,0.000000000000000000e+00
-1.148099380863569713e-04,4.974534839604935477e-01,0.000000000000000000e+00,0.000000000000000000e+00
4.768797436870766959e-03,4.776194373253926373e-01,0.000000000000000000e+00,0.000000000000000000e+00
9.463010091018677836e-03,4.597497260427728660e-01,0.000000000000000000e+00,0.000000000000000000e+00
1.398690614992645700e-02,4.437205489920600932e-01,0.000000000000000000e+00,0.000000000000000000e+00
1.835836904115062396e-02,4.294176043305840684e-01,0.000000000000000000e+00,0.000000000000000000e+00
2.259417946830374543e-02,4.167354276691910275e-01,0.000000000000000000e+00,0.000000000000000000e+00
2.671010098301272728e-02,4.055767776702334793e-01,0.000000000000000000e+00,0.000000000000000000e+00
3.072095961436275419e-02,3.958520658530113034e-01,0.000000000000000000e+00,0.000000000000000000e+00
3.464071798414327524e-02,3.874788275840864715e-01,0.000000000000000000e+00,0.000000000000000000e+00
3.848254430683129695e-02,3.803812314163888542e-01,0.000000000000000000e+00,0.000000000000000000e+00
4.225887664570004976e-02,3.744896241204405674e-01,0.000000000000000000e+00,0.000000000000000000e+00
4.598148277065298301e-02,3.697401089225624826e-01,0.000000000000000000e+00,0.000000000000000000e+00
4.966151593927281560e-02,3.660741546280992798e-01,0.000000000000000000e+00,0.000000000000000000e+00
5.330956690005895365e-02,3.634382334622672239e-01,0.000000000000000000e+00,0.000000000000000000e+00
5.693571239581566440e-02,3.617834856071455718e-01,0.000000000000000000e+00,0.000000000000000000e+00
6.054956042556418339e-02,3.610654085506744826e-01,0.000000000000000000e+00,0.000000000000000000e+00
6.416029250509754089e-02,3.612435694924763796e-01,0.000000000000000000e+00,0.000000000000000000e+00
6.777670314929516715e-02,3.622813391721344534e-01,0.000000000000000000e+00,0.000000000000000000e+00
7.140723678348571968e-02,3.641456455985485618e-01,0.000000000000000000e+00,0.000000000000000000e+00
7.506002227641325741e-02,3.668067462644772903e-01,0.000000000000000000e+00,0.000000000000000000e+00
7.874290527365135350e-02,3.702380175287077191e-01,0.000000000000000000e+00,0.000000000000000000e+00
8.246347849755165937e-02,3.744157599398531544e-01,0.000000000000000000e+00,0.000000000000000000e+00
8.622911016794160277e-02,3.793190183608927124e-01,0.000000000000000000e+00,0.000000000000000000e+00
9.004697068673733762e-02,3.849294158326103665e-01,0.000000000000000000e+00,0.000000000000000000e+00
9.392405771935437298e-02,3.912310001873973708e-01,0.000000000000000000e+00,0.000000000000000000e+00
