-1.075188848140771869e+00,-1.034894413979837058e+00,0.000000000000000000e+00,0.000000000000000000e+00
-1.083504073205304286e+00,-5.916665581130359230e-01,1.000000000000000000e+01,1.000000000000000000e+00
-1.087587909764484495e+00,-1.914698670739383990e-01,1.000000000000000000e+01,1.000000000000000000e+00
-1.087832819071644863e+00,1.738957182337118879e-01,1.000000000000000000e+01,1.000000000000000000e+00
-1.084554201122742922e+00,5.115631051999292023e-01,1.000000000000000000e+01,1.000000000000000000e+00
-1.078000347790800895e+00,8.277538975524377785e-01,1.000000000000000000e+01,1.000000000000000000e+00
-1.068360929158842731e+00,1.127914074676637624e+00,1.000000000000000000e+01,1.000000000000000000e+00
-1.055774209058659929e+00,1.416830834446821452e+00,1.000000000000000000e+01,1.000000000000000000e+00
-1.040333171272840085e+00,1.698732147733640563e+00,1.000000000000000000e+01,1.000000000000000000e+00
-1.022090722337895441e+00,1.977370548317970878e+00,1.000000000000000000e+01,1.000000000000000000e+00
-1.001064122293626291e+00,2.256092520248845990e+00,1.000000000000000000e+01,1.000000000000000000e+00
-9.772387821271414365e-01,2.537894607297344507e+00,1.000000000000000000e+01,1.000000000000000000e+00
-9.505715566368332370e-01,2.825467092426140248e+00,1.000000000000000000e+01,1.000000000000000000e+00
-9.209936542790471137e-01,3.121225800825801588e+00,1.000000000000000000e+01,1.000000000000000000e+00
-8.884132813671091755e-01,3.427332282182838696e+00,1.000000000000000000e+01,1.000000000000000000e+00
-8.527181367516428745e-01,3.745702337949041727e+00,1.000000000000000000e+01,1.000000000000000000e+00
-8.137778746878677749e-01,4.078002590254949489e+00,1.000000000000000000e+01,1.000000000000000000e+00
-7.714466577087885080e-01,4.425634558198845880e+00,1.000000000000000000e+01,1.000000000000000000e+00
-7.255659274844007411e-01,4.789705539928693412e+00,1.000000000000000000e+01,1.000000000000000000e+00
-6.759675290663110792e-01,5.170985531765518672e+00,1.000000000000000000e+01,1.000000000000000000e+00
-6.224773313776625905e-01,5.569849499292105932e+00,1.000000000000000000e+01,1.000000000000000000e+00
-5.649194925140172963e-01,5.986204616826841907e+00,1.000000000000000000e+01,1.000000000000000000e+00
-5.031215198313305770e-01,6.419402694361918016e+00,1.000000000000000000e+01,1.000000000000000000e+00
-4.359443245585158389e-01,7.113338061063074313e+00,1.000000000000000000e+01,1.000000000000000000e+00
-3.652331334993063061e-01,7.024804179589529518e+00,2.631578922271728516e+00,1.000000000000000000e+00
-2.958319238902084036e-01,6.841800156854885628e+00,1.578947424888610840e+00,1.000000000000000000e+00
-2.286998960829508265e-01,6.561309761990417933e+00,5.263158082962036133e-01,1.000000000000000000e+00
-1.648183939196390946e-01,6.182085874669375869e+00,-5.263158082962036133e-01,1.000000000000000000e+00
-1.051738124500752464e-01,5.704495716358946922e+00,-1.578947424888610840e+00,1.000000000000000000e+00
-5.015949892526160026e-02,5.258969263057999832e+00,-1.578947424888610840e+00,1.000000000000000000e+00
-4.747639067609072533e-05,4.714725184915722345e+00,-2.631578922271728516e+00,1.000000000000000000e+00
4.477520750884268763e-02,4.204146447719619317e+00,-2.631578922271728516e+00,1.000000000000000000e+00
8.463629841379054219e-02,3.725238250343966051e+00,-2.631578922271728516e+00,1.000000000000000000e+00
1.192602671950010601e-01,3.147428630474704558e+00,-3.684210538864135742e+00,1.000000000000000000e+00
1.482566294916700944e-01,2.602582162894464091e+00,-3.684210538864135742e+00,1.000000000000000000e+00
1.719432333308942573e-01,2.088079053390766937e+00,-3.684210538864135742e+00,1.000000000000000000e+00
1.906117705190112921e-01,1.601317520639096381e+00,-3.684210538864135742e+00,1.000000000000000000e+00
2.039535471280830570e-01,1.013067774202009108e+00,-4.736842155456542969e+00,1.000000000000000000e+00
2.115406689562175924e-01,4.526453874147848278e-01,-4.736842155456542969e+00,1.000000000000000000e+00
2.136373295945283302e-01,-8.305023629159415111e-02,-4.736842155456542969e+00,1.000000000000000000e+00
2.104774611961821029e-01,-5.969481646026674193e-01,-4.736842155456542969e+00,1.000000000000000000e+00
2.022665868657758104e-01,-1.091776912843157588e+00,-4.736842155456542969e+00,1.000000000000000000e+00
1.897580221207204043e-01,-1.443344558825570223e+00,-3.684210538864135742e+00,1.000000000000000000e+00
1.737793179699425594e-01,-1.785062512068674279e+00,-3.684210538864135742e+00,1.000000000000000000e+00
1.544225742765217013e-01,-2.118323722540921938e+00,-3.684210538864135742e+00,1.000000000000000000e+00
1.323458598112265960e-01,-2.316527336517321345e+00,-2.631578922271728516e+00,1.000000000000000000e+00
1.082949183825236000e-01,-2.513083676548599765e+00,-2.631578922271728516e+00,1.000000000000000000e+00
8.286678170483419148e-02,-2.579865802265919772e+00,-1.578947424888610840e+00,1.000000000000000000e+00
5.675340361082770180e-02,-2.650500876710199183e+00,-1.578947424888610840e+00,1.000000000000000000e+00
3.050161199575712051e-02,-2.595844545015091320e+00,-5.263158082962036133e-01,1.000000000000000000e+00
5.050255032420373699e-03,-2.485153225631545837e+00,0.000000000000000000e+00,1.000000000000000000e+00
-1.934214463827015409e-02,-2.384990477755766225e+00,0.000000000000000000e+00,1.000000000000000000e+00
-4.248507528152147689e-02,-2.230123466814982081e+00,5.263158082962036133e-01,1.000000000000000000e+00
-6.354811731176629452e-02,-1.958044900691208179e+00,1.578947424888610840e+00,1.000000000000000000e+00
-8.196400980520024415e-02,-1.702094416634712726e+00,1.578947424888610840e+00,1.000000000000000000e+00
-9.788834574023617952e-02,-1.461020008612722743e+00,1.578947424888610840e+00,1.000000000000000000e+00
-1.114644925275279363e-01,-1.233635189369453933e+00,1.578947424888610840e+00,1.000000000000000000e+00
-1.222424440556953706e-01,-8.905165946989824777e-01,2.631578922271728516e+00,1.000000000000000000e+00
-1.296652373415825843e-01,-5.639958566907264936e-01,2.631578922271728516e+00,1.000000000000000000e+00
-1.338916820284355713e-01,-2.524961749971700864e-01,2.631578922271728516e+00,1.000000000000000000e+00
-1.350652234028295040e-01,4.546913937375950121e-02,2.631578922271728516e+00,1.000000000000000000e+00
-1.333148514287022801e-01,3.312951667151868285e-01,2.631578922271728516e+00,1.000000000000000000e+00
-1.287560189828665935e-01,6.062850806469284315e-01,2.631578922271728516e+00,1.000000000000000000e+00
-1.214915592060133304e-01,8.716506424622348925e-01,2.631578922271728516e+00,1.000000000000000000e+00
-1.121940968069969485e-01,1.000219803388071593e+00,1.578947424888610840e+00,1.000000000000000000e+00
-1.016233759488679722e-01,1.126105748363726455e+00,1.578947424888610840e+00,1.000000000000000000e+00
-8.980431735661793813e-02,1.249727512512619265e+00,1.578947424888610840e+00,1.000000000000000000e+00
-7.675778984323392007e-02,1.371473637205642415e+00,1.578947424888610840e+00,1.000000000000000000e+00
-6.308498718885456602e-02,1.362846761797334771e+00,5.263158082962036133e-01,1.000000000000000000e+00
-4.948173704296801589e-02,1.357901456713710209e+00,5.263158082962036133e-01,1.000000000000000000e+00
-3.591201469793613155e-02,1.356464821508861274e+00,5.263158082962036133e-01,1.000000000000000000e+00
-2.263412215140494371e-02,1.293819576948978645e+00,0.000000000000000000e+00,1.000000000000000000e+00
-9.956773007361764335e-03,1.236861397728238776e+00,0.000000000000000000e+00,1.000000000000000000e+00
1.882401127889147532e-03,1.120632528719910592e+00,-5.263158082962036133e-01,1.000000000000000000e+00
1.259340904014328438e-02,1.011879793843299291e+00,-5.263158082962036133e-01,1.000000000000000000e+00
2.224845050092574827e-02,9.100410510617092941e-01,-5.263158082962036133e-01,1.000000000000000000e+00
3.091427465183478260e-02,8.145916799309131928e-01,-5.263158082962036133e-01,1.000000000000000000e+00
3.865254472328719798e-02,7.250422626835134610e-01,-5.263158082962036133e-01,1.000000000000000000e+00
4.552017992273710290e-02,6.409363474008863415e-01,-5.263158082962036133e-01,1.000000000000000000e+00
5.098468443969070979e-02,4.328206599181846914e-01,-1.578947424888610840e+00,1.000000000000000000e+00
5.441218607134529900e-02,2.343483526287588048e-01,-1.578947424888610840e+00,1.000000000000000000e+00
5.589506168014018311e-02,4.462833022698925456e-02,-1.578947424888610840e+00,1.000000000000000000e+00
5.551703042039229236e-02,-1.371746400287096046e-01,-1.578947424888610840e+00,1.000000000000000000e+00
5.335370203810939349e-02,-3.118422404083309174e-01,-1.578947424888610840e+00,1.000000000000000000e+00
4.947310173715747939e-02,-4.801049701227830813e-01,-1.578947424888610840e+00,1.000000000000000000e+00
4.452113519549186910e-02,-5.136102861763203187e-01,-5.263158082962036133e-01,1.000000000000000000e+00
3.923476980575396622e-02,-5.469861472786969880e-01,-5.263158082962036133e-01,1.000000000000000000e+00
3.361491463389122691e-02,-5.803174628410763258e-01,-5.263158082962036133e-01,1.000000000000000000e+00
2.766164765910761672e-02,-6.136852026470996924e-01,-5.263158082962036133e-01,1.000000000000000000e+00
2.137425368636461376e-02,-6.471667217141832129e-01,-5.263158082962036133e-01,1.000000000000000000e+00
1.504402296655404231e-02,-6.162585177069844766e-01,0.000000000000000000e+00,1.000000000000000000e+00
9.010330546644598065e-03,-5.881033593854105845e-01,0.000000000000000000e+00,1.000000000000000000e+00
3.246471278063874782e-03,-5.625204219772237391e-01,0.000000000000000000e+00,1.000000000000000000e+00
-2.272513576936483273e-03,-5.393424424645669735e-01,0.000000000000000000e+00,1.000000000000000000e+00
-7.569967648522739345e-03,-5.184147733488855270e-01,0.000000000000000000e+00,1.000000000000000000e+00
-1.237493287421031693e-02,-4.350090856398533545e-01,5.263158082962036133e-01,1.000000000000000000e+00
-1.636631992599794569e-02,-3.560833249278663737e-01,5.263158082962036133e-01,1.000000000000000000e+00
-1.958722499748363766e-02,-2.812637324983529585e-01,5.263158082962036133e-01,1.000000000000000000e+00
-2.207711957796806845e-02,-2.102013109347774522e-01,5.263158082962036133e-01,1.000000000000000000e+00
-2.387209026256286587e-02,-1.425701086683847096e-01,5.263158082962036133e-01,1.000000000000000000e+00
-2.500506185969752007e-02,-7.806560456385788771e-02,5.263158082962036133e-01,1.000000000000000000e+00
