-4.856787062817180534e+00,-2.018407687215352908e+00,0.000000000000000000e+00
-4.876348580229378449e+00,-1.885665362365901210e+00,-1.000000000000000000e+01
-4.894716178527151129e+00,-1.782087471461863304e+00,-1.000000000000000000e+01
-4.912169813325674816e+00,-1.705159753741863238e+00,-1.000000000000000000e+01
-4.928966274532174729e+00,-1.652798983794429244e+00,-1.000000000000000000e+01
-4.945343301906884648e+00,-1.623310743048553828e+00,-1.000000000000000000e+01
-4.961523303768251125e+00,-1.615352767340328066e+00,-1.000000000000000000e+01
-4.977716732668859834e+00,-1.627903430095903659e+00,-1.000000000000000000e+01
-4.994125167258578024e+00,-1.660234881337355306e+00,-1.000000000000000000e+01
-5.010944144676206413e+00,-1.711890348667885586e+00,-1.000000000000000000e+01
-5.028365782853097876e+00,-1.782665102949420932e+00,-1.000000000000000000e+01
-5.046581227127748370e+00,-1.872590588034250825e+00,-1.000000000000000000e+01
-5.065782950522526029e+00,-1.981921202587357378e+00,-1.000000000000000000e+01
-5.086166931811384906e+00,-2.111123195907212313e+00,-1.000000000000000000e+01
-5.107934729933399254e+00,-2.260865092247032582e+00,-1.000000000000000000e+01
-5.131295467138607513e+00,-2.432008982691319154e+00,-1.000000000000000000e+01
-5.156467726176259703e+00,-2.625601912624444534e+00,-1.000000000000000000e+01
-5.183681358457940647e+00,-2.842866437634695043e+00,-1.000000000000000000e+01
-5.213179189964086468e+00,-3.085189211544244081e+00,-1.000000000000000000e+01
-5.245218599124883418e+00,-3.354106196380848282e+00,-1.000000000000000000e+01
-5.280072925298210151e+00,-3.651282734466239521e+00,-1.000000000000000000e+01
-5.318032646984385714e+00,-3.978486287552461143e+00,-1.000000000000000000e+01
-5.359406244672593189e+00,-4.337549121199478108e+00,-1.000000000000000000e+01
-5.404520633294525034e+00,-4.730317597037384303e+00,-1.000000000000000000e+01
-5.453721012845579530e+00,-5.158584049823395468e+00,-1.000000000000000000e+01
-5.507369942298775634e+00,-5.623996516007317759e+00,-1.000000000000000000e+01
-5.565845391592382008e+00,-6.127940934618872681e+00,-1.000000000000000000e+01
-5.629537470488485518e+00,-6.671390012855176188e+00,-1.000000000000000000e+01
-5.698843474660828079e+00,-7.254712981481398870e+00,-1.000000000000000000e+01
-5.774160834608139226e+00,-7.877441320685503179e+00,-1.000000000000000000e+01
-5.855877512261711715e+00,-8.537987714768506819e+00,-1.000000000000000000e+01
-5.944359379434295931e+00,-9.233319626307615380e+00,-1.000000000000000000e+01
-6.039934154250281573e+00,-9.958595673701491791e+00,-1.000000000000000000e+01
-6.142871595998571799e+00,-1.070678307719900069e+01,-1.000000000000000000e+01
-6.253359899947284362e+00,-1.146828805936478091e+01,-1.000000000000000000e+01
-6.371478625224416881e+00,-1.223064765621939642e+01,-1.000000000000000000e+01
-6.497169052686632362e+00,-1.297834887853677799e+01,-1.000000000000000000e+01
-6.630203598475059579e+00,-1.369285549998811646e+01,-1.000000000000000000e+01
-6.770156744725739806e+00,-1.435292767143050163e+01,-1.000000000000000000e+01
-6.916380763273661358e+00,-1.493530733841194547e+01,-1.000000000000000000e+01
-7.067990096354896501e+00,-1.541580609660331191e+01,-1.000000000000000000e+01
-7.223858362417175272e+00,-1.577076918862311672e+01,-1.000000000000000000e+01
-7.382631328994447628e+00,-1.597880615262654835e+01,-1.000000000000000000e+01
-7.542757705532725510e+00,-1.602259279421262050e+01,-1.000000000000000000e+01
-7.702537345733706076e+00,-1.589048733758379939e+01,-1.000000000000000000e+01
-7.860183778670103649e+00,-1.557769305697544127e+01,-1.000000000000000000e+01
-8.013895507007676500e+00,-1.508675566639451482e+01,-1.000000000000000000e+01
-8.161928873525855721e+00,-1.442729924072265568e+01,-1.000000000000000000e+01
-8.302664978984093835e+00,-1.361504915957562645e+01,-1.000000000000000000e+01
-8.434664238676500503e+00,-1.267032183824718317e+01,-1.000000000000000000e+01
-8.556704377911273696e+00,-1.161624160282163665e+01,-1.000000000000000000e+01
-8.667800384772899491e+00,-1.047695804843982970e+01,-1.000000000000000000e+01
-8.767207500874999226e+00,-9.276090070242943852e+00,-1.000000000000000000e+01
-8.854410237662259320e+00,-8.035540062831417529e+00,-1.000000000000000000e+01
-8.929101433403056731e+00,-6.774732425380155298e+00,-1.000000000000000000e+01
-8.991155556251039016e+00,-5.510256720348102988e+00,-1.000000000000000000e+01
-9.040600025390654437e+00,-4.255848336436108603e+00,-1.000000000000000000e+01
-9.077587536400741897e+00,-3.022618515811594353e+00,-1.000000000000000000e+01
-9.102371479181890379e+00,-1.819444943836505235e+00,-1.000000000000000000e+01
-9.115285693609420647e+00,-6.534455529832482457e-01,-1.000000000000000000e+01
-9.116729106394103610e+00,4.695255045024117058e-01,-1.000000000000000000e+01
-9.107155256401892274e+00,1.544404609269802053e+00,-1.000000000000000000e+01
-9.087066329733408665e+00,2.566499682507983771e+00,-1.000000000000000000e+01
-9.057011057578916891e+00,3.531147173982651211e+00,-1.000000000000000000e+01
-9.017585644873493678e+00,4.433460072512183103e+00,-1.000000000000000000e+01
-8.977339893533267556e+00,3.532201801694772936e+00,5.555555343627929688e+00
-8.938163080913133385e+00,4.376808354517604194e+00,-1.000000000000000000e+01
-8.898442485063510432e+00,3.485088935568448676e+00,5.555555343627929688e+00
-8.860012186194303752e+00,4.268533283361480635e+00,-1.000000000000000000e+01
-8.821304168165069015e+00,3.392666302431047942e+00,5.555555343627929688e+00
-8.784083557984892821e+00,4.112871767482175756e+00,-1.000000000000000000e+01
-8.739957516319678987e+00,4.766214815855535747e+00,-1.000000000000000000e+01
-8.696248475393248967e+00,3.896538982575479260e+00,5.555555343627929688e+00
-8.654629444557873086e+00,4.474001153686831600e+00,-1.000000000000000000e+01
-8.613680419250206555e+00,3.640373464802404868e+00,5.555555343627929688e+00
-8.574959100429401460e+00,4.143856619467494617e+00,-1.000000000000000000e+01
-8.531491445268125418e+00,4.582563000568553591e+00,-1.000000000000000000e+01
-8.489281581784599240e+00,3.788265979641809889e+00,5.555555343627929688e+00
-8.449730927464470298e+00,4.147780666486378998e+00,-1.000000000000000000e+01
-8.406862151625299262e+00,4.445333007246163426e+00,-1.000000000000000000e+01
-8.365759948725733253e+00,3.709870668686704676e+00,5.555555343627929688e+00
-8.327629689546126812e+00,3.928929313722516525e+00,-1.000000000000000000e+01
-8.287559692508654763e+00,4.092130253716482535e+00,-1.000000000000000000e+01
-8.246110312655591912e+00,4.199209119180213001e+00,-1.000000000000000000e+01
-8.203841315409205137e+00,4.250622525468977564e+00,-1.000000000000000000e+01
-8.161304631390349229e+00,4.247552563828112859e+00,-1.000000000000000000e+01
-8.119037151992236190e+00,4.191891915377337519e+00,-1.000000000000000000e+01
-8.077553765260935492e+00,4.086208636331068789e+00,-1.000000000000000000e+01
-8.037340832991501927e+00,3.933691465704069579e+00,-1.000000000000000000e+01
-7.998850293840026993e+00,3.738078145772284699e+00,-1.000000000000000000e+01
-7.962494546206372092e+00,3.503570531827361556e+00,-1.000000000000000000e+01
-7.928642222822904095e+00,3.234741072985196642e+00,-1.000000000000000000e+01
-7.897614921501336482e+00,2.936435518160557923e+00,-1.000000000000000000e+01
-7.869684908616491725e+00,2.613676466253124442e+00,-1.000000000000000000e+01
-7.845073768358106214e+00,2.271571726831387750e+00,-1.000000000000000000e+01
-7.823951935167996474e+00,1.915230518813739957e+00,-1.000000000000000000e+01
-7.806439021297804537e+00,1.549689457686063365e+00,-1.000000000000000000e+01
-7.792604836807490720e+00,1.179849207133355060e+00,-1.000000000000000000e+01
-7.782470995007776615e+00,8.104217141694041171e-01,-1.000000000000000000e+01
-7.776013000757673765e+00,4.458871887908997800e-01,-1.000000000000000000e+01
-7.773162729946993643e+00,9.045947355823197311e-02,-1.000000000000000000e+01
-7.773811223429786033e+00,-2.519418150156736425e-01,-1.000000000000000000e+01
-7.777811735167687424e+00,-5.777140206609102657e-01,-1.000000000000000000e+01
-7.784982990205919329e+00,-8.835905371486720838e-01,-1.000000000000000000e+01
-7.795112621589500357e+00,-1.166657419471482937e+00,-1.000000000000000000e+01
-7.807960765211674037e+00,-1.424368276527650190e+00,-1.000000000000000000e+01
-7.823263797209210502e+00,-1.654557764191816993e+00,-1.000000000000000000e+01
-7.840738199763236160e+00,-1.855453572890575664e+00,-1.000000000000000000e+01
-7.860084538403490306e+00,-2.025686440456190507e+00,-1.000000000000000000e+01
-7.880991527929862350e+00,-2.164297454190599268e+00,-1.000000000000000000e+01
-7.903140155936893230e+00,-2.270741758817619527e+00,-1.000000000000000000e+01
-7.926207823905735417e+00,-2.344887768982684140e+00,-1.000000000000000000e+01
-7.949872457198289943e+00,-2.387011091961965814e+00,-1.000000000000000000e+01
-7.973816528232529954e+00,-2.397782581016026260e+00,-1.000000000000000000e+01
-7.997730932595636055e+00,-2.378250234290240961e+00,-1.000000000000000000e+01
-8.021318656504043076e+00,-2.329814992904461146e+00,-1.000000000000000000e+01
-8.044298176117720800e+00,-2.254200836504546945e+00,-1.000000000000000000e+01
-8.066406534650223392e+00,-2.153419888413588890e+00,-1.000000000000000000e+01
-8.087402051534791525e+00,-2.029733495002759902e+00,-1.000000000000000000e+01
-8.107066628391063290e+00,-1.885610413706890975e+00,-1.000000000000000000e+01
-8.125207628305499696e+00,-1.723683321079177988e+00,-1.000000000000000000e+01
-8.141659317058588030e+00,-1.546704837552433931e+00,-1.000000000000000000e+01
-8.156283866529427939e+00,-1.357504170227395779e+00,-1.000000000000000000e+01
-8.168971930854986852e+00,-1.158945317540776010e+00,-1.000000000000000000e+01
-8.179642814496903114e+00,-9.538875828473616370e-01,-1.000000000000000000e+01
-8.188244257886490018e+00,-7.451489315779170619e-01,-1.000000000000000000e+01
-8.194751870725115239e+00,-5.354725206564420192e-01,-1.000000000000000000e+01
-8.199168245460205284e+00,-3.274965471941121975e-01,-1.000000000000000000e+01
-8.201521784241638358e+00,-1.237274186695544731e-01,-1.000000000000000000e+01
-8.201865272192598866e+00,7.348385446815741684e-02,-1.000000000000000000e+01
-8.200274228547138833e+00,2.619621995424278871e-01,-1.000000000000000000e+01
-8.196845065546407127e+00,4.397261274724609259e-01,-1.000000000000000000e+01
-8.191693083321903046e+00,6.050026381938707898e-01,-1.000000000000000000e+01
-8.184950327616391519e+00,7.562394997626102899e-01,-1.000000000000000000e+01
-8.176763336283407568e+00,8.921149626309027303e-01,-1.000000000000000000e+01
-8.167290800137106288e+00,1.011544916694846030e+00,-1.000000000000000000e+01
-8.156701163863520065e+00,1.113687453162841789e+00,-1.000000000000000000e+01
-8.145170193232887712e+00,1.197944763629203768e+00,-1.000000000000000000e+01
-8.132878535587195756e+00,1.263962299861780325e+00,-1.000000000000000000e+01
-8.120009301298241056e+00,1.311625131724489135e+00,-1.000000000000000000e+01
-8.106745694373127975e+00,1.341051476490891847e+00,-1.000000000000000000e+01
-8.093268720420242701e+00,1.352583427161606400e+00,-1.000000000000000000e+01
-8.079754999617023259e+00,1.346774974903162780e+00,-1.000000000000000000e+01
-8.066374711039111745e+00,1.324377494768760100e+00,-1.000000000000000000e+01
-8.053289692684476364e+00,1.286322937413296286e+00,-1.000000000000000000e+01
-8.040651718791801628e+00,1.233705035931630611e+00,-1.000000000000000000e+01
-8.028600972707026884e+00,1.167758890668366689e+00,-1.000000000000000000e+01
-8.017264729741668816e+00,1.089839331905440245e+00,-1.000000000000000000e+01
-8.006756260369469302e+00,1.001398478652293145e+00,-1.000000000000000000e+01
-7.997173959912789343e+00,9.039629111929677885e-01,-1.000000000000000000e+01
-7.988600706761052272e+00,7.991108571842517883e-01,-1.000000000000000000e+01
