2.539516838725298431e+00,5.842493490928460709e+00,0.000000000000000000e+00
2.592830722632522455e+00,4.706614267629403159e+00,1.000000000000000000e+01
2.634800979292250656e+00,3.576264855420078437e+00,1.000000000000000000e+01
2.665533212686212572e+00,2.462285898535283124e+00,1.000000000000000000e+01
2.685233526835280049e+00,1.373815274498095595e+00,1.000000000000000000e+01
2.694192906909492979e+00,3.186094058122360684e-01,1.000000000000000000e+01
2.692774953460614462e+00,-6.966119698685976358e-01,1.000000000000000000e+01
2.681407030577840800e+00,-1.665834409475149602e+00,1.000000000000000000e+01
2.660574562529750331e+00,-2.583458453582224035e+00,1.000000000000000000e+01
2.630817972399310367e+00,-3.444070386230889902e+00,1.000000000000000000e+01
2.592731585768878411e+00,-4.242287724520249270e+00,1.000000000000000000e+01
2.546963710963717098e+00,-4.972687631396119912e+00,1.000000000000000000e+01
2.495231106847886515e+00,-5.407853669432085120e+00,7.777777671813964844e+00
2.439409573587832725e+00,-5.784163357328867328e+00,7.777777671813964844e+00
2.380098819853834424e+00,-6.099200178247772719e+00,7.777777671813964844e+00
2.317921065403211411e+00,-6.350938073285505858e+00,7.777777671813964844e+00
2.253516573892661690e+00,-6.537866166965949688e+00,7.777777671813964844e+00
2.187537961134000675e+00,-6.659106478082360780e+00,7.777777671813964844e+00
2.120643396627167832e+00,-6.714514146854083876e+00,7.777777671813964844e+00
2.054115568875508835e+00,-6.569579691235863272e+00,5.555555343627929688e+00
1.989224079016513436e+00,-6.303486769192227612e+00,5.555555343627929688e+00
1.930514179304389843e+00,-5.363303046946575670e+00,5.555555343627929688e+00
1.880709527706550199e+00,-4.531346584919584863e+00,5.555555343627929688e+00
1.838778295413748154e+00,-3.796622980983835660e+00,5.555555343627929688e+00
1.803793581457651785e+00,-3.149220525349881949e+00,5.555555343627929688e+00
1.774923287058570054e+00,-2.580164195375870051e+00,5.555555343627929688e+00
1.751421242656639565e+00,-2.081311755822913945e+00,5.555555343627929688e+00
1.732619251115347314e+00,-1.645274720730166562e+00,5.555555343627929688e+00
1.717732273167967172e+00,-1.305029870934139469e+00,7.777777671813964844e+00
1.706063673434050187e+00,-1.005049515742899802e+00,7.777777671813964844e+00
1.697226274024869141e+00,-7.419280119710915944e-01,7.777777671813964844e+00
1.690866170652166822e+00,-5.124348847048031397e-01,7.777777671813964844e+00
1.686660955043129073e+00,-3.135201016425397946e-01,7.777777671813964844e+00
1.684317896524042180e+00,-1.423167017867455475e-01,7.777777671813964844e+00
1.683572108794579858e+00,3.859080095734587768e-03,7.777777671813964844e+00
1.684184725608179667e+00,1.275098780170678126e-01,7.777777671813964844e+00
1.685941105551246544e+00,2.309610658050517129e-01,7.777777671813964844e+00
1.688649082233351972e+00,3.163660484088013924e-01,7.777777671813964844e+00
1.692137272458265507e+00,3.857126182656585023e-01,7.777777671813964844e+00
1.696253451597858231e+00,4.408300686117338496e-01,7.777777671813964844e+00
1.700863002541775026e+00,4.833968072827826701e-01,7.777777671813964844e+00
1.705847442258024316e+00,5.149482641768795554e-01,7.777777671813964844e+00
1.711103028135510407e+00,5.368849297507690688e-01,7.777777671813964844e+00
1.716539444827488436e+00,5.504803993607768620e-01,7.777777671813964844e+00
1.722078571206098196e+00,5.568893288273465414e-01,7.777777671813964844e+00
1.727653326205959239e+00,5.571552308647883534e-01,7.777777671813964844e+00
1.733206591720084955e+00,5.522180608540329105e-01,7.777777671813964844e+00
1.738690210264119296e+00,5.429215548154476823e-01,7.777777671813964844e+00
1.744064054804869590e+00,5.300202932899484853e-01,7.777777671813964844e+00
1.749295167924756367e+00,5.141864729803541367e-01,7.777777671813964844e+00
1.754356967341295759e+00,4.960163741260035786e-01,7.777777671813964844e+00
1.759228514702383839e+00,4.760365162284532214e-01,7.777777671813964844e+00
1.763893844521206677e+00,4.547094983335803753e-01,7.777777671813964844e+00
1.768341350089948527e+00,4.324395229151888342e-01,7.777777671813964844e+00
1.772563223212679784e+00,4.095776047175390677e-01,7.777777671813964844e+00
1.776554944620371668e+00,3.864264678496451833e-01,7.777777671813964844e+00
1.780314821971551220e+00,3.632451360810972640e-01,7.777777671813964844e+00
1.783843572398256194e+00,3.402532227285413602e-01,7.777777671813964844e+00
1.787143946626639668e+00,3.176349277792658854e-01,7.777777671813964844e+00
1.790220391783089449e+00,2.955427509927432417e-01,7.777777671813964844e+00
1.793078750088495044e+00,2.741009306620089681e-01,7.777777671813964844e+00
1.795725990743801903e+00,2.534086185092107590e-01,7.777777671813964844e+00
1.798169972417766216e+00,2.335428018366093872e-01,7.777777671813964844e+00
1.800419233861422885e+00,2.145609845591776588e-01,7.777777671813964844e+00
1.802482810291809345e+00,1.965036391124593551e-01,7.777777671813964844e+00
1.804370073308583455e+00,1.793964414660089712e-01,7.777777671813964844e+00
1.806090592230103820e+00,1.632523015867750060e-01,7.777777671813964844e+00
1.807654014859063407e+00,1.480732016979626475e-01,7.777777671813964844e+00
1.809069965810857550e+00,1.338518545781278157e-01,7.777777671813964844e+00
1.810347960659520083e+00,1.205731939540907044e-01,7.777777671813964844e+00
1.811497334275449456e+00,1.082157087716563576e-01,7.777777671813964844e+00
1.812527181845512647e+00,9.675263279194540322e-02,7.777777671813964844e+00
1.813446311178887882e+00,8.615300056987990063e-02,7.777777671813964844e+00
1.814263205010630875e+00,7.638258043595196056e-02,7.777777671813964844e+00
1.814985992119083846e+00,6.740469463297950325e-02,7.777777671813964844e+00
1.815622426172548209e+00,5.918093626538711155e-02,7.777777671813964844e+00
1.816179871314936856e+00,5.167179220798402695e-02,7.777777671813964844e+00
1.816665293589249552e+00,4.483718060161372837e-02,7.777777671813964844e+00
1.817085257381652941e+00,3.863691104084198552e-02,7.777777671813964844e+00
1.817445926147635449e+00,3.303107503956517060e-02,7.777777671813964844e+00
1.817753066755281477e+00,2.798037384870050506e-02,7.777777671813964844e+00
1.818012056849162228e+00,2.344639019985250358e-02,7.777777671813964844e+00
1.818227894701907266e+00,1.939181006317420089e-02,7.777777671813964844e+00
1.818405211079252570e+00,1.578060003906436165e-02,7.777777671813964844e+00
1.818548282698541740e+00,1.257814555380104213e-02,7.777777671813964844e+00
1.818661046910395429e+00,9.751354600112744492e-03,7.777777671813964844e+00
1.818747117278827208e+00,7.268731356040132770e-03,7.777777671813964844e+00
1.818809799776659242e+00,5.100423629835934905e-03,7.777777671813964844e+00
1.818852109350920454e+00,3.218247715383275656e-03,7.777777671813964844e+00
1.818876786647206645e+00,1.595693901688272900e-03,7.777777671813964844e+00
1.818886314712946373e+00,2.079155612232043069e-04,7.777777671813964844e+00
1.818882935527433631e+00,-9.682955551472950890e-04,7.777777671813964844e+00
1.818868666231488351e+00,-1.954545464779438267e-03,7.777777671813964844e+00
1.818845314951970105e+00,-2.770883444867730354e-03,7.777777671813964844e+00
1.818814496136254455e+00,-3.435855008114251704e-03,7.777777671813964844e+00
1.818777645329400450e+00,-3.966560718169755487e-03,7.777777671813964844e+00
1.818736033342275515e+00,-4.378719399209447284e-03,7.777777671813964844e+00
1.818690779772526689e+00,-4.686734475541680378e-03,7.777777671813964844e+00
1.818642865852174939e+00,-4.903762342515186230e-03,7.777777671813964844e+00
1.818593146605899769e+00,-5.041781820137721144e-03,7.777777671813964844e+00
1.818542362312958627e+00,-5.111663876690040673e-03,7.777777671813964844e+00
1.818491149273235408e+00,-5.123240932146645721e-03,7.777777671813964844e+00
1.818440049884322951e+00,-5.085375161311395283e-03,7.777777671813964844e+00
1.818389522041879536e+00,-5.006025315126653823e-03,7.777777671813964844e+00
1.818339947879926255e+00,-4.892311666489587360e-03,7.777777671813964844e+00
1.818291641871308206e+00,-4.750578764916786254e-03,7.777777671813964844e+00
1.818244858311408363e+00,-4.586455753346745795e-03,7.777777671813964844e+00
1.818199798210367257e+00,-4.404914061007759833e-03,7.777777671813964844e+00
1.818156615620693195e+00,-4.210322339310751220e-03,7.777777671813964844e+00
1.818115423428253719e+00,-4.006498553844719916e-03,7.777777671813964844e+00
1.818076298635334709e+00,-3.796759185378944645e-03,7.777777671813964844e+00
1.818039287164759266e+00,-3.583965526918841179e-03,7.777777671813964844e+00
1.818004408214052958e+00,-3.370567092866926916e-03,7.777777671813964844e+00
1.817971658188378692e+00,-3.158642180740406716e-03,7.777777671813964844e+00
1.817941014240444852e+00,-2.949935646157956452e-03,7.777777671813964844e+00
1.817912437444932472e+00,-2.745893968398319552e-03,7.777777671813964844e+00
1.817885875634126958e+00,-2.547697697143418757e-03,7.777777671813964844e+00
1.817861265920499569e+00,-2.356291381440015365e-03,7.777777671813964844e+00
1.817838536930934223e+00,-2.172411089796755929e-03,7.777777671813964844e+00
1.817817610776172321e+00,-1.996609635985371022e-03,7.777777671813964844e+00
1.817798404777888122e+00,-1.829279628831306966e-03,7.777777671813964844e+00
1.817780832974621230e+00,-1.670674466326931527e-03,7.777777671813964844e+00
1.817764807426569762e+00,-1.520927395012836069e-03,7.777777671813964844e+00
1.817750239338056018e+00,-1.380068754962471798e-03,7.777777671813964844e+00
1.817737040015266814e+00,-1.248041529072707167e-03,7.777777671813964844e+00
1.817725121675708211e+00,-1.124715312878584459e-03,7.777777671813964844e+00
1.817714398124646857e+00,-1.009898817921121850e-03,7.777777671813964844e+00
1.817704785312717730e+00,-9.033510179538055884e-04,7.777777671813964844e+00
1.817696201787787569e+00,-8.047910430847402159e-04,7.777777671813964844e+00
1.817688569053139913e+00,-7.139069224325809938e-04,7.777777671813964844e+00
1.817681811843060213e+00,-6.303632711102404810e-04,7.777777671813964844e+00
1.817675858325966676e+00,-5.538080124333750022e-04,7.777777671813964844e+00
1.817670640244342772e+00,-4.838782212426513468e-04,7.777777671813964844e+00
1.817666092999890015e+00,-4.202051691888326413e-04,7.777777671813964844e+00
1.817662155691542658e+00,-3.624186478183160113e-04,7.777777671813964844e+00
1.817658771113234151e+00,-3.101506403472170138e-04,7.777777671813964844e+00
1.817655885717635256e+00,-2.630384081649592945e-04,7.777777671813964844e+00
1.817653449551433154e+00,-2.207270533957126182e-04,7.777777671813964844e+00
1.817651416167131995e+00,-1.828716142814525592e-04,7.777777671813964844e+00
1.817649742515805134e+00,-1.491387457668051837e-04,7.777777671813964844e+00
1.817648388824734118e+00,-1.192080334641720812e-04,7.777777671813964844e+00
1.817647318463389894e+00,-9.277298518018616783e-05,7.777777671813964844e+00
1.817646497800801786e+00,-6.954174038078852821e-05,7.777777671813964844e+00
1.817645896056963473e+00,-4.923753439142662750e-05,7.777777671813964844e+00
1.817645485150577889e+00,-3.159895074516660008e-05,7.777777671813964844e+00
1.817645239545118585e+00,-1.637999192334026617e-05,7.777777671813964844e+00
1.817645136094897529e+00,-3.349995769333471272e-06,7.777777671813964844e+00
1.817645153892577525e+00,7.706577903835897040e-06,7.777777671813964844e+00
1.817645274119315202e+00,1.699046855632270015e-05,7.777777671813964844e+00
1.817645479898530869e+00,2.468802443645424504e-05,7.777777671813964844e+00
1.817645756154108616e+00,3.097168297576070254e-05,7.777777671813964844e+00
