-8.257363338816352538e-01,-2.183458602335432541e+00,0.000000000000000000e+00
-8.438585819489606843e-01,-1.374616984491229266e+00,1.000000000000000000e+01
-8.542660453208279492e-01,-6.460359556048893559e-01,1.000000000000000000e+01
-8.576960598956899773e-01,1.645013586404406314e-02,1.000000000000000000e+01
-8.547523599634543334e-01,6.252507312511328408e-01,1.000000000000000000e+01
-8.459218106485688615e-01,1.191202960299580393e+00,1.000000000000000000e+01
-8.315893310402360239e-01,1.723746863120766415e+00,1.000000000000000000e+01
-8.120511377901793448e-01,2.231083319852841029e+00,1.000000000000000000e+01
-7.875265052358876305e-01,2.720310105740232132e+00,1.000000000000000000e+01
-7.581682722804544694e-01,3.197533836526849971e+00,1.000000000000000000e+01
-7.240723420880983419e-01,3.667956872477984742e+00,1.000000000000000000e+01
-6.852864264946461059e-01,4.135938940262802177e+00,1.000000000000000000e+01
-6.418182875928658548e-01,4.605033605893763315e+00,1.000000000000000000e+01
-5.936437263922452745e-01,5.078000002324879247e+00,1.000000000000000000e+01
-5.407145630269917236e-01,5.556790549599172735e+00,1.000000000000000000e+01
-4.840007330229116889e-01,5.857428190756554187e+00,7.777777671813964844e+00
-4.242469152727734727e-01,6.123277285995436081e+00,5.555555343627929688e+00
-3.640148067114250541e-01,5.905672555390930611e+00,1.111111164093017578e+00
-3.058443405024339201e-01,5.713166103894668169e+00,1.111111164093017578e+00
-2.506767517195859218e-01,5.282009132316996869e+00,-1.111111164093017578e+00
-2.008943742011456701e-01,4.613409808172064253e+00,-3.333333253860473633e+00
-1.576416880909827789e-01,3.979278091689192109e+00,-3.333333253860473633e+00
-1.205809664868151970e-01,3.378020003805314087e+00,-3.333333253860473633e+00
-8.939150568802056718e-02,2.807817725618915183e+00,-3.333333253860473633e+00
-6.377147340723661462e-02,2.266713161292565282e+00,-3.333333253860473633e+00
-4.343899544310947380e-02,1.752675444769048685e+00,-3.333333253860473633e+00
-2.689722778316435553e-02,1.536180217870743103e+00,-1.111111164093017578e+00
-1.246317072171614256e-02,1.332222315681029556e+00,-1.111111164093017578e+00
-1.586341790299440266e-05,1.139831519206311317e+00,-1.111111164093017578e+00
1.055620400256922220e-02,9.580931640076967293e-01,-1.111111164093017578e+00
1.935563868961420048e-02,7.861464447289877588e-01,-1.111111164093017578e+00
2.647667476548254406e-02,6.231823892917012220e-01,-1.111111164093017578e+00
3.200568170171143312e-02,4.684416154306833002e-01,-1.111111164093017578e+00
3.602164961605285737e-02,3.212119581096201659e-01,-1.111111164093017578e+00
3.859665052295534887e-02,1.808260367698048543e-01,-1.111111164093017578e+00
3.979627518680868559e-02,4.665881557633223126e-02,-1.111111164093017578e+00
3.968004569954409338e-02,-8.187480282101855522e-02,-1.111111164093017578e+00
3.830180426214068595e-02,-2.053223195598626316e-01,-1.111111164093017578e+00
3.571007891674404106e-02,-3.241958953741328475e-01,-1.111111164093017578e+00
3.194842717170008617e-02,-4.389745036871061656e-01,-1.111111164093017578e+00
2.705575860144844927e-02,-5.501059695945703654e-01,-1.111111164093017578e+00
2.230258508596340630e-02,-3.853843377903440337e-01,1.111111164093017578e+00
1.916144162183679861e-02,-2.283516871207238452e-01,1.111111164093017578e+00
1.632242952089563853e-02,-3.509827155424187217e-01,-1.111111164093017578e+00
1.351256978622928685e-02,-1.967437737611381909e-01,1.111111164093017578e+00
1.221390306883836721e-02,-4.931771315007022621e-02,1.111111164093017578e+00
1.112491455307505067e-02,-1.807605311490984301e-01,-1.111111164093017578e+00
9.980576540182358597e-03,-3.454143321087483481e-02,1.111111164093017578e+00
9.034203610514933078e-03,-1.671129029451470793e-01,-1.111111164093017578e+00
8.021583286804620516e-03,-2.193742331901681747e-02,1.111111164093017578e+00
7.196803113000600077e-03,-1.554841661115113349e-01,-1.111111164093017578e+00
6.296352619454840573e-03,-1.121178323722519209e-02,1.111111164093017578e+00
5.574982397318553953e-03,-1.456021143596043788e-01,-1.111111164093017578e+00
4.769786077208852844e-03,-2.112012095971635070e-03,1.111111164093017578e+00
4.136082841864565166e-03,-1.372329154432633813e-01,-1.111111164093017578e+00
3.411485777804301126e-03,5.578709460986991039e-03,1.111111164093017578e+00
2.851801438400569481e-03,-1.301758220224701057e-01,-1.111111164093017578e+00
2.195089201458084050e-03,1.204643995075015128e-02,1.111111164093017578e+00
1.697573105366249543e-03,-1.242586184352698631e-01,-1.111111164093017578e+00
1.097695581379727657e-03,1.745071105555501267e-02,1.111111164093017578e+00
6.520379801284101329e-04,-1.193337018212985018e-01,-1.111111164093017578e+00
9.937112508019714356e-05,2.192817016657864354e-02,1.111111164093017578e+00
-3.034181684029741972e-04,-1.152747099933644492e-01,-1.111111164093017578e+00
-8.172779415379147335e-04,2.559571346877641262e-02,1.111111164093017578e+00
5.129245568810455601e-05,1.607337005136971197e-01,1.111111164093017578e+00
1.011169354614434518e-03,1.799265470617268659e-02,-1.111111164093017578e+00
5.707378583960249227e-04,-1.188341590817053317e-01,-1.111111164093017578e+00
2.288661020419744394e-05,2.238827101759153018e-02,1.111111164093017578e+00
-3.754690650772014057e-04,-1.148513249619761839e-01,-1.111111164093017578e+00
-8.852508643672517882e-04,2.598490434720259618e-02,1.111111164093017578e+00
-1.293375076721298513e-05,1.610910409547571531e-01,1.111111164093017578e+00
9.503812745719550500e-04,1.832031435774533756e-02,-1.111111164093017578e+00
5.131002428786276409e-04,-1.185341738899810954e-01,-1.111111164093017578e+00
-3.186875235898865421e-05,2.266245003171962064e-02,1.111111164093017578e+00
-4.275923929720035926e-04,-1.146012322475601364e-01,-1.111111164093017578e+00
-9.349757745274508546e-04,2.621249715459570556e-02,1.111111164093017578e+00
-6.047852312184999577e-05,1.612976076031880368e-01,1.111111164093017578e+00
9.048126079630736118e-04,1.850721730389948833e-02,-1.111111164093017578e+00
4.693167731808136484e-04,-1.183656782885806197e-01,-1.111111164093017578e+00
-7.404576002565699288e-05,2.281370648571674070e-02,1.111111164093017578e+00
7.680229908870984338e-04,1.582412461775223878e-01,1.111111164093017578e+00
1.704212209500452664e-03,1.577192453434823893e-02,-1.111111164093017578e+00
1.242735076597386223e-03,-1.207996553506701515e-01,-1.111111164093017578e+00
6.763201545769378410e-04,2.066261759424354444e-02,1.111111164093017578e+00
2.617356185636680876e-04,-1.163510767620025699e-01,-1.111111164093017578e+00
-2.620749774431952827e-04,2.469816660977563680e-02,1.111111164093017578e+00
5.982893524012727719e-04,1.600054514625564028e-01,1.111111164093017578e+00
1.551613402202211937e-03,1.742503426102249425e-02,-1.111111164093017578e+00
1.106199066893209489e-03,-1.192490999602175417e-01,-1.111111164093017578e+00
5.548578576437356155e-04,2.211861022940351390e-02,1.111111164093017578e+00
1.544349850998935907e-04,-1.149822790674958906e-01,-1.111111164093017578e+00
-3.560544956727532931e-04,2.598665405860000471e-02,1.111111164093017578e+00
5.168570242553182552e-04,1.612200318047728731e-01,1.111111164093017578e+00
1.482016332059512111e-03,1.857165719574279533e-02,-1.111111164093017578e+00
1.047782973431950638e-03,-1.181648832024105727e-01,-1.111111164093017578e+00
5.070223531633896849e-04,2.314561277846365756e-02,1.111111164093017578e+00
1.166298654357024830e-04,-1.140076758395247303e-01,-1.111111164093017578e+00
-3.843327086178859736e-04,2.691335874708191203e-02,1.111111164093017578e+00
4.976458626137571272e-04,1.621030370894958050e-01,1.111111164093017578e+00
1.471453086774161378e-03,1.941488212373232436e-02,-1.111111164093017578e+00
1.045486533649009082e-03,-1.173577738960535494e-01,-1.111111164093017578e+00
5.126471774817511649e-04,2.392003408062077022e-02,1.111111164093017578e+00
1.298636804533327043e-04,-1.132627351644740626e-01,-1.111111164093017578e+00
-3.637710317609611950e-04,2.763182277284318561e-02,1.111111164093017578e+00
5.252834603896860965e-04,1.627978408734029880e-01,1.111111164093017578e+00
1.505942050992662264e-03,2.008867403672347229e-02,-1.111111164093017578e+00
1.086628068936075671e-03,-1.167025067034581504e-01,-1.111111164093017578e+00
5.602666177740075332e-04,2.455910285427775896e-02,1.111111164093017578e+00
1.838091001614432143e-04,-1.126376542534626574e-01,-1.111111164093017578e+00
-3.036300732258240503e-04,2.824499251329268615e-02,1.111111164093017578e+00
-6.448436137358555184e-04,-1.093063212187378869e-01,-1.111111164093017578e+00
-1.100481387229058656e-03,3.124431025723414801e-02,1.111111164093017578e+00
-1.767650439637980214e-04,1.660892525810472864e-01,1.111111164093017578e+00
8.354410773227678982e-04,2.308010446723603865e-02,-1.111111164093017578e+00
4.447637281294940736e-04,-1.139915548404200757e-01,-1.111111164093017578e+00
-5.568276916425361040e-05,2.700776605544649711e-02,1.111111164093017578e+00
-4.087723864485995296e-04,-1.104346558036446296e-01,-1.111111164093017578e+00
-8.752300107225649333e-04,3.021770952868021998e-02,1.111111164093017578e+00
3.865345930904897612e-05,1.651577265010844009e-01,1.111111164093017578e+00
1.041949301150094792e-03,2.223749632921712127e-02,-1.111111164093017578e+00
6.432249829985658670e-04,-1.147509188437877831e-01,-1.111111164093017578e+00
1.355398331285473021e-04,2.632636675651210678e-02,1.111111164093017578e+00
-2.240308717750240310e-04,-1.110429305570931197e-01,-1.111111164093017578e+00
-6.962586970961321753e-04,2.967810510246803035e-02,1.111111164093017578e+00
2.125224571090465601e-04,1.646826660751847526e-01,1.111111164093017578e+00
1.211344060330472438e-03,2.182318736598221065e-02,-1.111111164093017578e+00
8.087371134115109959e-04,-1.151079634829429987e-01,-1.111111164093017578e+00
2.977271254688238790e-04,2.602333988652081459e-02,1.111111164093017578e+00
-6.464165393017791774e-05,-1.112948779802382798e-01,-1.111111164093017578e+00
-5.391691195910336236e-04,2.947453692953721366e-02,1.111111164093017578e+00
3.677848574383644651e-04,1.645249943154885874e-01,1.111111164093017578e+00
1.365227894901979450e-03,2.170915646747546487e-02,-1.111111164093017578e+00
9.616693798043711786e-04,-1.151804153352990467e-01,-1.111111164093017578e+00
4.501148044756084102e-04,2.599054605355250597e-02,1.111111164093017578e+00
8.759028157050065960e-05,-1.112897059033287894e-01,-1.111111164093017578e+00
-3.867203833590069847e-04,2.951612575526026822e-02,1.111111164093017578e+00
-7.155452072928780065e-04,-1.081057804960695035e-01,-1.111111164093017578e+00
-1.159473848269816859e-03,3.238003613404407538e-02,1.111111164093017578e+00
-2.246719183170922272e-04,1.671655633333067881e-01,1.111111164093017578e+00
7.980486017509422474e-04,2.410203617620729211e-02,-1.111111164093017578e+00
4.173632395378613024e-04,-1.130193093489043760e-01,-1.111111164093017578e+00
-7.356814692192322001e-05,2.793471072656299181e-02,1.111111164093017578e+00
-4.175770194350046888e-04,-1.095489197890632815e-01,-1.111111164093017578e+00
-8.753485641670127708e-04,3.106606119840566588e-02,1.111111164093017578e+00
4.686344088830621192e-05,1.659722721941909729e-01,1.111111164093017578e+00
1.058165012894673193e-03,2.302158618672557611e-02,-1.111111164093017578e+00
6.671561645364371216e-04,-1.139941450788873600e-01,-1.111111164093017578e+00
1.669267048062613888e-04,2.705876409673739491e-02,1.111111164093017578e+00
-1.854194847904996630e-04,-1.103321442033429467e-01,-1.111111164093017578e+00
-6.506270740549703569e-04,3.036988124008499490e-02,1.111111164093017578e+00
2.649953437298417560e-04,1.653578767836905716e-01,1.111111164093017578e+00
