1.737749299330430652e+00,1.724534995758430389e+00,0.000000000000000000e+00
1.754490204470555481e+00,1.614422182490419910e+00,3.333333253860473633e+00
1.769953393189019897e+00,1.465575438649996398e+00,5.555555343627929688e+00
1.783987651117003637e+00,1.329747232886035357e+00,5.555555343627929688e+00
1.796718111404399743e+00,1.205833351088724470e+00,5.555555343627929688e+00
1.808259303961025743e+00,1.092825210265452540e+00,5.555555343627929688e+00
1.818716067294124494e+00,9.898002485766016489e-01,5.555555343627929688e+00
1.828184370506058309e+00,8.959136524489721420e-01,5.555555343627929688e+00
1.836752057599813304e+00,8.103911613885335097e-01,5.555555343627929688e+00
1.844499523926868667e+00,7.325227505164948472e-01,5.555555343627929688e+00
1.851500332825642969e+00,6.616570360116740268e-01,5.555555343627929688e+00
1.857821779112847960e+00,5.971962829854301491e-01,5.555555343627929688e+00
1.863525405008812141e+00,5.385919214498521290e-01,5.555555343627929688e+00
1.868667473228487586e+00,4.853404959477058411e-01,5.555555343627929688e+00
1.873299401297255473e+00,4.369799896003814799e-01,5.555555343627929688e+00
1.877468160613017689e+00,3.930864749420530657e-01,5.555555343627929688e+00
1.881216643341748984e+00,3.532710528128369387e-01,5.555555343627929688e+00
1.884583999878726157e+00,3.171770474392712758e-01,5.555555343627929688e+00
1.887605949313917231e+00,2.844774311355135477e-01,5.555555343627929688e+00
1.890315065093769675e+00,2.548724561903960018e-01,5.555555343627929688e+00
1.892741037862532449e+00,2.280874747488399745e-01,5.555555343627929688e+00
1.894910917286363183e+00,2.038709300661048218e-01,5.555555343627929688e+00
1.896849334506899298e+00,1.819925045720178769e-01,5.555555343627929688e+00
1.898578706733127452e+00,1.622414118517063464e-01,5.555555343627929688e+00
1.900119425357838843e+00,1.444248210212206729e-01,5.555555343627929688e+00
1.901490028875058469e+00,1.283664031197790933e-01,5.555555343627929688e+00
1.902707361775521688e+00,1.139049901070308124e-01,5.555555343627929688e+00
1.903786720506993602e+00,1.008933378826448179e-01,5.555555343627929688e+00
1.904741987503717038e+00,8.919698546597965017e-02,5.555555343627929688e+00
1.905585754213573235e+00,7.869320310759830850e-02,5.555555343627929688e+00
1.906329433981841293e+00,6.927002266858252322e-02,5.555555343627929688e+00
1.906983365586133683e+00,6.082534411055379175e-02,5.555555343627929688e+00
1.907556908157613362e+00,5.326611239858866642e-02,5.555555343627929688e+00
1.908058528168534052e+00,4.650755953814886268e-02,5.555555343627929688e+00
1.908495879115113425e+00,4.047250685138772258e-02,5.555555343627929688e+00
1.908875874477420798e+00,3.509072295215424214e-02,5.555555343627929688e+00
1.909204754494049805e+00,3.029833320618830969e-02,5.555555343627929688e+00
1.909488147248580736e+00,2.603727676618690021e-02,5.555555343627929688e+00
1.909731124527038970e+00,2.225480755291075335e-02,5.555555343627929688e+00
1.909938252870440945e+00,1.890303581519391096e-02,5.555555343627929688e+00
1.910113640213972674e+00,1.593850714522815001e-02,5.555555343627929688e+00
1.910260978474130011e+00,1.332181605221752566e-02,5.555555343627929688e+00
1.910383582417160220e+00,1.101725140864013609e-02,5.555555343627929688e+00
1.910484425116163676e+00,8.992471280015920318e-03,5.555555343627929688e+00
1.910566170280174836e+00,7.218204832237919838e-03,5.555555343627929688e+00
1.910631201716249672e+00,5.667979181067008682e-03,5.555555343627929688e+00
1.910681650164960388e+00,4.317869207153838575e-03,5.555555343627929688e+00
1.910719417730609271e+00,3.146268507686981238e-03,5.555555343627929688e+00
1.910746200109799675e+00,2.133679793193655160e-03,5.555555343627929688e+00
1.910763506805680967e+00,1.262523165803039905e-03,5.555555343627929688e+00
1.910772679500090332e+00,5.169608340369803321e-04,5.555555343627929688e+00
1.910774908741855072e+00,-1.172630704834981259e-04,5.555555343627929688e+00
1.910771249096652191e+00,-6.529688065885134009e-04,5.555555343627929688e+00
1.910762632891933155e+00,-1.101674604474246451e-03,5.555555343627929688e+00
1.910749882679441125e+00,-1.473718562895966764e-03,5.555555343627929688e+00
1.910733722527752754e+00,-1.778369829788692966e-03,5.555555343627929688e+00
1.910714788247930063e+00,-2.023929957686063097e-03,5.555555343627929688e+00
1.910693636646784821e+00,-2.217825255113700655e-03,5.555555343627929688e+00
1.910670753894344598e+00,-2.366690890141400546e-03,5.555555343627929688e+00
1.910646563084818839e+00,-2.476447442138988726e-03,5.555555343627929688e+00
1.910621431063648235e+00,-2.552370542138914910e-03,5.555555343627929688e+00
1.910595674587075354e+00,-2.599154190775470729e-03,5.555555343627929688e+00
1.910569565874972620e+00,-2.620968295228687413e-03,5.555555343627929688e+00
1.910543337612473414e+00,-2.621510922686882700e-03,5.555555343627929688e+00
1.910517187451145515e+00,-2.604055727293970359e-03,5.555555343627929688e+00
1.910491282056061557e+00,-2.571494970123541085e-03,5.555555343627929688e+00
1.910465760741069552e+00,-2.526378517196497999e-03,5.555555343627929688e+00
1.910440738730873500e+00,-2.470949168724274198e-03,5.555555343627929688e+00
1.910416310085128577e+00,-2.407174643412797639e-03,5.555555343627929688e+00
1.910392550316645011e+00,-2.336776514625952574e-03,5.555555343627929688e+00
1.910369518732937255e+00,-2.261256370309517108e-03,5.555555343627929688e+00
1.910347260527742286e+00,-2.181919445654332927e-03,5.555555343627929688e+00
1.910325808646741175e+00,-2.099895956387047308e-03,5.555555343627929688e+00
1.910305185449517218e+00,-2.016160341177232647e-03,5.555555343627929688e+00
1.910285404187794800e+00,-1.931548603818156662e-03,5.555555343627929688e+00
1.910266470318157994e+00,-1.846773929443954430e-03,5.555555343627929688e+00
1.910248382665784339e+00,-1.762440733994771096e-03,5.555555343627929688e+00
1.910231134454194457e+00,-1.679057292317326670e-03,5.555555343627929688e+00
1.910214714214624188e+00,-1.597047077599589174e-03,5.555555343627929688e+00
1.910199106587351148e+00,-1.516758933199495755e-03,5.555555343627929688e+00
1.910184293026148117e+00,-1.438476187255295418e-03,5.555555343627929688e+00
1.910170252415974268e+00,-1.362424810680694549e-03,5.555555343627929688e+00
1.910156961613051596e+00,-1.288780710186484711e-03,5.555555343627929688e+00
1.910144395915591042e+00,-1.217676239759503702e-03,5.555555343627929688e+00
1.910132529472642782e+00,-1.149206006517518351e-03,5.555555343627929688e+00
1.910121335637803508e+00,-1.083432039984009217e-03,5.555555343627929688e+00
1.910110787273864519e+00,-1.020388387536292013e-03,5.555555343627929688e+00
1.910100857013873998e+00,-9.600851930367206759e-04,5.555555343627929688e+00
1.910091517483549328e+00,-9.025123104022924735e-04,5.555555343627929688e+00
1.910082741489468106e+00,-8.476424990729278545e-04,5.555555343627929688e+00
1.910074502177031563e+00,-7.954342439600084729e-04,5.555555343627929688e+00
1.910066773161771758e+00,-7.458342384619586363e-04,5.555555343627929688e+00
1.910059528637217952e+00,-6.987795654924641199e-04,5.555555343627929688e+00
1.910052743462190783e+00,-6.541996081441419806e-04,5.555555343627929688e+00
1.910046393230104833e+00,-6.120177185880196734e-04,5.555555343627929688e+00
1.910040454322568415e+00,-5.721526710527010708e-04,5.555555343627929688e+00
1.910034903949342722e+00,-5.345199222222861771e-04,5.555555343627929688e+00
1.910029720176483758e+00,-4.990327001111854446e-04,5.555555343627929688e+00
1.910024881944297981e+00,-4.656029404031254530e-04,5.555555343627929688e+00
1.910020369076554481e+00,-4.341420873561634185e-04,5.555555343627929688e+00
1.910016162282243135e+00,-4.045617746677325271e-04,5.555555343627929688e+00
1.910012243151012479e+00,-3.767744001424648656e-04,5.555555343627929688e+00
1.910008594143291605e+00,-3.506936065982190951e-04,5.555555343627929688e+00
1.910005198575982943e+00,-3.262346801679523499e-04,5.555555343627929688e+00
1.910002040604509066e+00,-3.033148760063316047e-04,5.555555343627929688e+00
1.909999105201892755e+00,-2.818536803565823649e-04,5.555555343627929688e+00
1.909996378135474737e+00,-2.617730169948859426e-04,5.555555343627929688e+00
1.909993845941790225e+00,-2.429974052093678818e-04,5.555555343627929688e+00
1.909991495900060787e+00,-2.254540757028268875e-04,5.555555343627929688e+00
1.909989316004692572e+00,-2.090730501094656987e-04,5.555555343627929688e+00
1.909987294937127711e+00,-1.937871891870688223e-04,5.555555343627929688e+00
1.909985422037336900e+00,-1.795322141845569599e-04,5.555555343627929688e+00
1.909983687275202069e+00,-1.662467053686238010e-04,5.555555343627929688e+00
1.909982081222006745e+00,-1.538720812411670800e-04,5.555555343627929688e+00
1.909980595022207517e+00,-1.423525615625381919e-04,5.555555343627929688e+00
1.909979220365637165e+00,-1.316351169304278606e-04,5.555555343627929688e+00
1.909977949460266888e+00,-1.216694073283820462e-04,5.555555343627929688e+00
1.909976775005619798e+00,-1.124077117649294622e-04,5.555555343627929688e+00
1.909975690166926920e+00,-1.038048508559677924e-04,5.555555343627929688e+00
1.909974688550077238e+00,-9.581810396707858145e-05,5.555555343627929688e+00
1.909973764177420374e+00,-8.840712231945481296e-05,5.555555343627929688e+00
1.909972911464448808e+00,-8.153383927645542842e-05,5.555555343627929688e+00
1.909972125197387793e+00,-7.516237885671609613e-05,5.555555343627929688e+00
1.909971400511703221e+00,-6.925896337359440584e-05,5.555555343627929688e+00
1.909970732871536070e+00,-6.379182096552560874e-05,5.555555343627929688e+00
1.909970118050058119e+00,-5.873109366751329773e-05,5.555555343627929688e+00
1.909969552110741819e+00,-5.404874656659565505e-05,5.555555343627929688e+00
1.909969031389534999e+00,-4.971847849658552170e-05,5.555555343627929688e+00
1.909968552477916193e+00,-4.571563464448994053e-05,5.555555343627929688e+00
1.909968112206817947e+00,-4.201712137132554116e-05,5.555555343627929688e+00
1.909967707631389677e+00,-3.860132348941883071e-05,5.555555343627929688e+00
1.909967336016574091e+00,-3.544802418070128159e-05,5.555555343627929688e+00
1.909966994823475428e+00,-3.253832769841360378e-05,5.555555343627929688e+00
1.909966681696484647e+00,-2.985458495052264669e-05,5.555555343627929688e+00
1.909966394451137583e+00,-2.738032202955289441e-05,5.555555343627929688e+00
1.909966131062674322e+00,-2.510017172343261685e-05,5.555555343627929688e+00
1.909965889655268034e+00,-2.299980801633574339e-05,5.555555343627929688e+00
1.909965668491898860e+00,-2.106588356572082818e-05,5.555555343627929688e+00
1.909965465964835518e+00,-1.928597012494627654e-05,5.555555343627929688e+00
1.909965280586702896e+00,-1.764850186426038605e-05,5.555555343627929688e+00
1.909965110982102754e+00,-1.614272153123032426e-05,5.555555343627929688e+00
1.909964955879758897e+00,-1.475862938064288857e-05,5.555555343627929688e+00
1.909964814105162612e+00,-1.348693479704600523e-05,5.555555343627929688e+00
1.909964684573690841e+00,-1.231901052466945395e-05,5.555555343627929688e+00
1.909964566284166443e+00,-1.124684941667077317e-05,5.555555343627929688e+00
1.909964458312845004e+00,-1.026302360966959164e-05,5.555555343627929688e+00
1.909964359807796219e+00,-9.360646030912039449e-06,5.555555343627929688e+00
1.909964269983661200e+00,-8.533334139779429937e-06,5.555555343627929688e+00
1.909964188116762163e+00,-7.775175808751768871e-06,5.555555343627929688e+00
1.909964113540544517e+00,-7.080697245600687696e-06,5.555555343627929688e+00
1.909964045641330044e+00,-6.444832863680927241e-06,5.555555343627929688e+00
