3.873027683358420958e+00,-5.682757449219826285e+00,0.000000000000000000e+00
3.812341221257467883e+00,-6.540617084710941498e+00,1.000000000000000000e+01
3.743067135879685647e+00,-7.400526419928499244e+00,1.000000000000000000e+01
3.665186878778845525e+00,-8.261652872328470565e+00,1.000000000000000000e+01
3.578700436020386899e+00,-9.120843904474336128e+00,1.000000000000000000e+01
3.483650765099050695e+00,-9.972356514159931962e+00,1.000000000000000000e+01
3.380150767031357528e+00,-1.080763281195423353e+01,1.000000000000000000e+01
3.269620955836774812e+00,-1.134754468473900246e+01,7.777777671813964844e+00
3.153838859791897598e+00,-1.185265192342795082e+01,7.777777671813964844e+00
3.033207293958085859e+00,-1.231062121006067223e+01,7.777777671813964844e+00
2.908255753142577227e+00,-1.270846360863748892e+01,7.777777671813964844e+00
2.779644610561957663e+00,-1.303308281159482007e+01,7.777777671813964844e+00
2.648163277851996789e+00,-1.327194070866559450e+01,7.777777671813964844e+00
2.515787799154984405e+00,-1.318225707727198959e+01,5.555555343627929688e+00
2.384640221614833688e+00,-1.301835234652181938e+01,5.555555343627929688e+00
2.255475590562194377e+00,-1.277778267971729065e+01,5.555555343627929688e+00
2.129063305210550539e+00,-1.246034829149472678e+01,5.555555343627929688e+00
2.006784117994652394e+00,-1.193697126697665922e+01,3.333333253860473633e+00
1.894987756860393224e+00,-1.015195359328761171e+01,3.333333253860473633e+00
1.801586457114481510e+00,-8.398403103150032578e+00,1.111111164093017578e+00
1.725033036991377111e+00,-6.801494916793979328e+00,-3.333333253860473633e+00
1.663188054647331438e+00,-5.475640538672887914e+00,-3.333333253860473633e+00
1.613646075204945296e+00,-4.357562736988803032e+00,-5.555555343627929688e+00
1.574346081776872852e+00,-3.440709171479627848e+00,-5.555555343627929688e+00
1.543446877645188398e+00,-2.688372528141912632e+00,-5.555555343627929688e+00
1.519444068510376500e+00,-2.070358311898787385e+00,-5.555555343627929688e+00
1.501109970740885702e+00,-1.561893772190464214e+00,-5.555555343627929688e+00
1.487355628301358257e+00,-1.162387113857236587e+00,-7.777777671813964844e+00
1.477255552951386219e+00,-8.357015858857960167e-01,-7.777777671813964844e+00
1.470148468220043414e+00,-5.675224738269140090e-01,-7.777777671813964844e+00
1.465503375906387795e+00,-3.462876531234498345e-01,-7.777777671813964844e+00
1.462894497605392585e+00,-1.626594047452201153e-01,-7.777777671813964844e+00
1.461981032991046758e+00,-9.095966739373446616e-03,-7.777777671813964844e+00
1.462490821764219184e+00,1.204953320926375748e-01,-7.777777671813964844e+00
1.464207164024604602e+00,2.310385209495655900e-01,-7.777777671813964844e+00
1.466958193233335539e+00,3.265155322113511560e-01,-7.777777671813964844e+00
1.470608310555131748e+00,4.101490899705747539e-01,-7.777777671813964844e+00
1.475051283004880531e+00,4.845502902918868426e-01,-7.777777671813964844e+00
1.480204683992253356e+00,5.518376521475583107e-01,-7.777777671813964844e+00
1.486005416643136900e+00,6.137331312392948490e-01,-7.777777671813964844e+00
1.492505421017378930e+00,6.927443650347243631e-01,-5.555555343627929688e+00
1.499759400765185324e+00,7.640601055066430503e-01,-5.555555343627929688e+00
1.507698129320403702e+00,8.293369527190284085e-01,-5.555555343627929688e+00
1.516267544498788311e+00,8.899312752235710722e-01,-5.555555343627929688e+00
1.525426005198327273e+00,9.469546887456404827e-01,-5.555555343627929688e+00
1.535142054923758437e+00,1.001319258999961770e+00,-5.555555343627929688e+00
1.545392598197009582e+00,1.053774318567756607e+00,-5.555555343627929688e+00
1.556161413195356724e+00,1.104936440662039887e+00,-5.555555343627929688e+00
1.567437938062301583e+00,1.155313828617147820e+00,-5.555555343627929688e+00
1.579217511885565584e+00,1.202664433780030517e+00,5.555555343627929688e+00
1.591386976353382776e+00,1.231327698036257079e+00,7.777777671813964844e+00
1.603771047775323533e+00,1.244418572203797035e+00,7.777777671813964844e+00
1.616224301738651725e+00,1.244183245379837155e+00,7.777777671813964844e+00
1.628622756106828939e+00,1.232644581996212185e+00,7.777777671813964844e+00
1.640861715978224167e+00,1.211619281768226530e+00,7.777777671813964844e+00
1.652853784980393259e+00,1.182733884865780460e+00,7.777777671813964844e+00
1.664527031735189455e+00,1.147439708912776357e+00,7.777777671813964844e+00
1.675823301216793348e+00,1.107026807200059970e+00,7.777777671813964844e+00
1.686696661600644687e+00,1.062637032436129836e+00,7.777777671813964844e+00
1.697111978004945065e+00,1.015276281060795815e+00,7.777777671813964844e+00
1.707043605227805738e+00,9.658259821625614361e-01,7.777777671813964844e+00
1.716474192173626401e+00,9.150538840717146183e-01,7.777777671813964844e+00
1.725393591147246442e+00,8.636241817863118397e-01,7.777777671813964844e+00
1.733797865587111131e+00,8.121070200723793375e-01,7.777777671813964844e+00
1.741688390126265418e+00,7.609874005575111289e-01,7.777777671813964844e+00
1.749071037130349060e+00,7.106735163698725266e-01,7.777777671813964844e+00
1.755955444081702677e+00,6.615045346809246274e-01,7.777777671813964844e+00
1.762354356372872743e+00,6.137578456338196320e-01,7.777777671813964844e+00
1.768283040253090466e+00,5.676557952979232047e-01,7.777777671813964844e+00
1.773758760846827931e+00,5.233719202071852594e-01,7.777777671813964844e+00
1.778800320340683694e+00,4.810367014663596841e-01,7.777777671813964844e+00
1.783427651617792709e+00,4.407428571316651111e-01,7.777777671813964844e+00
1.787661462809782664e+00,4.025501924197440462e-01,7.777777671813964844e+00
1.791522928435671291e+00,3.664900281394924408e-01,7.777777671813964844e+00
1.795033423004485984e+00,3.325692284813174249e-01,7.777777671813964844e+00
1.798214293172490263e+00,3.007738498754772838e-01,7.777777671813964844e+00
1.801086664764882661e+00,2.710724330096692114e-01,7.777777671813964844e+00
1.803671281193665044e+00,2.434189602611305792e-01,7.777777671813964844e+00
1.805988370025884970e+00,2.177555007510571239e-01,7.777777671813964844e+00
1.808057534677572686e+00,1.940145649811913509e-01,7.777777671813964844e+00
1.809897668426516670e+00,1.721211905833745226e-01,7.777777671813964844e+00
1.811526888149784575e+00,1.519947801264571741e-01,7.777777671813964844e+00
1.812962485398231793e+00,1.335507112068749780e-01,7.777777671813964844e+00
1.814220892618859660e+00,1.167017382253098534e-01,7.777777671813964844e+00
1.815317662525895992e+00,1.013592043469903198e-01,7.777777671813964844e+00
1.816267458802152568e+00,8.743408118031625875e-02,7.777777671813964844e+00
1.817084056483082355e+00,7.483785270825026037e-02,7.777777671813964844e+00
1.817780350536734923e+00,6.348325898736713324e-02,7.777777671813964844e+00
1.818368371303323849e+00,5.328491410606801815e-02,7.777777671813964844e+00
1.818859305598494958e+00,4.415981187917360218e-02,7.777777671813964844e+00
1.819263522414622303e+00,3.602773176150889795e-02,7.777777671813964844e+00
1.819590602274946178e+00,2.881155649663174126e-02,7.777777671813964844e+00
1.819849369406270068e+00,2.243751208508978912e-02,7.777777671813964844e+00
1.820047925997761107e+00,1.683533976443291752e-02,7.777777671813964844e+00
1.820193687906435320e+00,1.193840884412942019e-02,7.777777671813964844e+00
1.820293421254706612e+00,7.683778434853212949e-03,7.777777671813964844e+00
1.820353279442314953e+00,4.012215354594771480e-03,7.777777671813964844e+00
1.820378840164547984e+00,8.681747842036724710e-04,7.777777671813964844e+00
1.820375142091366527e+00,-1.800250417904285596e-03,7.777777671813964844e+00
1.820346720918341932e+00,-4.041406448752434509e-03,7.777777671813964844e+00
1.820297644550622040e+00,-5.900176619879752594e-03,7.777777671813964844e+00
1.820231547225960478e+00,-7.418096548636058350e-03,7.777777671813964844e+00
1.820151662422552885e+00,-8.633482773637665697e-03,7.777777671813964844e+00
1.820060854432473230e+00,-9.581571531975720951e-03,7.777777671813964844e+00
1.819961648512262498e+00,-1.029466484325663143e-02,7.777777671813964844e+00
1.819856259549064603e+00,-1.080228141691803347e-02,7.777777671813964844e+00
1.819746619204003713e+00,-1.113131023659382456e-02,7.777777671813964844e+00
1.819634401514555577e+00,-1.130616498068756810e-02,7.777777671813964844e+00
1.819521046954807098e+00,-1.134893771381891188e-02,7.777777671813964844e+00
1.819407784967019159e+00,-1.127955053146738849e-02,7.777777671813964844e+00
1.819295654990071842e+00,-1.111590406194333872e-02,7.777777671813964844e+00
1.819185526020399291e+00,-1.087402192767312342e-02,7.777777671813964844e+00
1.819078114749224540e+00,-1.056819044354526810e-02,7.777777671813964844e+00
1.818974002326378736e+00,-1.021109298549619133e-02,7.777777671813964844e+00
1.818873649806058035e+00,-9.813938599302634777e-03,7.777777671813964844e+00
1.818777412333591803e+00,-9.386584539283780726e-03,7.777777671813964844e+00
1.818685552134936767e+00,-8.937652530819035351e-03,7.777777671813964844e+00
1.818598250372250869e+00,-8.474638640676828913e-03,7.777777671813964844e+00
1.818515617929697514e+00,-8.004016716454372474e-03,7.777777671813964844e+00
1.818437705193721277e+00,-7.531335422203594247e-03,7.777777671813964844e+00
1.818364510891499641e+00,-7.061308952722487355e-03,7.777777671813964844e+00
1.818295990050244004e+00,-6.597901555103644240e-03,7.777777671813964844e+00
1.818232061138552069e+00,-6.144406023957594415e-03,7.777777671813964844e+00
1.818172612449217462e+00,-5.703516367184907968e-03,7.777777671813964844e+00
1.818117507780807607e+00,-5.277394863113411827e-03,7.777777671813964844e+00
1.818066591473037841e+00,-4.867733748021024417e-03,7.777777671813964844e+00
1.818019692848511282e+00,-4.475811786241424943e-03,7.777777671813964844e+00
1.817976630110829994e+00,-4.102545983866901988e-03,7.777777671813964844e+00
1.817937213746445346e+00,-3.748538712075697495e-03,7.777777671813964844e+00
1.817901249474948022e+00,-3.414120507893448741e-03,7.777777671813964844e+00
1.817868540789820075e+00,-3.099388819213414348e-03,7.777777671813964844e+00
1.817838891129017975e+00,-2.804242957574002056e-03,7.777777671813964844e+00
1.817812105712141246e+00,-2.528415516941295328e-03,7.777777671813964844e+00
1.817787993078387787e+00,-2.271500509888363818e-03,7.777777671813964844e+00
1.817766366357023600e+00,-2.032978464424230799e-03,7.777777671813964844e+00
1.817747044299695913e+00,-1.812238715583587697e-03,7.777777671813964844e+00
1.817729852101625410e+00,-1.608599115963363314e-03,7.777777671813964844e+00
1.817714622036519456e+00,-1.421323378918279293e-03,7.777777671813964844e+00
1.817701193927953929e+00,-1.249636257270308939e-03,7.777777671813964844e+00
1.817689415478001003e+00,-1.092736749317188560e-03,7.777777671813964844e+00
1.817679142472006015e+00,-9.498095127720719002e-04,7.777777671813964844e+00
1.817670238876658129e+00,-8.200346561484806850e-04,7.777777671813964844e+00
1.817662576846865496e+00,-7.025960661196866503e-04,7.777777671813964844e+00
1.817656036655396656e+00,-5.966884186163928013e-04,7.777777671813964844e+00
1.817650506557823009e+00,-5.015230109357074473e-04,7.777777671813964844e+00
1.817645882603976526e+00,-4.163325419846277482e-04,7.777777671813964844e+00
1.817642068405903588e+00,-3.403749580117764665e-04,7.777777671813964844e+00
1.817638974871165214e+00,-2.729364718188211449e-04,7.777777671813964844e+00
1.817636519909296755e+00,-2.133338545189229188e-04,7.777777671813964844e+00
1.817634628118287576e+00,-1.609160904364739179e-04,7.777777671813964844e+00
1.817633230457071258e+00,-1.150654777283623728e-04,7.777777671813964844e+00
