3.873027683358420958e+00,-5.682757449219826285e+00,0.000000000000000000e+00
3.812341221257467883e+00,-6.540617084710941498e+00,1.000000000000000000e+01
3.743067135879685647e+00,-7.400526419928499244e+00,1.000000000000000000e+01
3.665186878778845525e+00,-8.261652872328470565e+00,1.000000000000000000e+01
3.578700436020386899e+00,-9.120843904474336128e+00,1.000000000000000000e+01
3.484783217697636548e+00,-9.720748991038679065e+00,7.777777671813964844e+00
3.384928257816927744e+00,-1.030554539232689315e+01,7.777777671813964844e+00
3.279325163153838485e+00,-1.086640906857248901e+01,7.777777671813964844e+00
3.168258062080213211e+00,-1.139315039441054722e+01,7.777777671813964844e+00
3.052118344937106986e+00,-1.187444051386171573e+01,7.777777671813964844e+00
2.931414560356392141e+00,-1.229816852708295016e+01,7.777777671813964844e+00
2.806778134843977313e+00,-1.265193206374414636e+01,7.777777671813964844e+00
2.678963634822334683e+00,-1.292364573726473687e+01,7.777777671813964844e+00
2.548842540180388028e+00,-1.310223058897385684e+01,7.777777671813964844e+00
2.418389686958263507e+00,-1.296199432199126456e+01,5.555555343627929688e+00
2.289678556208700755e+00,-1.274600472026134668e+01,5.555555343627929688e+00
2.163471881756849680e+00,-1.245351037516677017e+01,5.555555343627929688e+00
2.040530062182471127e+00,-1.208593418166199562e+01,5.555555343627929688e+00
1.924276657837079130e+00,-1.069309690492032061e+01,3.333333253860473633e+00
1.825445143890760402e+00,-8.938579464180113732e+00,3.333333253860473633e+00
1.743089449561350923e+00,-7.416171115948122505e+00,3.333333253860473633e+00
1.675019032366639626e+00,-6.097492959369074761e+00,3.333333253860473633e+00
1.619312318122138716e+00,-4.957377479836714507e+00,3.333333253860473633e+00
1.574286400751174764e+00,-3.973488265207512526e+00,3.333333253860473633e+00
1.538470086006521687e+00,-3.126030420816506616e+00,3.333333253860473633e+00
1.510579600321988014e+00,-2.397506588373262915e+00,3.333333253860473633e+00
1.489020256331675673e+00,-1.881656224351529794e+00,-1.000000000000000000e+01
1.472139122681410450e+00,-1.468286937877946174e+00,-1.000000000000000000e+01
1.459008789219859104e+00,-1.136607029102188582e+00,-1.000000000000000000e+01
1.448890206210797116e+00,-8.700010299737663821e-01,-1.000000000000000000e+01
1.441194820650426589e+00,-6.551962412106154821e-01,-1.000000000000000000e+01
1.435454287398965967e+00,-4.815921507092518761e-01,-1.000000000000000000e+01
1.431296266071276024e+00,-3.407225479428744319e-01,-1.000000000000000000e+01
1.428425094989836275e+00,-2.258249123214048359e-01,-1.000000000000000000e+01
1.426606367278837162e+00,-1.314961066434622017e-01,-1.000000000000000000e+01
1.425654625867143421e+00,-5.341729408977688442e-02,-1.000000000000000000e+01
1.425423549757689257e+00,1.186572999941976937e-02,-1.000000000000000000e+01
1.425798129417489735e+00,6.711790131216463506e-02,-1.000000000000000000e+01
1.426688429966838978e+00,1.145548559988896625e-01,-1.000000000000000000e+01
1.428024621645889169e+00,1.559546404286727972e-01,-1.000000000000000000e+01
1.429753021684767589e+00,1.927468654847377949e-01,-1.000000000000000000e+01
1.431832943374774514e+00,2.260838626685683361e-01,-1.000000000000000000e+01
1.434234189409896665e+00,2.568974810322937619e-01,-1.000000000000000000e+01
1.436935059518326119e+00,2.859444297124574819e-01,-1.000000000000000000e+01
1.439920768702817266e+00,3.138424841916539476e-01,-1.000000000000000000e+01
1.443182193394905388e+00,3.410994059388169353e-01,-1.000000000000000000e+01
1.447621351067791107e+00,5.624559020923344255e-01,3.333333253860473633e+00
1.454106941185561386e+00,7.476382074847143233e-01,3.333333253860473633e+00
1.462299909729545710e+00,9.015590858878845815e-01,3.333333253860473633e+00
1.471907299578110173e+00,1.028474764982457934e+00,3.333333253860473633e+00
1.482676085135235633e+00,1.132071759553440415e+00,3.333333253860473633e+00
1.494387826030621813e+00,1.215542962308661323e+00,3.333333253860473633e+00
1.506854037301927240e+00,1.281654054911331997e+00,3.333333253860473633e+00
1.519912183949297502e+00,1.332801274530478919e+00,3.333333253860473633e+00
1.533422217907801866e+00,1.371061522798784571e+00,3.333333253860473633e+00
1.547263585059634128e+00,1.398235736414094488e+00,3.333333253860473633e+00
1.561332638754966196e+00,1.415886360658129339e+00,3.333333253860473633e+00
1.575540404355892932e+00,1.425369685259774588e+00,3.333333253860473633e+00
1.589810646544468353e+00,1.427863720726594288e+00,3.333333253860473633e+00
1.604078197562957886e+00,1.424392215399109762e+00,3.333333253860473633e+00
1.618287510225144610e+00,1.415845340802437624e+00,3.333333253860473633e+00
1.632391404508508392e+00,1.402997506314884291e+00,3.333333253860473633e+00
1.646349980871591345e+00,1.386522704107697734e+00,3.333333253860473633e+00
1.660129677203990184e+00,1.367007731714777075e+00,3.333333253860473633e+00
1.673702449571758510e+00,1.344963592199537317e+00,3.333333253860473633e+00
1.687045059728898844e+00,1.320835330284734654e+00,3.333333253860473633e+00
1.700138454781754627e+00,1.295010526508625359e+00,3.333333253860473633e+00
1.712808871318522330e+00,1.233072779913567230e+00,5.555555343627929688e+00
1.724865505407194410e+00,1.172416763167446918e+00,5.555555343627929688e+00
1.736322062000571487e+00,1.113232857981020452e+00,5.555555343627929688e+00
1.747193987028117235e+00,1.055676004936424439e+00,5.555555343627929688e+00
1.757498130780276169e+00,9.998695940927088133e-01,5.555555343627929688e+00
1.767252448670320941e+00,9.459090211264636894e-01,5.555555343627929688e+00
1.776475736151395424e+00,8.938649355179375533e-01,5.555555343627929688e+00
1.785187394816331263e+00,8.437862040719309453e-01,5.555555343627929688e+00
1.793407226929033316e+00,7.957026105873211685e-01,5.555555343627929688e+00
1.801155255835355629e+00,7.496273105743287424e-01,5.555555343627929688e+00
1.808451569883336330e+00,7.055590584173536683e-01,5.555555343627929688e+00
1.815316187651016433e+00,6.634842231782688282e-01,5.555555343627929688e+00
1.821768942437410388e+00,6.233786082421155506e-01,5.555555343627929688e+00
1.827829384120292389e+00,5.852090891578702880e-01,5.555555343627929688e+00
1.833516696624534426e+00,5.489350832727000196e-01,5.555555343627929688e+00
1.838849629377559358e+00,5.145098640643795962e-01,5.555555343627929688e+00
1.843846441254532786e+00,4.818817324196591478e-01,5.555555343627929688e+00
1.848524855635533592e+00,4.509950564711204812e-01,5.555555343627929688e+00
1.852902025310243062e+00,4.217911909823634509e-01,5.555555343627929688e+00
1.856994506072838114e+00,3.942092866566695997e-01,5.555555343627929688e+00
1.860818237950768728e+00,3.681869991361523820e-01,5.555555343627929688e+00
1.864388533106062784e+00,3.436611068574693673e-01,5.555555343627929688e+00
1.867720069536799032e+00,3.205680463383372980e-01,5.555555343627929688e+00
1.870826889789491299e+00,2.988443728889335071e-01,5.555555343627929688e+00
1.873722403970533579e+00,2.784271541766140667e-01,5.555555343627929688e+00
1.876419396416633356e+00,2.592543035239729399e-01,5.555555343627929688e+00
1.878930035450580460e+00,2.412648592916433743e-01,5.555555343627929688e+00
1.881265885709908714e+00,2.243992161905245530e-01,5.555555343627929688e+00
1.883437922592257951e+00,2.085993138850306128e-01,5.555555343627929688e+00
1.885456548412779654e+00,1.938087877907712364e-01,5.555555343627929688e+00
1.887331609915998687e+00,1.799730865376153455e-01,5.555555343627929688e+00
1.889072416827396239e+00,1.670395601627943649e-01,5.555555343627929688e+00
1.890687761168900805e+00,1.549575227186321680e-01,5.555555343627929688e+00
1.892185937097702331e+00,1.436782926253950821e-01,5.555555343627929688e+00
1.893574761059605427e+00,1.331552137711219108e-01,5.555555343627929688e+00
1.894861592076779733e+00,1.233436600563821428e-01,5.555555343627929688e+00
1.896053352015454108e+00,1.142010258018117674e-01,5.555555343627929688e+00
1.897156545702107788e+00,1.056867041789557732e-01,5.555555343627929688e+00
1.898177280777242126e+00,9.776205558926615025e-02,5.555555343627929688e+00
1.899121287194074803e+00,9.039036770086776584e-02,5.555555343627929688e+00
1.899993936285699681e+00,8.353680865669296796e-02,5.555555343627929688e+00
1.900800259338577103e+00,7.716837478954717555e-02,5.555555343627929688e+00
1.901544965622834482e+00,7.125383401838064623e-02,5.555555343627929688e+00
1.902232459840929257e+00,6.576366595429526674e-02,5.555555343627929688e+00
1.902866858965914343e+00,6.066999961343976649e-02,5.555555343627929688e+00
1.903452008448972999e+00,5.594654951580996238e-02,5.555555343627929688e+00
1.903991497783190878e+00,5.156855084300559361e-02,5.555555343627929688e+00
1.904488675416833310e+00,4.751269423317477925e-02,5.555555343627929688e+00
1.904946663014784436e+00,4.375706070673975739e-02,5.555555343627929688e+00
1.905368369071400281e+00,4.028105714114522257e-02,5.555555343627929688e+00
1.905756501881894494e+00,3.706535264595542389e-02,5.555555343627929688e+00
1.906113581882623365e+00,3.409181613036992020e-02,5.555555343627929688e+00
1.906441953373312570e+00,3.134345530289879556e-02,5.555555343627929688e+00
1.906743795636454797e+00,2.880435729686951427e-02,5.555555343627929688e+00
1.907021133470858443e+00,2.645963107501276765e-02,5.555555343627929688e+00
1.907275847157691162e+00,2.429535173102019552e-02,5.555555343627929688e+00
1.907509681878411190e+00,2.229850677517496160e-02,5.555555343627929688e+00
1.907724256604712343e+00,2.045694446443872480e-02,5.555555343627929688e+00
1.907921072481117752e+00,1.875932421431313404e-02,5.555555343627929688e+00
1.908101520721128486e+00,1.719506910998658961e-02,5.555555343627929688e+00
1.908266890037945140e+00,1.575432051735977529e-02,5.555555343627929688e+00
1.908418373630696330e+00,1.442789478020989682e-02,5.555555343627929688e+00
1.908557075746942777e+00,1.320724197769265404e-02,5.555555343627929688e+00
1.908684017841894454e+00,1.208440670634434999e-02,5.555555343627929688e+00
1.908800144354403594e+00,1.105199084247965140e-02,5.555555343627929688e+00
1.908906328119305718e+00,1.010311823418623411e-02,5.555555343627929688e+00
1.909003375435160299e+00,9.231401266786757806e-03,5.555555343627929688e+00
1.909092030805858320e+00,8.430909241509312868e-03,5.555555343627929688e+00
1.909172981373942202e+00,7.696138504018706916e-03,5.555555343627929688e+00
1.909246861062845468e+00,7.021984257281716109e-03,5.555555343627929688e+00
1.909314254444596237e+00,6.403713991832130428e-03,5.555555343627929688e+00
1.909375700348851845e+00,5.836942465773585845e-03,5.555555343627929688e+00
1.909431695228458459e+00,5.317608166699600881e-03,5.555555343627929688e+00
1.909482696296050719e+00,4.841951188036793322e-03,5.555555343627929688e+00
1.909529124445533244e+00,4.406492453056698629e-03,5.555555343627929688e+00
1.909571366971625439e+00,4.008014220878071757e-03,5.555555343627929688e+00
1.909609780099997600e+00,3.643541810147000407e-03,5.555555343627929688e+00
1.909644691339893008e+00,3.310326477666217498e-03,5.555555343627929688e+00
1.909676401670509227e+00,3.005829391023796468e-03,5.555555343627929688e+00
1.909705187571808072e+00,2.727706636184533753e-03,5.555555343627929688e+00
1.909731302909852602e+00,2.473795203034091263e-03,5.555555343627929688e+00
1.909754980686193981e+00,2.242099893963339120e-03,5.555555343627929688e+00
1.909776434660305666e+00,2.030781102739510641e-03,5.555555343627929688e+00
1.909795860853534588e+00,1.838143413085767180e-03,5.555555343627929688e+00
