-2.598919039866264935e+00,-4.509300127665145652e+00,0.000000000000000000e+00
-2.638931761633103612e+00,-3.382730337265719811e+00,-1.000000000000000000e+01
-2.667751488339244137e+00,-2.274087017221623430e+00,-1.000000000000000000e+01
-2.685598713687001649e+00,-1.192258879645838876e+00,-1.000000000000000000e+01
-2.692776593035429933e+00,-1.448138747365834422e-01,-1.000000000000000000e+01
-2.689659280940201125e+00,8.616579162815292126e-01,-1.000000000000000000e+01
-2.676683639870206299e+00,1.821219805556834492e+00,-1.000000000000000000e+01
-2.654344011005948190e+00,2.728308699663210213e+00,-1.000000000000000000e+01
-2.623189510118312029e+00,3.577518798621725615e+00,-1.000000000000000000e+01
-2.583823151831291298e+00,4.363461472472532243e+00,-1.000000000000000000e+01
-2.536902003382837556e+00,5.080708604451205090e+00,-1.000000000000000000e+01
-2.483137519727339981e+00,5.723821406201323292e+00,-1.000000000000000000e+01
-2.423295216867597635e+00,6.287461030441713561e+00,-1.000000000000000000e+01
-2.358192904765986864e+00,6.766571048990667414e+00,-1.000000000000000000e+01
-2.288696830087740608e+00,7.156615280217637043e+00,-1.000000000000000000e+01
-2.215715272841582539e+00,7.453848237431624391e+00,-1.000000000000000000e+01
-2.140189391529273344e+00,7.655590664634386755e+00,-1.000000000000000000e+01
-2.063081399450511721e+00,7.760480368741888846e+00,-1.000000000000000000e+01
-1.985360450390519338e+00,7.736285749088724017e+00,-1.000000000000000000e+01
-1.909719248538705783e+00,7.342268081871386798e+00,-1.000000000000000000e+01
-1.838285973512405080e+00,6.890415583971702063e+00,-1.000000000000000000e+01
-1.771597280973292499e+00,6.390086530921349706e+00,-1.000000000000000000e+01
-1.710094403874758306e+00,5.850990765316324449e+00,-1.000000000000000000e+01
-1.654121018472854976e+00,5.282886703102238179e+00,-1.000000000000000000e+01
-1.603924013287082895e+00,4.695309847227680855e+00,-1.000000000000000000e+01
-1.559834782723747315e+00,4.074071202083833221e+00,5.555555343627929688e+00
-1.521573846430438026e+00,3.538169145973292462e+00,7.777777671813964844e+00
-1.488316198924062750e+00,3.079273656835873396e+00,7.777777671813964844e+00
-1.459339830597922605e+00,2.686974279012354305e+00,7.777777671813964844e+00
-1.434020476687464463e+00,2.352243788958842341e+00,7.777777671813964844e+00
-1.411818512600936604e+00,2.067277966503408670e+00,7.777777671813964844e+00
-1.392267408318378585e+00,1.825345759368424803e+00,7.777777671813964844e+00
-1.374963622566730770e+00,1.620652788040277459e+00,7.777777671813964844e+00
-1.359557797830122094e+00,1.448219145925597529e+00,7.777777671813964844e+00
-1.345486048466893347e+00,1.361645426156372629e+00,1.000000000000000000e+01
-1.332170660102402815e+00,1.298831811749961984e+00,1.000000000000000000e+01
-1.319386670167657316e+00,1.257064056125244633e+00,1.000000000000000000e+01
-1.306934050005505332e+00,1.234105492274846005e+00,1.000000000000000000e+01
-1.294633237180816021e+00,1.228130577389712652e+00,1.000000000000000000e+01
-1.282321285244289122e+00,1.237668616085601858e+00,1.000000000000000000e+01
-1.269848535950843793e+00,1.261556190002907307e+00,1.000000000000000000e+01
-1.257075732797109158e+00,1.298897009025235194e+00,1.000000000000000000e+01
-1.243871506819147488e+00,1.349028066743695575e+00,1.000000000000000000e+01
-1.230110176092467755e+00,1.411491128240443205e+00,1.000000000000000000e+01
-1.215669809522262890e+00,1.486008701700463730e+00,1.000000000000000000e+01
-1.200430513519785913e+00,1.572463747539130319e+00,1.000000000000000000e+01
-1.184272907238864470e+00,1.670882460688384974e+00,1.000000000000000000e+01
-1.167076758392333602e+00,1.781419524412461985e+00,1.000000000000000000e+01
-1.148719757470236136e+00,1.904345278307077560e+00,1.000000000000000000e+01
-1.129076413621930008e+00,2.040034269456275862e+00,1.000000000000000000e+01
-1.108017060721498970e+00,2.188954664235084113e+00,1.000000000000000000e+01
-1.085406967388499400e+00,2.351657988809141564e+00,1.000000000000000000e+01
-1.061105550165176270e+00,2.528768638625316534e+00,1.000000000000000000e+01
-1.034965694842057138e+00,2.720972550658895095e+00,1.000000000000000000e+01
-1.006833197265626145e+00,2.929004366583179308e+00,1.000000000000000000e+01
-9.765463420449304044e-01,3.153632330568068021e+00,1.000000000000000000e+01
-9.439356455825785863e-01,3.395640063357568739e+00,1.000000000000000000e+01
-9.088237989535912220e-01,3.655804237713373706e+00,1.000000000000000000e+01
-8.710258564639312695e-01,3.934867055256312973e+00,1.000000000000000000e+01
-8.303497272816915409e-01,4.233502301606279161e+00,1.000000000000000000e+01
-7.865970402593640554e-01,4.552273652260658388e+00,1.000000000000000000e+01
-7.395644656624075219e-01,4.891583841313163816e+00,1.000000000000000000e+01
-6.890455913908897223e-01,5.251613325771044671e+00,1.000000000000000000e+01
-6.348334644004648419e-01,5.632247230905230495e+00,1.000000000000000000e+01
-5.767239187873185458e-01,6.032989714039037388e+00,1.000000000000000000e+01
-5.145198180419118250e-01,6.452865519241819392e+00,1.000000000000000000e+01
-4.496271648856042802e-01,6.601693868198122317e+00,5.555555343627929688e+00
-3.847296850635066878e-01,6.358137610103141490e+00,1.111111164093017578e+00
-3.221426257908357460e-01,6.142034607135996360e+00,1.111111164093017578e+00
-2.627789108022929310e-01,5.690584515849958613e+00,-1.111111164093017578e+00
-2.089932785586685604e-01,5.003850120348576347e+00,-3.333333253860473633e+00
-1.619136255126635560e-01,4.352732104833554772e+00,-3.333333253860473633e+00
-1.211902337330483803e-01,3.735738727081237887e+00,-3.333333253860473633e+00
-8.648960727365223589e-02,3.151107101720115100e+00,-3.333333253860473633e+00
-5.749675013962751019e-02,2.596896128057617048e+00,-3.333333253860473633e+00
-3.391659538394638240e-02,2.071061947944677240e+00,-3.333333253860473633e+00
-1.547474987727731968e-02,1.571518227201796014e+00,-3.333333253860473633e+00
-6.814310493854565821e-04,1.368877743877427999e+00,-1.111111164093017578e+00
1.213856479033283316e-02,1.177860224158699953e+00,-1.111111164093017578e+00
2.309729990762434543e-02,9.975496870022632079e-01,-1.111111164093017578e+00
3.229792204125655347e-02,8.270843046014687561e-01,-1.111111164093017578e+00
3.983519682901415920e-02,6.656543299893560306e-01,-1.111111164093017578e+00
4.579601846173017576e-02,5.124998099724640266e-01,-1.111111164093017578e+00
5.025989683346777925e-02,3.669081715851632564e-01,-1.111111164093017578e+00
5.329942024611280388e-02,2.282117506303505405e-01,-1.111111164093017578e+00
5.498069333829699867e-02,9.578531506395283890e-02,-1.111111164093017578e+00
5.536375037685054012e-02,-3.095637667257938874e-02,-1.111111164093017578e+00
5.450294440281441138e-02,-1.525609523303014525e-01,-1.111111164093017578e+00
5.244731298712052014e-02,-2.695407154483586698e-01,-1.111111164093017578e+00
4.924092154266150601e-02,-3.823748320064080941e-01,-1.111111164093017578e+00
4.492318527525052813e-02,-4.915114031187847177e-01,-1.111111164093017578e+00
4.076434740600270307e-02,-3.249113077514903525e-01,1.111111164093017578e+00
3.700129630636792011e-02,-4.384213283764523128e-01,-1.111111164093017578e+00
3.335522809971829677e-02,-2.757981216494894139e-01,1.111111164093017578e+00
3.130180212303714654e-02,-1.205129604018806699e-01,1.111111164093017578e+00
2.953491716146878013e-02,-2.444766864732416389e-01,-1.111111164093017578e+00
2.778489555500598257e-02,-9.134179789100828339e-02,1.111111164093017578e+00
2.630050193177327009e-02,-2.173259207911371060e-01,-1.111111164093017578e+00
2.481355984399773867e-02,-6.603825870137360055e-02,1.111111164093017578e+00
2.357429705645372117e-02,-1.937543727147055528e-01,-1.111111164093017578e+00
2.231583616406361201e-02,-4.405212136601691086e-02,1.111111164093017578e+00
2.128966335149953468e-02,-1.732518246269743045e-01,-1.111111164093017578e+00
2.023002515982336158e-02,-2.490877120963982255e-02,1.111111164093017578e+00
1.938949095550556931e-02,-1.553779875355562612e-01,-1.111111164093017578e+00
1.850327976195455248e-02,-8.198640168287639127e-03,1.111111164093017578e+00
1.782489405142971897e-02,-1.397527499855295008e-01,-1.111111164093017578e+00
1.709039445426276116e-02,6.431893055353885696e-03,1.111111164093017578e+00
1.779026042743487093e-02,1.466196242957753804e-01,1.111111164093017578e+00
1.863101687582082583e-02,8.729780263805681645e-03,-1.111111164093017578e+00
1.811896658865922230e-02,-1.234671192634805015e-01,-1.111111164093017578e+00
1.754466754765659012e-02,2.213894245262196941e-02,1.111111164093017578e+00
1.716306507839212431e-02,-1.108556280908631897e-01,-1.111111164093017578e+00
1.671154662032737007e-02,3.402053177183610860e-02,1.111111164093017578e+00
1.644567439464017858e-02,-9.964929159137177195e-02,-1.111111164093017578e+00
1.610339863198046242e-02,4.460965253493406196e-02,1.111111164093017578e+00
1.594081576151609378e-02,-8.962929777463421455e-02,-1.111111164093017578e+00
1.569636521706912688e-02,5.411027571381191170e-02,1.111111164093017578e+00
1.562660681916506339e-02,-8.060563304901235959e-02,-1.111111164093017578e+00
1.547040600451757286e-02,6.269967115657393286e-02,1.111111164093017578e+00
1.548472536154485261e-02,-7.241297478727332093e-02,-1.111111164093017578e+00
1.540880213416213722e-02,7.053223081748249967e-02,1.111111164093017578e+00
1.549994981488846124e-02,-6.490714639054752377e-02,-1.111111164093017578e+00
1.549773106470813538e-02,7.774276808091375168e-02,1.111111164093017578e+00
1.565976595027939247e-02,-5.796205647050774179e-02,-1.111111164093017578e+00
1.572590292737929135e-02,8.444936649251776062e-02,1.111111164093017578e+00
1.595403079158826815e-02,-5.146705454007762665e-02,-1.111111164093017578e+00
1.608425004239305914e-02,9.075584106673766083e-02,1.111111164093017578e+00
1.637468594539677469e-02,-4.532464490269273727e-02,-1.111111164093017578e+00
1.656566239031899077e-02,9.675386660040262432e-02,1.111111164093017578e+00
1.691551367033570369e-02,-3.944850845427889247e-02,-1.111111164093017578e+00
1.716476284319820231e-02,1.025248198955094892e-01,1.111111164093017578e+00
1.757192994359311686e-02,-3.376178903171940526e-02,-1.111111164093017578e+00
1.787771683343252968e-02,1.081413763140128409e-01,1.111111164093017578e+00
1.834080959303448916e-02,-2.819560690593990795e-02,-1.111111164093017578e+00
1.870207189125153158e-02,1.136688955092051145e-01,1.111111164093017578e+00
1.922033926240040297e-02,-2.268776715673460898e-02,-1.111111164093017578e+00
1.840049671124400696e-02,-1.534908793997894760e-01,-1.111111164093017578e+00
1.753174514547198651e-02,-6.622051776982326027e-03,1.111111164093017578e+00
1.810393130418656155e-02,1.341906617540941371e-01,1.111111164093017578e+00
1.882301199741322553e-02,-3.128232317800056991e-03,-1.111111164093017578e+00
1.819475726403316923e-02,-1.348064705894529147e-01,-1.111111164093017578e+00
1.750921666024747927e-02,1.126924219350402580e-02,1.111111164093017578e+00
1.702086193746960366e-02,-1.213012678682907353e-01,-1.111111164093017578e+00
1.646664049501532501e-02,2.395702540598314972e-02,1.111111164093017578e+00
1.610170033120783897e-02,-1.093716647919913409e-01,-1.111111164093017578e+00
1.566360413322408218e-02,3.519250243113515586e-02,1.111111164093017578e+00
1.540808462125102703e-02,-9.877831128859966558e-02,-1.111111164093017578e+00
1.507323843147731837e-02,4.519862235413531909e-02,1.111111164093017578e+00
1.491530458874278618e-02,-8.931372025462794295e-02,-1.111111164093017578e+00
1.467284372818437009e-02,5.416877560938844482e-02,1.111111164093017578e+00
1.460253401017172666e-02,-8.079774949659324079e-02,-1.111111164093017578e+00
