-2.593498511107823479e+00,-3.438351979513234014e+00,0.000000000000000000e+00
-2.623031456139736317e+00,-2.363990993196277035e+00,-1.000000000000000000e+01
-2.641920324298258738e+00,-1.313310770150771134e+00,-1.000000000000000000e+01
-2.650438549939746480e+00,-2.942408517714254490e-01,-1.000000000000000000e+01
-2.648934146700900882e+00,6.862820890166333454e-01,-1.000000000000000000e+01
-2.637821106704698160e+00,1.622023526591890086e+00,-1.000000000000000000e+01
-2.618652985632945018e+00,2.269761308544122169e+00,-7.777777671813964844e+00
-2.593192196587642329e+00,2.875897368295686984e+00,-7.777777671813964844e+00
-2.561868217461717112e+00,3.437460966846946686e+00,-7.777777671813964844e+00
-2.525139740266254762e+00,3.951590764484366858e+00,-7.777777671813964844e+00
-2.483493541588779774e+00,4.415547890743476422e+00,-7.777777671813964844e+00
-2.437443099398071578e+00,4.826755763336446847e+00,-7.777777671813964844e+00
-2.387526705198802279e+00,5.182862685852315465e+00,-7.777777671813964844e+00
-2.334304867540101469e+00,5.481821661425776426e+00,-7.777777671813964844e+00
-2.278356864886432298e+00,5.721980499483426463e+00,-7.777777671813964844e+00
-2.220276379824061230e+00,5.902174328756592203e+00,-7.777777671813964844e+00
-2.160666227773121228e+00,6.021812229550388196e+00,-7.777777671813964844e+00
-2.100802946925041770e+00,5.935715211766848576e+00,-5.555555343627929688e+00
-2.041975910903833569e+00,5.811006778853050392e+00,-5.555555343627929688e+00
-1.984586082073469093e+00,5.602614238306308003e+00,-5.555555343627929688e+00
-1.930421329625968019e+00,5.187972566946696062e+00,-5.555555343627929688e+00
-1.880422721056925095e+00,4.769560188746860163e+00,-5.555555343627929688e+00
-1.834613128091456824e+00,4.350644149397456140e+00,-5.555555343627929688e+00
-1.792983556536571932e+00,3.934303548590559529e+00,-5.555555343627929688e+00
-1.755495229893069942e+00,3.523386796385848729e+00,-5.555555343627929688e+00
-1.722082037608297256e+00,3.120482597114546230e+00,-5.555555343627929688e+00
-1.692653216964794316e+00,2.727903186030605553e+00,-5.555555343627929688e+00
-1.668076280527128308e+00,2.141985225911403390e+00,1.000000000000000000e+01
-1.649020112638139635e+00,1.628938066552464203e+00,1.000000000000000000e+01
-1.634810735368591894e+00,1.176912527054179813e+00,1.000000000000000000e+01
-1.624885297499466308e+00,7.756556318163599917e-01,1.000000000000000000e+01
-1.618777082729349948e+00,4.162982010978321656e-01,1.000000000000000000e+01
-1.616102557841361476e+00,9.116171463541042352e-02,1.000000000000000000e+01
-1.616550258083533809e+00,-2.064138002485765011e-01,1.000000000000000000e+01
-1.619871299278561549e+00,-4.822210596995408216e-01,1.000000000000000000e+01
-1.625871313385957473e+00,-7.413172145787891854e-01,1.000000000000000000e+01
-1.633914633680002781e+00,-8.782108694585730735e-01,-5.555555343627929688e+00
-1.643170453823033839e+00,-9.802427081643493301e-01,-7.777777671813964844e+00
-1.653367802803752618e+00,-1.064857279478254259e+00,-7.777777671813964844e+00
-1.664334930179139471e+00,-1.132614927908804914e+00,-7.777777671813964844e+00
-1.675906210524375828e+00,-1.184189312834077024e+00,-7.777777671813964844e+00
-1.687923213171806269e+00,-1.220353339482019850e+00,-7.777777671813964844e+00
-1.700235631818549642e+00,-1.241965217365314178e+00,-7.777777671813964844e+00
-1.712702075392682932e+00,-1.249954676335825798e+00,-7.777777671813964844e+00
-1.725190721979237063e+00,-1.245309394499220623e+00,-7.777777671813964844e+00
-1.737579838248334951e+00,-1.229061713417306079e+00,-7.777777671813964844e+00
-1.749758167659898778e+00,-1.202275732271074205e+00,-7.777777671813964844e+00
-1.761625191686824854e+00,-1.166034882738800071e+00,-7.777777671813964844e+00
-1.773091269337115694e+00,-1.121430089806169317e+00,-7.777777671813964844e+00
-1.784077661299407591e+00,-1.069548620771797021e+00,-7.777777671813964844e+00
-1.794516446024319478e+00,-1.011463716059721962e+00,-7.777777671813964844e+00
-1.804350335933754712e+00,-9.482250821773139382e-01,-7.777777671813964844e+00
-1.813532402681093725e+00,-8.808503105418383772e-01,-7.777777671813964844e+00
-1.822025720939783877e+00,-8.103172672805312171e-01,-7.777777671813964844e+00
-1.829802940561936264e+00,-7.375574797660486848e-01,-7.777777671813964844e+00
-1.836845797120181478e+00,-6.634505267090866631e-01,-7.777777671813964844e+00
-1.843144570833562534e+00,-5.888194210091458602e-01,-7.777777671813964844e+00
-1.848697503698067290e+00,-5.144269589381422758e-01,-7.777777671813964844e+00
-1.853510184316633724e+00,-4.409729960300476925e-01,-7.777777671813964844e+00
-1.857594909477402911e+00,-3.690925994751388939e-01,-7.777777671813964844e+00
-1.860970030989123503e+00,-2.993550188757175823e-01,-7.777777671813964844e+00
-1.863659295674648941e+00,-2.322634117617278782e-01,-7.777777671813964844e+00
-1.865691185771198635e+00,-1.682552570284932825e-01,-7.777777671813964844e+00
-1.867098266310200927e+00,-1.077033881152735240e-01,-7.777777671813964844e+00
-1.867916545367481973e+00,-5.091757793315011826e-02,-7.777777671813964844e+00
-1.868184852399943141e+00,1.853391083201496280e-03,-7.777777671813964844e+00
-1.867944239228020331e+00,5.041923621332886768e-02,-7.777777671813964844e+00
-1.867237407591179954e+00,9.464532462088140474e-02,-7.777777671813964844e+00
-1.866108166601039731e+00,1.344495230020184839e-01,-7.777777671813964844e+00
-1.864600922845757180e+00,1.697988020159926226e-01,-7.777777671813964844e+00
-1.862760205361018384e+00,2.007056475362904435e-01,-7.777777671813964844e+00
-1.860630227177077822e+00,2.272243275493530945e-01,-7.777777671813964844e+00
-1.858254484677168472e+00,2.494470604069989050e-01,-7.777777671813964844e+00
-1.855675395559213348e+00,2.675001271143701564e-01,-7.777777671813964844e+00
-1.852933975779259557e+00,2.815399673928307700e-01,-7.777777671813964844e+00
-1.850069555470680971e+00,2.917492963701938113e-01,-7.777777671813964844e+00
-1.847119533477564302e+00,2.983332758882257796e-01,-7.777777671813964844e+00
-1.844119169813673409e+00,3.015157715509002023e-01,-7.777777671813964844e+00
-1.841101415060147461e+00,3.015357237441543825e-01,-7.777777671813964844e+00
-1.838096775445936526e+00,2.986436579260649538e-01,-7.777777671813964844e+00
-1.835133212115335199e+00,2.930983565129615664e-01,-7.777777671813964844e+00
-1.832236072877230670e+00,2.851637116800154748e-01,-7.777777671813964844e+00
-1.829428054551100580e+00,2.751057753715195342e-01,-7.777777671813964844e+00
-1.826729193875419766e+00,2.631900198010579950e-01,-7.777777671813964844e+00
-1.824156884824787994e+00,2.496788187449048568e-01,-7.777777671813964844e+00
-1.821725920092190254e+00,2.348291570259117833e-01,-7.777777671813964844e+00
-1.819448554431556841e+00,2.188905727829940639e-01,-7.777777671813964844e+00
-1.817334587521942657e+00,2.021033344546768196e-01,-7.777777671813964844e+00
-1.815391464006785416e+00,1.846968519024217159e-01,-7.777777671813964844e+00
-1.813624388378016539e+00,1.668883187845844329e-01,-7.777777671813964844e+00
-1.812036452413358090e+00,1.488815811836111669e-01,-7.777777671813964844e+00
-1.810628772933790875e+00,1.308662256006909164e-01,-7.777777671813964844e+00
-1.809400637724709382e+00,1.130168777712268480e-01,-7.777777671813964844e+00
-1.808349657556364010e+00,9.549270232367747246e-02,-7.777777671813964844e+00
-1.807471922344569215e+00,7.843709210138041787e-02,-7.777777671813964844e+00
-1.806762159609054841e+00,6.197753498582826009e-02,-7.777777671813964844e+00
-1.806213893512085500e+00,4.622564529121205718e-02,-7.777777671813964844e+00
-1.805819602891982179e+00,3.127734623218961924e-02,-7.777777671813964844e+00
-1.805570876843031414e+00,1.721318958635877777e-02,-7.777777671813964844e+00
-1.805458566533113984e+00,4.098798465402335445e-03,-7.777777671813964844e+00
-1.805472932091602756e+00,-8.014580940643828769e-03,-7.777777671813964844e+00
-1.805603783541114504e+00,-1.908943268805213256e-02,-7.777777671813964844e+00
-1.805840614886229600e+00,-2.910124329330657234e-02,-7.777777671813964844e+00
-1.806172730609076460e+00,-3.803770632082963121e-02,-7.777777671813964844e+00
-1.806589363954629768e+00,-4.589787239305674615e-02,-7.777777671813964844e+00
-1.807079786516776920e+00,-5.269125714798923027e-02,-7.777777671813964844e+00
-1.807633408758820837e+00,-5.843691907088817417e-02,-7.777777671813964844e+00
-1.808239871218416672e+00,-6.316251846489362443e-02,-7.777777671813964844e+00
-1.808889126256417956e+00,-6.690336811103334003e-02,-7.777777671813964844e+00
-1.809571510311241527e+00,-6.970148541175780199e-02,-7.777777671813964844e+00
-1.810277806714772453e+00,-7.160465502369120494e-02,-7.777777671813964844e+00
-1.810999299212250557e+00,-7.266551017409510205e-02,-7.777777671813964844e+00
-1.811727816406821345e+00,-7.294064003051735356e-02,-7.777777671813964844e+00
-1.812455767419398844e+00,-7.248972966263303452e-02,-7.777777671813964844e+00
-1.813176169116140102e+00,-7.137473830732045388e-02,-7.777777671813964844e+00
-1.813882665309245690e+00,-6.965912082994611676e-02,-7.777777671813964844e+00
-1.814569538382121872e+00,-6.740709647353058942e-02,-7.777777671813964844e+00
-1.815231713827320181e+00,-6.468296820920003964e-02,-7.777777671813964844e+00
-1.815864758215409047e+00,-6.155049525178218905e-02,-7.777777671813964844e+00
-1.816464871135322401e+00,-5.807232058860789525e-02,-7.777777671813964844e+00
-1.817028871662125011e+00,-5.430945469189219638e-02,-7.777777671813964844e+00
-1.817554179916943680e+00,-5.032081594919036310e-02,-7.777777671813964844e+00
-1.818038794286457316e+00,-4.616282775536065253e-02,-7.777777671813964844e+00
-1.818481264866288694e+00,-4.188907166556013473e-02,-7.777777671813964844e+00
-1.818880663684367960e+00,-3.754999551371552419e-02,-7.777777671813964844e+00
-1.819236552247329275e+00,-3.319267495571393695e-02,-7.777777671813964844e+00
-1.819548946935790390e+00,-2.886062650168450677e-02,-7.777777671813964844e+00
-1.819818282753404404e+00,-2.459366975708943831e-02,-7.777777671813964844e+00
-1.820045375910406049e+00,-2.042783629730130293e-02,-7.777777671813964844e+00
-1.820231385695473270e+00,-1.639532235383743194e-02,-7.777777671813964844e+00
-1.820377776060572605e+00,-1.252448229096654250e-02,-7.777777671813964844e+00
-1.820486277312507006e+00,-8.839859697170189892e-03,-7.777777671813964844e+00
-1.820558848272602726e+00,-5.362252804794184931e-03,-7.777777671813964844e+00
-1.820597639232751419e+00,-2.108810880756532835e-03,-7.777777671813964844e+00
-1.820604956002276564e+00,9.068418011742059980e-04,-7.777777671813964844e+00
-1.820583225306183772e+00,3.674457793043422928e-03,-7.777777671813964844e+00
-1.820534961761623771e+00,6.186997461369212435e-03,-7.777777671813964844e+00
-1.820462736626159650e+00,8.440442417878217529e-03,-7.777777671813964844e+00
-1.820369148478949484e+00,1.043359458688530861e-02,-7.777777671813964844e+00
-1.820256795964521945e+00,1.216786398885398926e-02,-7.777777671813964844e+00
-1.820128252698614890e+00,1.364704818409051730e-02,-7.777777671813964844e+00
-1.819986044406778580e+00,1.487710616733865614e-02,-7.777777671813964844e+00
-1.819832628339298486e+00,1.586592933612960762e-02,-7.777777671813964844e+00
-1.819670374980542071e+00,1.662311197586781308e-02,-7.777777671813964844e+00
-1.819501552047272375e+00,1.715972351549063454e-02,-7.777777671813964844e+00
-1.819328310748785205e+00,1.748808461166933767e-02,-7.777777671813964844e+00
-1.819152674262072944e+00,1.762154891933810641e-02,-7.777777671813964844e+00
-1.818976528357520550e+00,1.757429220411084805e-02,-7.777777671813964844e+00
-1.818801614095019614e+00,1.736111024997843283e-02,-7.777777671813964844e+00
-1.818629522496734374e+00,1.699722681551519773e-02,-7.777777671813964844e+00
-1.818461691091128429e+00,1.649811269542857811e-02,-7.777777671813964844e+00
