-1.134477536995539326e+00,-3.544993686079257245e+00,0.000000000000000000e+00
-1.167329860548220521e+00,-2.983916937505354028e+00,1.000000000000000000e+01
-1.198246824825209389e+00,-3.216740078808321801e+00,-5.555555343627929688e+00
-1.231329716959673082e+00,-3.413731342802146074e+00,-5.555555343627929688e+00
-1.266226022165388265e+00,-3.576183874224513559e+00,-5.555555343627929688e+00
-1.302596261707793523e+00,-3.705416860587862349e+00,-5.555555343627929688e+00
-1.340114320744506760e+00,-3.802790302525142163e+00,-5.555555343627929688e+00
-1.378467916993307840e+00,-3.869718046313292525e+00,-5.555555343627929688e+00
-1.417580262749256415e+00,-3.954102117626396407e+00,-7.777777671813964844e+00
-1.457346316311349810e+00,-3.996649623324857181e+00,-7.777777671813964844e+00
-1.497358220607086787e+00,-3.999736220656991748e+00,-7.777777671813964844e+00
-1.537232847789479884e+00,-3.965950909625075571e+00,-7.777777671813964844e+00
-1.576613852616293387e+00,-3.898076814479914276e+00,-7.777777671813964844e+00
-1.615173499512165600e+00,-3.799064528039008515e+00,-7.777777671813964844e+00
-1.652614193362261563e+00,-3.671999097080918428e+00,-7.777777671813964844e+00
-1.688669656982900946e+00,-3.520062165299126633e+00,-7.777777671813964844e+00
-1.723105714701376856e+00,-3.346491051039240716e+00,-7.777777671813964844e+00
-1.755720659770002134e+00,-3.154536621536381702e+00,-7.777777671813964844e+00
-1.786345201743169353e+00,-2.947421751312806926e+00,-7.777777671813964844e+00
-1.814842007003607316e+00,-2.728301950173324997e+00,-7.777777671813964844e+00
-1.841104860220424966e+00,-2.500229453864560636e+00,-7.777777671813964844e+00
-1.865057485937014370e+00,-2.266121728233667643e+00,-7.777777671813964844e+00
-1.886652077396602012e+00,-2.028734983410415804e+00,-7.777777671813964844e+00
-1.905867584145053861e+00,-1.790642959810416546e+00,-7.777777671813964844e+00
-1.922707811212998052e+00,-1.554220956047971614e+00,-7.777777671813964844e+00
-1.937199381275262366e+00,-1.321634834675382564e+00,-7.777777671813964844e+00
-1.949389607724443918e+00,-1.094834571168891157e+00,-7.777777671813964844e+00
-1.959344321715027482e+00,-8.755518038693732574e-01,-7.777777671813964844e+00
-1.967145690538586233e+00,-6.653007915336915934e-01,-7.777777671813964844e+00
-1.972890058705303762e+00,-4.653821812867163787e-01,-7.777777671813964844e+00
-1.976685837254904321e+00,-2.768890219890834392e-01,-7.777777671813964844e+00
-1.978651461410839030e+00,-1.007145150494823255e-01,-7.777777671813964844e+00
-1.978913431925041211e+00,6.243893395570765392e-02,-7.777777671813964844e+00
-1.977604451438071953e+00,2.120497228013145941e-01,-7.777777671813964844e+00
-1.974861663921147814e+00,3.477664042771681507e-01,-7.777777671813964844e+00
-1.970825002729906350e+00,4.693965989773596359e-01,-7.777777671813964844e+00
-1.965635650899446141e+00,5.768956283900249504e-01,-7.777777671813964844e+00
-1.959434615935175428e+00,6.703549815413727408e-01,-7.777777671813964844e+00
-1.952361420383159629e+00,7.499906947124379553e-01,-7.777777671813964844e+00
-1.944552908777736899e+00,8.161317014465490072e-01,-7.777777671813964844e+00
-1.936142171055046823e+00,8.692081977029619821e-01,-7.777777671813964844e+00
-1.927257582097998689e+00,9.097400626323043360e-01,-7.777777671813964844e+00
-1.918021956670850736e+00,9.383253768921119287e-01,-7.777777671813964844e+00
-1.908551818561552871e+00,9.556290855323977818e-01,-7.777777671813964844e+00
-1.898956782249761055e+00,9.623718592813217398e-01,-7.777777671813964844e+00
-1.889339044848923344e+00,9.593192148613961523e-01,-7.777777671813964844e+00
-1.879792985438338171e+00,9.472709604447918652e-01,-7.777777671813964844e+00
-1.870404868223344064e+00,9.270510355874450603e-01,-7.777777671813964844e+00
-1.861252645263941519e+00,8.994978154338428844e-01,-7.777777671813964844e+00
-1.852405853823064108e+00,8.654549464842392625e-01,-7.777777671813964844e+00
-1.843925602734533209e+00,8.257627758931238571e-01,-7.777777671813964844e+00
-1.835864641604247005e+00,7.812504284854419057e-01,-7.777777671813964844e+00
-1.828267506158650857e+00,7.327285759582584657e-01,-7.777777671813964844e+00
-1.821479649576191351e+00,6.137559116996349484e-01,-5.555555343627929688e+00
-1.815858775329810770e+00,4.999171736682308520e-01,-5.555555343627929688e+00
-1.811351695128807116e+00,3.916097908439850617e-01,-5.555555343627929688e+00
-1.807901572033797200e+00,2.891594680254921390e-01,-5.555555343627929688e+00
-1.805162442502624254e+00,2.552893425285204798e-01,-7.777777671813964844e+00
-1.803044308106708682e+00,1.598486216612581834e-01,-5.555555343627929688e+00
-1.801570769976028830e+00,1.322316376268701799e-01,-7.777777671813964844e+00
-1.800369448336960776e+00,1.055294691301911642e-01,-7.777777671813964844e+00
-1.799430340590668198e+00,7.992731898928052969e-02,-7.777777671813964844e+00
-1.798741706377957383e+00,5.558506319657757766e-02,-7.777777671813964844e+00
-1.798290318914155472e+00,3.263771991524425792e-02,-7.777777671813964844e+00
-1.798061710700816995e+00,1.119612163035880494e-02,-7.777777671813964844e+00
-1.798040411686352202e+00,-8.652232560029303465e-03,-7.777777671813964844e+00
-1.798210178177140683e+00,-2.684216734367171620e-02,-7.777777671813964844e+00
-1.798554211027405092e+00,-4.332968671884036838e-02,-7.777777671813964844e+00
-1.799055361858024282e+00,-5.809071650826380662e-02,-7.777777671813964844e+00
-1.799696326269949465e+00,-7.111975499941167178e-02,-7.777777671813964844e+00
-1.800459823225508016e+00,-8.242845199188116034e-02,-7.777777671813964844e+00
-1.801328759969418547e+00,-9.204413556632744242e-02,-7.777777671813964844e+00
-1.802286382049789193e+00,-1.000083048311092154e-01,-7.777777671813964844e+00
-1.803316408176891317e+00,-1.063751057685810714e-01,-7.777777671813964844e+00
-1.804403149823380792e+00,-1.112098061072630123e-01,-7.777777671813964844e+00
-1.805531615623336972e+00,-1.145872839023433370e-01,-7.777777671813964844e+00
-1.806687600768586588e+00,-1.165905432276923837e-01,-7.777777671813964844e+00
-1.807857761728960400e+00,-1.173092690798348825e-01,-7.777777671813964844e+00
-1.809029676738224790e+00,-1.168384322797816066e-01,-7.777777671813964844e+00
-1.810191892589366747e+00,-1.152769538435772789e-01,-7.777777671813964844e+00
-1.811333958371738273e+00,-1.127264369878555605e-01,-7.777777671813964844e+00
-1.812446446858433369e+00,-1.092899736532039062e-01,-7.777777671813964844e+00
-1.813520964315422423e+00,-1.050710311758187437e-01,-7.777777671813964844e+00
-1.814550149554801095e+00,-1.001724235262384521e-01,-7.777777671813964844e+00
-1.815527663093408073e+00,-9.469537037158490267e-02,-7.777777671813964844e+00
-1.816448167305619865e+00,-8.873864611254587975e-02,-7.777777671813964844e+00
-1.817307298475888011e+00,-8.239782000511691740e-02,-7.777777671813964844e+00
-1.818101631663271212e+00,-7.576458750564081523e-02,-7.777777671813964844e+00
-1.818828639287479731e+00,-6.892619208056229019e-02,-7.777777671813964844e+00
-1.819486644334631364e+00,-6.196493590304064103e-02,-7.777777671813964844e+00
-1.820074769061730047e+00,-5.495777711947495009e-02,-7.777777671813964844e+00
-1.820592880052695151e+00,-4.797601071136659012e-02,-7.777777671813964844e+00
-1.821041530446354750e+00,-4.108502940199094261e-02,-7.777777671813964844e+00
-1.821421900119024162e+00,-3.434416056237869080e-02,-7.777777671813964844e+00
-1.821735734561897857e+00,-2.780657465553741658e-02,-7.777777671813964844e+00
-1.821985283147287582e+00,-2.151926041938662451e-02,-7.777777671813964844e+00
-1.822173237428493797e+00,-1.552306172457264266e-02,-7.777777671813964844e+00
-1.822302670066533903e+00,-9.852770849699710176e-03,-7.777777671813964844e+00
-1.822376974923750170e+00,-4.537272789625785077e-03,-7.777777671813964844e+00
-1.822399808810134969e+00,4.002648519177223491e-04,-7.777777671813964844e+00
-1.822375035313651637e+00,4.942161840554820662e-03,-7.777777671813964844e+00
-1.822306671091449060e+00,9.075960568674943177e-03,-7.777777671813964844e+00
-1.822198834945166324e+00,1.279413190506385571e-02,-7.777777671813964844e+00
-1.822055699950996699e+00,1.609375681091473193e-02,-7.777777671813964844e+00
-1.821881448864193231e+00,1.897618871877207458e-02,-7.777777671813964844e+00
-1.821680232968676094e+00,2.144670145945949680e-02,-7.777777671813964844e+00
-1.821456134495595736e+00,2.351412728137481506e-02,-7.777777671813964844e+00
-1.821213132690445935e+00,2.519048924132970615e-02,-7.777777671813964844e+00
-1.820955073566798976e+00,2.649063196084579241e-02,-7.777777671813964844e+00
-1.820685643346133364e+00,2.743185444079837554e-02,-7.777777671813964844e+00
-1.820408345547696927e+00,2.803354831462259028e-02,-7.777777671813964844e+00
-1.820126481659989359e+00,2.831684459988825439e-02,-7.777777671813964844e+00
-1.819843135296298042e+00,2.830427168354890735e-02,-7.777777671813964844e+00
-1.819561159710839648e+00,2.801942695101478781e-02,-7.777777671813964844e+00
-1.819283168529408190e+00,2.748666414654531848e-02,-7.777777671813964844e+00
-1.819011529528998139e+00,2.673079823520847081e-02,-7.777777671813964844e+00
-1.818748361284550752e+00,2.577682922742548927e-02,-7.777777671813964844e+00
-1.818495532487736988e+00,2.464968612826323388e-02,-7.777777671813964844e+00
-1.818254663732350895e+00,2.337399188720971563e-02,-7.777777671813964844e+00
-1.818027131553376696e+00,2.197384995196270327e-02,-7.777777671813964844e+00
-1.817814074501926669e+00,2.047265277327757829e-02,-7.777777671813964844e+00
-1.817616401035854423e+00,1.889291236840941884e-02,-7.777777671813964844e+00
-1.817434799005809953e+00,1.725611282910495883e-02,-7.777777671813964844e+00
-1.817269746518545670e+00,1.558258445720590336e-02,-7.777777671813964844e+00
-1.817121523963313168e+00,1.389139902717148600e-02,-7.777777671813964844e+00
-1.816990226992944324e+00,1.220028551049897811e-02,-7.777777671813964844e+00
-1.816875780258532025e+00,1.052556545216427365e-02,-7.777777671813964844e+00
-1.816777951705302430e+00,8.882107063667744884e-03,-7.777777671813964844e+00
-1.816696367247122801e+00,7.283296990743747326e-03,-7.777777671813964844e+00
-1.816630525647916272e+00,5.741028625792097412e-03,-7.777777671813964844e+00
-1.816579813449888947e+00,4.265705764999313740e-03,-7.777777671813964844e+00
-1.816543519800717821e+00,2.866260357178244261e-03,-7.777777671813964844e+00
-1.816520851044570506e+00,1.550183054731746595e-03,-7.777777671813964844e+00
-1.816510944954815354e+00,3.235652558836041781e-04,-7.777777671813964844e+00
-1.816512884499442038e+00,-8.088486795986010594e-04,-7.777777671813964844e+00
-1.816525711043371238e+00,-1.843600352603026564e-03,-7.777777671813964844e+00
-1.816548436904867225e+00,-2.778448677695302422e-03,-7.777777671813964844e+00
-1.816580057196078846e+00,-3.612294930335271763e-03,-7.777777671813964844e+00
-1.816619560890190277e+00,-4.345102712283923675e-03,-7.777777671813964844e+00
-1.816665941069705692e+00,-4.977814011125498636e-03,-7.777777671813964844e+00
-1.816718204321890573e+00,-5.512262474225785788e-03,-7.777777671813964844e+00
-1.816775379258335654e+00,-5.951084955445425616e-03,-7.777777671813964844e+00
-1.816836524145886145e+00,-6.297632325624490102e-03,-7.777777671813964844e+00
-1.816900733645772092e+00,-6.555880466330487287e-03,-7.777777671813964844e+00
-1.816967144666636225e+00,-6.730342291637735064e-03,-7.777777671813964844e+00
-1.817034941345263110e+00,-6.825981565753370429e-03,-7.777777671813964844e+00
-1.817103359176126531e+00,-6.848129206049158313e-03,-7.777777671813964844e+00
-1.817171688317434031e+00,-6.802402682354402076e-03,-7.777777671813964844e+00
-1.817239276107083690e+00,-6.694629045003801585e-03,-7.777777671813964844e+00
-1.817305528826936412e+00,-6.530772036854271163e-03,-7.777777671813964844e+00
-1.817369912758012962e+00,-6.316863668938716737e-03,-7.777777671813964844e+00
