3.495612935775447738e+00,-5.075370144450856102e+00,0.000000000000000000e+00
3.440192605871466913e+00,-6.106250140378539193e+00,1.000000000000000000e+01
3.374616215271115660e+00,-7.102864345543727254e+00,1.000000000000000000e+01
3.299237759218449195e+00,-8.062250644085692031e+00,1.000000000000000000e+01
3.215676491572159623e+00,-8.708427551161525670e+00,7.777777671813964844e+00
3.125831632416284922e+00,-9.313771352437463236e+00,7.777777671813964844e+00
3.030143466232779748e+00,-9.870988902574755031e+00,7.777777671813964844e+00
2.929129564989208401e+00,-1.037186987670896343e+01,7.777777671813964844e+00
2.823392574936551380e+00,-1.080761209102753284e+01,7.777777671813964844e+00
2.713624329710740302e+00,-1.116923846646944973e+01,7.777777671813964844e+00
2.600605436643147250e+00,-1.144808904108325009e+01,7.777777671813964844e+00
2.486238691910118259e+00,-1.141059286182671428e+01,5.555555343627929688e+00
2.372548056708596587e+00,-1.130579546304970329e+01,5.555555343627929688e+00
2.260213678313630403e+00,-1.113239445425819518e+01,5.555555343627929688e+00
2.149921711669305679e+00,-1.089065168338265543e+01,5.555555343627929688e+00
2.042348676283124220e+00,-1.058237751283926720e+01,5.555555343627929688e+00
1.939420660072797675e+00,-9.586658383175072018e+00,5.555555343627929688e+00
1.850420189811964988e+00,-8.094607723612506689e+00,5.555555343627929688e+00
1.775844317452512700e+00,-6.715052243216998562e+00,3.333333253860473633e+00
1.714214637991700929e+00,-5.519803635255240870e+00,3.333333253860473633e+00
1.663793025260395853e+00,-4.486048387995250408e+00,3.333333253860473633e+00
1.623057500554947907e+00,-3.593580748301628880e+00,3.333333253860473633e+00
1.590677445820324998e+00,-2.824525910706074505e+00,3.333333253860473633e+00
1.565491377997094924e+00,-2.163104801610926220e+00,3.333333253860473633e+00
1.546486956050858286e+00,-1.595423342069580919e+00,3.333333253860473633e+00
1.532783015939539251e+00,-1.109278507299655825e+00,3.333333253860473633e+00
1.523613481265147840e+00,-6.939782732802932674e-01,3.333333253860473633e+00
1.518313015199286964e+00,-3.401746966080731460e-01,3.333333253860473633e+00
1.516304282552058069e+00,-3.971014485328892840e-02,3.333333253860473633e+00
1.517086689885093209e+00,2.145232077143447991e-01,3.333333253860473633e+00
1.520226471119714651e+00,4.287106876417947077e-01,3.333333253860473633e+00
1.525347987938697969e+00,6.082295624647788834e-01,3.333333253860473633e+00
1.532126118699554507e+00,7.577511846636568738e-01,3.333333253860473633e+00
1.540279616173106936e+00,8.813315952607824189e-01,3.333333253860473633e+00
1.549565322571419657e+00,9.824914627900369624e-01,3.333333253860473633e+00
1.559773139405565834e+00,1.064286294467590599e+00,3.333333253860473633e+00
1.570721659177549245e+00,1.129367870065192792e+00,3.333333253860473633e+00
1.582254375342940111e+00,1.180037827423944474e+00,3.333333253860473633e+00
1.594236396080003670e+00,1.218294282742698131e+00,3.333333253860473633e+00
1.606551595967298907e+00,1.245872307779047672e+00,3.333333253860473633e+00
1.619100147586135519e+00,1.264279016913981923e+00,3.333333253860473633e+00
1.631796382269598888e+00,1.274823944808935572e+00,3.333333253860473633e+00
1.644566935703124289e+00,1.278645323744930673e+00,3.333333253860473633e+00
1.657349139860373466e+00,1.276732801083009683e+00,3.333333253860473633e+00
1.670089627869654425e+00,1.269947073107640323e+00,3.333333253860473633e+00
1.682743122899157395e+00,1.259036852619088487e+00,3.333333253860473633e+00
1.695271386078488707e+00,1.244653534356431335e+00,3.333333253860473633e+00
1.707642301895710535e+00,1.227363874661822729e+00,3.333333253860473633e+00
1.719662051581778428e+00,1.171070256047410441e+00,5.555555343627929688e+00
1.731122333313382500e+00,1.115593425975921038e+00,5.555555343627929688e+00
1.742032385074808065e+00,1.061163556292288757e+00,5.555555343627929688e+00
1.752403565963944754e+00,1.007971519944544037e+00,5.555555343627929688e+00
1.762248983104105715e+00,9.561732368460444942e-01,5.555555343627929688e+00
1.771583160192355288e+00,9.058936218726236778e-01,5.555555343627929688e+00
1.780421743871182905e+00,8.572301708439473700e-01,5.555555343627929688e+00
1.788781244447650076e+00,8.102562158137480708e-01,5.555555343627929688e+00
1.796678807780420994e+00,7.650238773667988879e-01,5.555555343627929688e+00
1.804132015418391299e+00,7.215667386965409769e-01,5.555555343627929688e+00
1.811158710311267184e+00,6.799022638575303867e-01,5.555555343627929688e+00
1.817776845627262494e+00,6.400339806239372376e-01,5.555555343627929688e+00
1.824004354409753725e+00,6.019534467385894150e-01,5.555555343627929688e+00
1.829859037986065751e+00,5.656420169281709542e-01,5.555555343627929688e+00
1.835358471209663334e+00,5.310724268291782124e-01,5.555555343627929688e+00
1.840519922773418804e+00,4.982102088710196885e-01,5.555555343627929688e+00
1.845360288977533791e+00,4.670149541639685986e-01,5.555555343627929688e+00
1.849896039471959019e+00,4.374414335165721091e-01,5.555555343627929688e+00
1.854143173620474760e+00,4.094405898427834201e-01,5.555555343627929688e+00
1.858117186252470132e+00,3.829604134020932471e-01,5.555555343627929688e+00
1.861833041679387790e+00,3.579467105388708381e-01,5.555555343627929688e+00
1.865305154956073741e+00,3.343437758453918773e-01,5.555555343627929688e+00
1.868547379463317615e+00,3.120949769640553040e-01,5.555555343627929688e+00
1.871572999976939489e+00,2.911432605667922391e-01,5.555555343627929688e+00
1.874394730471226733e+00,2.714315874031749121e-01,5.555555343627929688e+00
1.877024715980648795e+00,2.529033036932248346e-01,5.555555343627929688e+00
1.879474537913873755e+00,2.355024555565679578e-01,5.555555343627929688e+00
1.881755222278519435e+00,2.191740526165442959e-01,5.555555343627929688e+00
1.883877250334083708e+00,2.038642863962374097e-01,5.555555343627929688e+00
1.885850571244430895e+00,1.895207086330256141e-01,5.555555343627929688e+00
1.887684616350393307e+00,1.760923741788791574e-01,5.555555343627929688e+00
1.889388314727753260e+00,1.635299527247215945e-01,5.555555343627929688e+00
1.890970109736447302e+00,1.517858131880263362e-01,5.555555343627929688e+00
1.892437976303520175e+00,1.408140842325500963e-01,5.555555343627929688e+00
1.893799438715495942e+00,1.305706940466740962e-01,5.555555343627929688e+00
1.895061588725652335e+00,1.210133921910639537e-01,5.555555343627929688e+00
1.896231103808454943e+00,1.121017560360257487e-01,5.555555343627929688e+00
1.897314265417407775e+00,1.037971840427024395e-01,5.555555343627929688e+00
1.898316977123999383e+00,9.606287789875353478e-02,5.555555343627929688e+00
1.899244782534506681e+00,8.886381529702440385e-02,5.555555343627929688e+00
1.900102882898387913e+00,8.216671494355179406e-02,5.555555343627929688e+00
1.900896154337017085e+00,7.593999519770590345e-02,5.555555343627929688e+00
1.901629164634767832e+00,7.015372758102086936e-02,5.555555343627929688e+00
1.902306189546149939e+00,6.477958624101250173e-02,5.555555343627929688e+00
1.902931228582923850e+00,5.979079432079658502e-02,5.555555343627929688e+00
1.903508020254085276e+00,5.516206806342198454e-02,5.555555343627929688e+00
1.904040056739379594e+00,5.086955937040318898e-02,5.555555343627929688e+00
1.904530597983772777e+00,4.689079743591395566e-02,5.555555343627929688e+00
1.904982685206095816e+00,4.320462999050565106e-02,5.555555343627929688e+00
1.905399153820077407e+00,3.979116461010828720e-02,5.555555343627929688e+00
1.905782645770204509e+00,3.663171047659771057e-02,5.555555343627929688e+00
1.906135621288437276e+00,3.370872091456963981e-02,5.555555343627929688e+00
1.906460370080799382e+00,3.100573697440592996e-02,5.555555343627929688e+00
1.906759021955339639e+00,2.850733228357264087e-02,5.555555343627929688e+00
1.907033556904990546e+00,2.619905934571932493e-02,5.555555343627929688e+00
1.907285814660470535e+00,2.406739742998146789e-02,5.555555343627929688e+00
1.907517503729649677e+00,2.209970216039369717e-02,5.555555343627929688e+00
1.907730209940773802e+00,2.028415688702048594e-02,5.555555343627929688e+00
1.907925404507633038e+00,1.860972589585719109e-02,5.555555343627929688e+00
1.908104451635245891e+00,1.706610949335822872e-02,5.555555343627929688e+00
1.908268615684894476e+00,1.564370098323659627e-02,5.555555343627929688e+00
1.908419067917458856e+00,1.433354553762885078e-02,5.555555343627929688e+00
1.908556892833948027e+00,1.312730095152813900e-02,5.555555343627929688e+00
1.908683094131976787e+00,1.201720025829122393e-02,5.555555343627929688e+00
1.908798600296655712e+00,1.099601617477333204e-02,5.555555343627929688e+00
1.908904269844029722e+00,1.005702733702578885e-02,5.555555343627929688e+00
1.909000896234762656e+00,9.193986281303445293e-03,5.555555343627929688e+00
1.909089212475307384e+00,8.401089120198552973e-03,5.555555343627929688e+00
1.909169895423263874e+00,7.672946859883397926e-03,5.555555343627929688e+00
1.909243569813090291e+00,7.004558301566052650e-03,5.555555343627929688e+00
1.909310812017738668e+00,6.391284468216087977e-03,5.555555343627929688e+00
1.909372153561202490e+00,5.828824496284069206e-03,5.555555343627929688e+00
1.909428084396348924e+00,5.313192931419312773e-03,5.555555343627929688e+00
1.909479055961801786e+00,4.840698367002155278e-03,5.555555343627929688e+00
1.909525484031028508e+00,4.407923364558779221e-03,5.555555343627929688e+00
1.909567751366175736e+00,4.011705595760700280e-03,5.555555343627929688e+00
1.909606210188607323e+00,3.649120146653233015e-03,5.555555343627929688e+00
1.909641184477497422e+00,3.317462925963740334e-03,5.555555343627929688e+00
1.909672972107266276e+00,3.014235120756192463e-03,5.555555343627929688e+00
1.909701846834082506e+00,2.737128644283865972e-03,5.555555343627929688e+00
1.909728060141113071e+00,2.484012522608664095e-03,5.555555343627929688e+00
1.909751842951671108e+00,2.252920168373533701e-03,5.555555343627929688e+00
1.909773407218911423e+00,2.042037492005851877e-03,5.555555343627929688e+00
1.909792947400230201e+00,1.849691802568406793e-03,5.555555343627929688e+00
1.909810641824058131e+00,1.674341452437682568e-03,5.555555343627929688e+00
1.909826653956282261e+00,1.514566181970940012e-03,5.555555343627929688e+00
1.909841133573113803e+00,1.369058122291247912e-03,5.555555343627929688e+00
1.909854217846795654e+00,1.236613416275845513e-03,5.555555343627929688e+00
1.909866032350162834e+00,1.116124419753967284e-03,5.555555343627929688e+00
1.909876691985689767e+00,1.006572446817739991e-03,5.555555343627929688e+00
1.909886301844315293e+00,9.070210249840769158e-04,5.555555343627929688e+00
1.909894957998992115e+00,8.166096277458208610e-04,5.555555343627929688e+00
1.909902748237596981e+00,7.345478537884396865e-04,5.555555343627929688e+00
1.909909752739535227e+00,6.601100238287160122e-04,5.555555343627929688e+00
1.909916044700091797e+00,5.926301676546913682e-04,5.555555343627929688e+00
1.909921690906312586e+00,5.314973755027181364e-04,5.555555343627929688e+00
1.909926752267949279e+00,4.761514894048858820e-04,5.555555343627929688e+00
1.909931284306763066e+00,4.260791115685563660e-04,5.555555343627929688e+00
1.909935337607258754e+00,3.808099082193102704e-04,5.555555343627929688e+00
1.909938958231710338e+00,3.399131886420804277e-04,5.555555343627929688e+00
1.909942188102146110e+00,3.029947403986043035e-04,5.555555343627929688e+00
1.909945065351775106e+00,2.696939028755075338e-04,5.555555343627929688e+00
1.909947624648154818e+00,2.396808624417494545e-04,5.555555343627929688e+00
