5.776392182745955506e-02,-1.939941629637847109e+00,0.000000000000000000e+00
3.692961010874504929e-02,-2.257383802507059389e+00,-3.333333253860473633e+00
1.666169758188742328e-02,-1.749721631883994766e+00,3.333333253860473633e+00
1.356413831129293533e-03,-1.267008581007524004e+00,3.333333253860473633e+00
-9.226399382416244216e-03,-8.071794545080077654e-01,3.333333253860473633e+00
-1.654278053097770970e-02,-6.409177758348202358e-01,1.111111164093017578e+00
-2.223493308316621189e-02,-4.830496929109687199e-01,1.111111164093017578e+00
-2.638349458525636113e-02,-3.328507650160276166e-01,1.111111164093017578e+00
-2.906206434470096425e-02,-1.896419234541047438e-01,1.111111164093017578e+00
-3.033764626360583444e-02,-5.278705280270949013e-02,1.111111164093017578e+00
-3.027106755525523635e-02,7.830940516765778903e-02,1.111111164093017578e+00
-2.891737372774296974e-02,2.042047916827335330e-01,1.111111164093017578e+00
-2.632620051109962889e-02,3.254204905343361931e-01,1.111111164093017578e+00
-2.254212362018089347e-02,4.424440889839535984e-01,1.111111164093017578e+00
-1.760498740149833360e-02,5.557314271683141405e-01,1.111111164093017578e+00
-1.155021352146949620e-02,6.657085272088139050e-01,1.111111164093017578e+00
-5.645383885167690359e-03,5.000765009903008762e-01,-1.111111164093017578e+00
-1.360226470243649328e-03,3.424550419786445143e-01,-1.111111164093017578e+00
1.382154419454143966e-03,1.921391479752738995e-01,-1.111111164093017578e+00
3.888156577751229921e-03,3.211747182510883425e-01,1.111111164093017578e+00
6.427348429593951820e-03,1.729703012816792562e-01,-1.111111164093017578e+00
8.750648887545233248e-03,3.039792817786272083e-01,1.111111164093017578e+00
1.112634845089834415e-02,1.576339698756410446e-01,-1.111111164093017578e+00
1.206791121339103635e-02,1.768939642715245536e-02,-1.111111164093017578e+00
1.287286639923486062e-02,1.562310265876652171e-01,1.111111164093017578e+00
1.380257349244675899e-02,1.676534168801470381e-02,-1.111111164093017578e+00
1.460033425532971871e-02,1.557578505321861317e-01,1.111111164093017578e+00
1.552729454691764363e-02,1.672982596509375169e-02,-1.111111164093017578e+00
1.632657142123473265e-02,1.561350388623044538e-01,1.111111164093017578e+00
1.725913379687427779e-02,1.751092199946842343e-02,-1.111111164093017578e+00
1.683178137798136895e-02,-1.153687723959881117e-01,-1.111111164093017578e+00
1.633559763631827269e-02,2.960820853398136304e-02,1.111111164093017578e+00
1.602599371200186945e-02,-1.039772392413183255e-01,-1.111111164093017578e+00
1.564077515789346479e-02,4.035404847009221863e-02,1.111111164093017578e+00
1.543590396634354073e-02,-9.382776597654884920e-02,-1.111111164093017578e+00
1.514968953171851561e-02,4.995864525852385107e-02,1.111111164093017578e+00
1.503857124307779458e-02,-8.472463262400878325e-02,-1.111111164093017578e+00
1.484129675525164629e-02,5.860450168492309375e-02,1.111111164093017578e+00
1.481471995083815350e-02,-7.649774066670550488e-02,-1.111111164093017578e+00
1.469797046246422607e-02,6.645037306033359237e-02,1.111111164093017578e+00
1.474826282910749603e-02,-6.899894834065366245e-02,-1.111111164093017578e+00
1.470506043672745698e-02,7.363467784131381977e-02,1.111111164093017578e+00
1.482589243875786708e-02,-6.209890726871775818e-02,-1.111111164093017578e+00
1.485051473434882002e-02,8.027844154365557094e-02,1.111111164093017578e+00
1.503673175736871225e-02,-5.568433049197352158e-02,-1.111111164093017578e+00
1.512455673588398650e-02,8.648783931489970045e-02,1.111111164093017578e+00
1.537203582706388530e-02,-4.965563157597117222e-02,-1.111111164093017578e+00
1.551940965796286785e-02,9.235639348484377120e-02,1.111111164093017578e+00
1.582493753115842353e-02,-4.392488277229871646e-02,-1.111111164093017578e+00
1.602906210621421121e-02,9.796687462197367635e-02,1.111111164093017578e+00
1.639023154872034510e-02,-3.841404737688583482e-02,-1.111111164093017578e+00
1.664906915313419181e-02,1.033929479151346476e-01,1.111111164093017578e+00
1.706419137477479392e-02,-3.305344759965644919e-02,-1.111111164093017578e+00
1.737638420344558149e-02,1.087006009246541394e-01,1.111111164093017578e+00
1.784441501691010415e-02,-2.778043457958564305e-02,-1.111111164093017578e+00
1.820921758092028386e-02,1.139493837765518797e-01,1.111111164093017578e+00
1.872969560253976914e-02,-2.253823176144092305e-02,-1.111111164093017578e+00
1.914691834969709655e-02,1.191934885960226759e-01,1.111111164093017578e+00
1.971991366887313607e-02,-1.727492679645234452e-02,-1.111111164093017578e+00
1.895376230428524184e-02,-1.481720437966710102e-01,-1.111111164093017578e+00
1.813782500459324570e-02,-1.383366031304032739e-03,1.111111164093017578e+00
1.752594564415994871e-02,-1.332975480575635807e-01,-1.111111164093017578e+00
1.685449685486962654e-02,1.255881647016304260e-02,1.111111164093017578e+00
1.761425880226012361e-02,1.524463558934061325e-01,1.111111164093017578e+00
1.851202530597696391e-02,1.428181778818409658e-02,-1.111111164093017578e+00
1.805435102581941925e-02,-1.181649938143913836e-01,-1.111111164093017578e+00
1.753203552632085632e-02,2.721451914024107521e-02,1.111111164093017578e+00
1.720024859183256344e-02,-1.059851535061171468e-01,-1.111111164093017578e+00
1.679658586634978981e-02,3.870589143436876933e-02,1.111111164093017578e+00
1.657680572796054602e-02,-9.512978957753209786e-02,-1.111111164093017578e+00
1.627904155165284944e-02,4.898040834672676841e-02,1.111111164093017578e+00
1.615956181379866324e-02,-8.538989322741205590e-02,-1.111111164093017578e+00
1.595696772344016093e-02,5.823297984419779222e-02,1.111111164093017578e+00
1.592797064417000169e-02,-7.658379754036612197e-02,-1.111111164093017578e+00
1.581157963104746003e-02,6.663317243605339224e-02,1.111111164093017578e+00
1.586489141631956465e-02,-6.855326565143088358e-02,-1.111111164093017578e+00
1.582727150328215593e-02,7.432885030150704342e-02,1.111111164093017578e+00
1.595615280624955445e-02,-6.116011389589071090e-02,-1.111111164093017578e+00
1.599121332685554328e-02,8.144931826167040034e-02,1.111111164093017578e+00
1.619018014310907513e-02,-5.428329532545106417e-02,-1.111111164093017578e+00
1.629300626492942092e-02,8.810803636407649186e-02,1.111111164093017578e+00
1.655767708764999471e-02,-4.781637922831025178e-02,-1.111111164093017578e+00
1.672438874608108902e-02,9.440496619550096946e-02,1.111111164093017578e+00
1.705135442516513347e-02,-4.166537114429534616e-02,-1.111111164093017578e+00
1.727898637230576573e-02,1.004286007240471762e-01,1.111111164093017578e+00
1.766569962158862778e-02,-3.574682550386686086e-02,-1.111111164093017578e+00
1.795209975873398103e-02,1.062577223113439634e-01,1.111111164093017578e+00
1.839678168652357504e-02,-2.998620960497674903e-02,-1.111111164093017578e+00
1.874052524888927124e-02,1.119629273714542600e-01,1.111111164093017578e+00
1.924208665870157445e-02,-2.431648331704499427e-02,-1.111111164093017578e+00
1.964240416597943725e-02,1.176079508472612084e-01,1.111111164093017578e+00
2.020037969489174232e-02,-1.867686379062992105e-02,-1.111111164093017578e+00
1.942099454055343580e-02,-1.494013431537437320e-01,-1.111111164093017578e+00
1.859349263652156081e-02,-2.452534333746075185e-03,1.111111164093017578e+00
1.797161868162691287e-02,-1.342134449662854279e-01,-1.111111164093017578e+00
1.729165923764582752e-02,1.178552420344272135e-02,1.111111164093017578e+00
1.680813357165311314e-02,-1.208583704452429325e-01,-1.111111164093017578e+00
1.625803049789760826e-02,2.433160395833087672e-02,1.111111164093017578e+00
1.589653819461462475e-02,-1.090626305067315949e-01,-1.111111164093017578e+00
1.546125422899678921e-02,3.544032697175523300e-02,1.111111164093017578e+00
1.644414894887812756e-02,1.740846440132306494e-01,1.111111164093017578e+00
1.755306086723750977e-02,3.477458616003678560e-02,-1.111111164093017578e+00
1.729551799893304376e-02,-9.872090924146817437e-02,-1.111111164093017578e+00
1.696327440710068690e-02,4.570352031183894104e-02,1.111111164093017578e+00
1.681237692905708167e-02,-8.837023275792196819e-02,-1.111111164093017578e+00
1.658122872698714750e-02,5.552688540646043280e-02,1.111111164093017578e+00
1.652635154190838090e-02,-7.903064862109913935e-02,-1.111111164093017578e+00
1.638658519430372454e-02,6.442636746490072730e-02,1.111111164093017578e+00
1.641886439181118942e-02,-7.053266735668065057e-02,-1.111111164093017578e+00
1.636241034491663429e-02,7.256029921680329231e-02,1.111111164093017578e+00
1.647451775249074782e-02,-6.272838066188966832e-02,-1.111111164093017578e+00
1.649474192939975881e-02,8.006703482741113487e-02,1.111111164093017578e+00
1.668069229777825388e-02,-5.548833048052977113e-02,-1.111111164093017578e+00
1.677221791511599933e-02,8.706786417936704381e-02,1.111111164093017578e+00
1.702720429292006732e-02,-4.869880364493713726e-02,-1.111111164093017578e+00
1.718575987857849305e-02,9.366953128642184490e-02,1.111111164093017578e+00
1.750601335398988337e-02,-4.225949248067131792e-02,-1.111111164093017578e+00
1.772830342360658465e-02,9.996641248435399196e-02,1.111111164093017578e+00
1.811097394800480556e-02,-3.608146996859484812e-02,-1.111111164093017578e+00
1.839456929620618408e-02,1.060424023518835718e-01,1.111111164093017578e+00
1.883762476767821339e-02,-3.008543512966235789e-02,-1.111111164093017578e+00
1.918086975976390079e-02,1.119725486910451706e-01,1.111111164093017578e+00
1.968301094358453421e-02,-2.420019039258057558e-02,-1.111111164093017578e+00
1.884883014248889613e-02,-1.548306262753329776e-01,-1.111111164093017578e+00
1.796740944045342736e-02,-7.801728952842954673e-03,1.111111164093017578e+00
1.852848440138859035e-02,1.331616770173149888e-01,1.111111164093017578e+00
1.923793080458638741e-02,-4.013074244404311181e-03,-1.111111164093017578e+00
1.860144637435856216e-02,-1.355552432666781160e-01,-1.111111164093017578e+00
1.790899359763902660e-02,1.064709852236173267e-02,1.111111164093017578e+00
1.741497122546796852e-02,-1.218015450086897405e-01,-1.111111164093017578e+00
1.685626391069928315e-02,2.357054768926196420e-02,1.111111164093017578e+00
1.648795832924809107e-02,-1.096481737009019491e-01,-1.111111164093017578e+00
1.604756483023920405e-02,3.501905797149208049e-02,1.111111164093017578e+00
1.579076494197032693e-02,-9.885167989036268421e-02,-1.111111164093017578e+00
1.545561206562046791e-02,4.521941011758385393e-02,1.111111164093017578e+00
1.529830284404396119e-02,-8.920100107599236716e-02,-1.111111164093017578e+00
1.505736265989920594e-02,5.436834014447861768e-02,1.111111164093017578e+00
1.498943497480533134e-02,-8.051286794349890585e-02,-1.111111164093017578e+00
1.483345611516088264e-02,6.263681565282527841e-02,1.111111164093017578e+00
1.484645789178437418e-02,-7.262784115438233878e-02,-1.111111164093017578e+00
1.476773523224560701e-02,7.017372449855524552e-02,1.111111164093017578e+00
1.485465827240434536e-02,-6.540689099695537467e-02,-1.111111164093017578e+00
1.484683573432198263e-02,7.710905792405300940e-02,1.111111164093017578e+00
1.500193331913585518e-02,-5.872844424483929238e-02,-1.111111164093017578e+00
1.505983526952878529e-02,8.355665889236829624e-02,1.111111164093017578e+00
1.527846634567613972e-02,-5.248583296930676295e-02,-1.111111164093017578e+00
1.539795370321410568e-02,8.961659657745041363e-02,1.111111164093017578e+00
1.567645004284105859e-02,-4.658508903094427805e-02,-1.111111164093017578e+00
1.585429774410254677e-02,9.537721952932114167e-02,1.111111164093017578e+00
1.618985097546146029e-02,-4.094303572255027224e-02,-1.111111164093017578e+00
1.642364392605778073e-02,1.009169327699667162e-01,1.111111164093017578e+00
