-2.593498511107823479e+00,-3.438351979513234014e+00,0.000000000000000000e+00
-2.623031456139736317e+00,-2.363990993196277035e+00,-1.000000000000000000e+01
-2.641920324298258738e+00,-1.313310770150771134e+00,-1.000000000000000000e+01
-2.650438549939746480e+00,-2.942408517714254490e-01,-1.000000000000000000e+01
-2.648934146700900882e+00,6.862820890166333454e-01,-1.000000000000000000e+01
-2.637821106704698160e+00,1.622023526591890086e+00,-1.000000000000000000e+01
-2.617573565424306192e+00,2.507195967510477352e+00,-1.000000000000000000e+01
-2.588722284045212430e+00,3.336258692582767527e+00,-1.000000000000000000e+01
-2.551852837141954211e+00,4.103785435328950904e+00,-1.000000000000000000e+01
-2.507604787892455445e+00,4.804407552270494541e+00,-1.000000000000000000e+01
-2.456671081523383204e+00,5.432834892476188671e+00,-1.000000000000000000e+01
-2.399796890332551058e+00,5.983951018643280939e+00,-1.000000000000000000e+01
-2.337777203367254586e+00,6.452973544961714047e+00,-1.000000000000000000e+01
-2.271452573238680550e+00,6.835664370189469707e+00,-1.000000000000000000e+01
-2.201702610203916777e+00,7.128569096893572876e+00,-1.000000000000000000e+01
-2.129437040794860181e+00,7.329260809798952003e+00,-1.000000000000000000e+01
-2.055584406944480858e+00,7.436561577712788029e+00,-1.000000000000000000e+01
-1.981109808693772179e+00,7.388855445447225279e+00,-1.000000000000000000e+01
-1.908833754240095049e+00,7.019485835029324328e+00,-1.000000000000000000e+01
-1.840510071310267337e+00,6.594227068082109788e+00,-1.000000000000000000e+01
-1.776657794331344631e+00,6.122018658272470049e+00,-1.000000000000000000e+01
-1.717704942839344495e+00,5.612108675271911373e+00,-1.000000000000000000e+01
-1.663986676336705717e+00,5.073781516776376677e+00,-1.000000000000000000e+01
-1.615746063081809014e+00,4.516112665592289410e+00,-1.000000000000000000e+01
-1.573420305207087422e+00,3.900864995168716209e+00,5.555555343627929688e+00
-1.536888241333145722e+00,3.365332807074794541e+00,7.777777671813964844e+00
-1.505363859382446323e+00,2.905037181185854411e+00,7.777777671813964844e+00
-1.478142198712667055e+00,2.509707215479926923e+00,7.777777671813964844e+00
-1.454614770717384431e+00,2.170428394787513593e+00,7.777777671813964844e+00
-1.434256711769195114e+00,1.879484801222069956e+00,7.777777671813964844e+00
-1.416615470490825146e+00,1.630211750466084464e+00,7.777777671813964844e+00
-1.401300910650179254e+00,1.416861619705678033e+00,7.777777671813964844e+00
-1.387976692678282609e+00,1.234483734549320921e+00,7.777777671813964844e+00
-1.376352793598270452e+00,1.078818083515040716e+00,7.777777671813964844e+00
-1.366179030473160028e+00,9.462020323864415161e-01,7.777777671813964844e+00
-1.357239462244029360e+00,8.334889238247576992e-01,7.777777671813964844e+00
-1.349347556547328741e+00,7.379773464122176829e-01,7.777777671813964844e+00
-1.342071002463502749e+00,7.170678428297259099e-01,1.000000000000000000e+01
-1.334955387227450441e+00,7.066593313650897379e-01,1.000000000000000000e+01
-1.327900309576665494e+00,7.057663491456782623e-01,1.000000000000000000e+01
-1.320814314900607966e+00,7.136000501931819562e-01,1.000000000000000000e+01
-1.313613049005204925e+00,7.295423773185932825e-01,1.000000000000000000e+01
-1.306217650908771510e+00,7.531243908905803641e-01,1.000000000000000000e+01
-1.298553345924630786e+00,7.840081445537284699e-01,1.000000000000000000e+01
-1.290548205973026441e+00,8.219715868834657213e-01,1.000000000000000000e+01
-1.282132048925269885e+00,8.668960433645019892e-01,1.000000000000000000e+01
-1.273235452944432300e+00,9.187558965229990493e-01,1.000000000000000000e+01
-1.263788865362530212e+00,9.776101348919559175e-01,1.000000000000000000e+01
-1.253721788724680541e+00,1.043595484890900371e+00,1.000000000000000000e+01
-1.242962029326223794e+00,1.116920874576806666e+00,1.000000000000000000e+01
-1.231434995951316891e+00,1.197863005269387049e+00,1.000000000000000000e+01
-1.219063038666929444e+00,1.286762826742223309e+00,1.000000000000000000e+01
-1.205764819506835339e+00,1.384022724249585723e+00,1.000000000000000000e+01
-1.191454708766887860e+00,1.490104231150582548e+00,1.000000000000000000e+01
-1.176042202497188605e+00,1.605526079093824388e+00,1.000000000000000000e+01
-1.159431358693356895e+00,1.730862388203698865e+00,1.000000000000000000e+01
-1.141520251738040947e+00,1.866740781800143134e+00,1.000000000000000000e+01
-1.122200446912749117e+00,2.013840183000533024e+00,1.000000000000000000e+01
-1.101356499386496601e+00,2.172888013004973029e+00,1.000000000000000000e+01
-1.078865485100866550e+00,2.344656461706941197e+00,1.000000000000000000e+01
-1.054596574532841613e+00,2.529957439179284950e+00,1.000000000000000000e+01
-1.028410664562355858e+00,2.729635740315205616e+00,1.000000000000000000e+01
-1.000160088747197307e+00,2.944559863524862209e+00,1.000000000000000000e+01
-9.696884323666881134e-01,3.175609817661242840e+00,1.000000000000000000e+01
-9.368304857876488256e-01,3.423661130288788712e+00,1.000000000000000000e+01
-9.014123781631475651e-01,3.689564138101377733e+00,1.000000000000000000e+01
-8.632519432837039153e-01,3.974117503045904609e+00,1.000000000000000000e+01
-8.221593805663531818e-01,4.278034766581322756e+00,1.000000000000000000e+01
-7.779382865542608938e-01,4.601902647331011842e+00,1.000000000000000000e+01
-7.303871455559486359e-01,4.946129731202722368e+00,1.000000000000000000e+01
-6.793013815043640324e-01,5.310884236834632510e+00,1.000000000000000000e+01
-6.244760856341322608e-01,5.696019716579078462e+00,1.000000000000000000e+01
-5.657095444232487225e-01,6.100987944248247530e+00,1.000000000000000000e+01
-5.028076969104271488e-01,6.524738931877178238e+00,1.000000000000000000e+01
-4.367859814717952038e-01,6.728810460343366273e+00,5.555555343627929688e+00
-3.706244567018081026e-01,6.483743752414135031e+00,1.111111164093017578e+00
-3.079465575666229249e-01,6.009604274550546243e+00,-1.111111164093017578e+00
-2.498706881048283757e-01,5.566178031713431729e+00,-1.111111164093017578e+00
-1.972983228192970451e-01,4.886259667954855779e+00,-3.333333253860473633e+00
-1.513645784586302168e-01,4.241765386172631658e+00,-3.333333253860473633e+00
-1.117219742129845761e-01,3.631137495378312430e+00,-3.333333253860473633e+00
-7.803982115775406903e-02,3.052566415257982335e+00,-3.333333253860473633e+00
-5.000632330869483888e-02,2.504080191927610777e+00,-3.333333253860473633e+00
-2.732986231372539973e-02,1.983616916059668611e+00,-3.333333253860473633e+00
-9.739626354849251905e-03,1.489082381346739314e+00,-3.333333253860473633e+00
4.250605337252937564e-03,1.291099093828544930e+00,-1.111111164093017578e+00
1.631240510592074644e-02,1.104369267380078012e+00,-1.111111164093017578e+00
2.655423809236407209e-02,9.279985425363980189e-01,-1.111111164093017578e+00
3.507586765277669744e-02,7.611459196639104308e-01,-1.111111164093017578e+00
4.196887938676999164e-02,6.030215912615140006e-01,-1.111111164093017578e+00
4.731718261626213090e-02,4.528845969068494570e-01,-1.111111164093017578e+00
5.119748791760797557e-02,3.100403808065053668e-01,-1.111111164093017578e+00
5.367976002498986432e-02,1.738383138760736524e-01,-1.111111164093017578e+00
5.482764597449112792e-02,4.366922778574815200e-02,-1.111111164093017578e+00
5.469887877839163526e-02,-8.103700316197431919e-02,-1.111111164093017578e+00
5.334565723481655281e-02,-2.008138056326171650e-01,-1.111111164093017578e+00
5.081500271079632952e-02,-3.161601568765786130e-01,-1.111111164093017578e+00
4.714909390481925727e-02,-4.275427265508179309e-01,-1.111111164093017578e+00
4.238558071244091091e-02,-5.353979013103221662e-01,-1.111111164093017578e+00
3.779319350462653077e-02,-3.676447721037675032e-01,1.111111164093017578e+00
3.484281258176163271e-02,-2.076546588094941026e-01,1.111111164093017578e+00
3.222434308992418867e-02,-3.272836189222732006e-01,-1.111111164093017578e+00
2.966425260372509629e-02,-1.702145188141700738e-01,1.111111164093017578e+00
2.740760664414070361e-02,-2.926005424598147608e-01,-1.111111164093017578e+00
2.518285068194724141e-02,-1.380522792897510287e-01,1.111111164093017578e+00
2.447297065909284641e-02,9.812905475586490567e-03,1.111111164093017578e+00
2.397800060751291776e-02,-1.210052010152879998e-01,-1.111111164093017578e+00
2.343418364731887985e-02,2.589524429621028329e-02,1.111111164093017578e+00
2.309595421779887109e-02,-1.058161299098469288e-01,-1.111111164093017578e+00
2.270030598220318732e-02,4.027002534155040003e-02,1.111111164093017578e+00
2.250239047785098853e-02,-9.219227052137943246e-02,-1.111111164093017578e+00
2.223985470233634867e-02,5.321034261734847864e-02,1.111111164093017578e+00
2.216847239855474633e-02,-7.987914323149286622e-02,-1.111111164093017578e+00
2.202646041506956670e-02,6.495375597297214920e-02,1.111111164093017578e+00
2.207013351798793599e-02,-6.865510662745090420e-02,-1.111111164093017578e+00
2.203820684578298647e-02,7.570739391167836951e-02,1.111111164093017578e+00
2.218746677306047965e-02,-5.832662832137432141e-02,-1.111111164093017578e+00
2.102101227483567716e-02,-1.869894202049168230e-01,-1.111111164093017578e+00
1.982621673297712758e-02,-3.816307457509232615e-02,1.111111164093017578e+00
2.009122605889819904e-02,1.044517532885302635e-01,1.111111164093017578e+00
2.052053554058252960e-02,-3.120023041258590535e-02,-1.111111164093017578e+00
1.961855530720516341e-02,-1.613483659249360103e-01,-1.111111164093017578e+00
1.867397734543176438e-02,-1.387674047271737245e-02,1.111111164093017578e+00
1.794003496994078448e-02,-1.451633570045907651e-01,-1.111111164093017578e+00
1.715254136711607397e-02,1.264187725195275308e-03,1.111111164093017578e+00
1.780174081693606733e-02,1.416725294625932330e-01,1.111111164093017578e+00
1.859394183002441997e-02,3.982391846885601633e-03,-1.111111164093017578e+00
1.803524322981922209e-02,-1.280345493751383346e-01,-1.111111164093017578e+00
1.741601337339082275e-02,1.773348461574498353e-02,1.111111164093017578e+00
1.699101868734867807e-02,-1.151169714699945973e-01,-1.111111164093017578e+00
1.649747896285085058e-02,2.988791723270832479e-02,1.111111164093017578e+00
1.619079922297271892e-02,-1.036693710087290415e-01,-1.111111164093017578e+00
1.580878121841529718e-02,4.068893561619831706e-02,1.111111164093017578e+00
1.560738259814421422e-02,-9.346544351151112040e-02,-1.111111164093017578e+00
1.532491058579280724e-02,5.034742157773845761e-02,1.111111164093017578e+00
1.521780181303111594e-02,-8.430882585068241730e-02,-1.111111164093017578e+00
1.502480324744030586e-02,5.904648942454094468e-02,1.111111164093017578e+00
1.500276744261004082e-02,-7.602883722562969737e-02,-1.111111164093017578e+00
1.489082470544126832e-02,6.694545028931665753e-02,1.111111164093017578e+00
1.494618954253020167e-02,-6.847680408638354144e-02,-1.111111164093017578e+00
1.490832727668508530e-02,7.418323246718906694e-02,1.111111164093017578e+00
1.503476821612926076e-02,-6.152288770378849803e-02,-1.111111164093017578e+00
1.506527138094460559e-02,8.088133382899720392e-02,1.111111164093017578e+00
1.525764345676343739e-02,-5.505334425376175178e-02,-1.111111164093017578e+00
1.535190191644931514e-02,8.714637185371704176e-02,1.111111164093017578e+00
1.560609619237442180e-02,-4.896815692968408545e-02,-1.111111164093017578e+00
1.576047223646384957e-02,9.307228775272333166e-02,1.111111164093017578e+00
1.607329359083560158e-02,-4.317898792176166900e-02,-1.111111164093017578e+00
1.628500929108359085e-02,9.874225334664589460e-02,1.111111164093017578e+00
1.665407266009236512e-02,-3.760740528206626965e-02,-1.111111164093017578e+00
1.692111440419440116e-02,1.042303226291202700e-01,1.111111164093017578e+00
