2.803543659272705879e-01,-1.357425901224732501e-01,0.000000000000000000e+00
2.746175203707327817e-01,-1.102070227740981290e+00,-8.800073972314812920e+00
2.593768322053315867e-01,-2.034143692785980839e+00,-8.800073972314812920e+00
2.349471207088787428e-01,-2.937970824005714299e+00,-8.800073972314812920e+00
2.015871300330567273e-01,-3.818637519574081818e+00,-8.800073972314812920e+00
1.595095285782525130e-01,-4.680135779270360175e+00,-8.800073972314812920e+00
1.169667114471523856e-01,-3.742082077298630516e+00,5.871200675311132322e+00
8.360385388958786745e-02,-2.848206487628400563e+00,5.871200675311132322e+00
5.898968467087128964e-02,-1.996077415449601933e+00,5.871200675311132322e+00
4.271926290007792976e-02,-1.182858048243266680e+00,5.871200675311132322e+00
3.441705172771526711e-02,-4.055159676181491202e-01,5.871200675311132322e+00
3.047343637287172613e-02,-3.810932216763880387e-01,0.000000000000000000e+00
2.676529221347934487e-02,-3.585909965429017188e-01,0.000000000000000000e+00
2.327402080793906231e-02,-3.378763071894336223e-01,0.000000000000000000e+00
1.998230914407997383e-02,-3.188259085478618582e-01,0.000000000000000000e+00
1.687403539022655150e-02,-3.013256046387887133e-01,0.000000000000000000e+00
1.393418133215572688e-02,-2.852696065952634030e-01,0.000000000000000000e+00
1.114875102196775936e-02,-2.705599362892797122e-01,0.000000000000000000e+00
8.504695196952445288e-03,-2.571058724604123324e-01,0.000000000000000000e+00
5.989841056692133715e-03,-2.448234364331026425e-01,0.000000000000000000e+00
3.592827014957558889e-03,-2.336349146901564311e-01,0.000000000000000000e+00
1.303042069488092496e-03,-2.234684157439111585e-01,0.000000000000000000e+00
-8.894305424205161369e-04,-2.142574589126167717e-01,0.000000000000000000e+00
-2.993865711390642208e-03,-2.059405927674482495e-01,0.000000000000000000e+00
-5.018945133703119239e-03,-1.984610411650730710e-01,0.000000000000000000e+00
-6.972802566298198605e-03,-1.917663749218277702e-01,0.000000000000000000e+00
-8.863065907197129750e-03,-1.858082073184318672e-01,0.000000000000000000e+00
-1.069689633196192410e-02,-1.805419117489946157e-01,0.000000000000000000e+00
-1.248102470048139366e-02,-1.759263599451236226e-01,0.000000000000000000e+00
-1.422178543317891009e-02,-1.719236793155319576e-01,0.000000000000000000e+00
-1.592514804160799144e-02,-1.684990280440098742e-01,0.000000000000000000e+00
-1.759674648526674337e-02,-1.656203866843294348e-01,0.000000000000000000e+00
-1.924190651425470786e-02,-1.632583650799493691e-01,0.000000000000000000e+00
-2.086567114605390738e-02,-1.613860235196447335e-01,0.000000000000000000e+00
-2.247282441418076149e-02,-1.599787071177545816e-01,0.000000000000000000e+00
-2.406791351667161155e-02,-1.590138924799699427e-01,0.000000000000000000e+00
-2.565526948328057319e-02,-1.584710457828043539e-01,0.000000000000000000e+00
-2.723902647183472359e-02,-1.583314914574211751e-01,0.000000000000000000e+00
-2.882313979636370177e-02,-1.585782907266420905e-01,0.000000000000000000e+00
-3.041140278235553163e-02,-1.591961292980154097e-01,0.000000000000000000e+00
-3.200746253774831851e-02,-1.601712135660589564e-01,0.000000000000000000e+00
-3.361483472201146072e-02,-1.614911747234632489e-01,0.000000000000000000e+00
-3.523691738986574340e-02,-1.631449802243953306e-01,0.000000000000000000e+00
-3.687700398080657332e-02,-1.651228520833015745e-01,0.000000000000000000e+00
-3.853829552059911262e-02,-1.674161915299887116e-01,0.000000000000000000e+00
-4.022391209628024128e-02,-1.700175095764618893e-01,0.000000000000000000e+00
-4.193690366190386265e-02,-1.729203630832036320e-01,0.000000000000000000e+00
-4.368026022827926902e-02,-1.761192959424595916e-01,0.000000000000000000e+00
-4.545692148625452012e-02,-1.796097850238205784e-01,0.000000000000000000e+00
-4.726978590966664923e-02,-1.833881905531028478e-01,0.000000000000000000e+00
-4.912171938089981982e-02,-1.874517106193692439e-01,0.000000000000000000e+00
-5.101556337904140925e-02,-1.917983395270338176e-01,0.000000000000000000e+00
-5.295414276788885932e-02,-1.964268297304710698e-01,0.000000000000000000e+00
-5.494027321852130996e-02,-2.013366571075163869e-01,0.000000000000000000e+00
-5.697676829879354948e-02,-2.065279893458055460e-01,0.000000000000000000e+00
-5.906644625992368142e-02,-2.120016572321452852e-01,0.000000000000000000e+00
-6.121213654831649670e-02,-2.177591286501276979e-01,0.000000000000000000e+00
-6.341668606887970738e-02,-2.238024851050766928e-01,0.000000000000000000e+00
-6.568296522433986206e-02,-2.301344006082184368e-01,0.000000000000000000e+00
-6.801387375343743991e-02,-2.367581227637685082e-01,0.000000000000000000e+00
-7.041234638936712253e-02,-2.436774559134885776e-01,0.000000000000000000e+00
-7.288135835842061983e-02,-2.508967462032407614e-01,0.000000000000000000e+00
-7.542393073747603871e-02,-2.584208684452100058e-01,0.000000000000000000e+00
-7.804313568775335386e-02,-2.662552146578207046e-01,0.000000000000000000e+00
-8.074210158110990687e-02,-2.744056841729835550e-01,0.000000000000000000e+00
-8.352401803407868974e-02,-2.828786752072132149e-01,0.000000000000000000e+00
-8.639214086384540414e-02,-2.916810777993827375e-01,0.000000000000000000e+00
-8.934979697941398957e-02,-3.008202680234640103e-01,0.000000000000000000e+00
-9.240038922031648672e-02,-3.103041033895622691e-01,0.000000000000000000e+00
-9.554740115437627967e-02,-3.201409193509088258e-01,0.000000000000000000e+00
-9.879440184522818302e-02,-3.303395268382527394e-01,0.000000000000000000e+00
-1.021450505995274011e-01,-3.409092107462889931e-01,0.000000000000000000e+00
-1.057895893067210685e-01,-3.929911225462038860e-01,-3.369820210135543448e-01
-1.099493175737487755e-01,-4.438538304619238373e-01,-3.369820210135543448e-01
-1.146128093118829322e-01,-4.936656693477874946e-01,-3.369820210135543448e-01
-1.197702768143279056e-01,-5.425851191921065020e-01,-3.369820210135543448e-01
-1.254134755073607610e-01,-5.907615281754564629e-01,-3.369820210135543448e-01
-1.258632288677499211e-01,6.128077401896637744e-01,9.940627661968484574e+00
-1.161206543788123741e-01,1.410523675399299792e+00,6.997429089368331745e+00
-1.002160393280591838e-01,1.808199541004990474e+00,3.948946114288826692e+00
-8.214184215264547229e-02,1.807313152023448222e+00,7.789152990666993182e-01
-6.588847871210540275e-02,1.406654308816794652e+00,-2.524645977231400273e+00
-4.616186809563044280e-02,2.656015376192502497e+00,1.078446819932408829e+01
-1.643011102495413323e-02,3.356921945601281987e+00,6.667633321874342656e+00
1.781590282609098533e-02,3.507706459138844046e+00,2.350166215166129113e+00
5.107086179933434389e-02,3.107417558708643224e+00,-2.159980692594662521e+00
7.781365537083557993e-02,2.153683874322077418e+00,-6.877830445770745982e+00
9.749336446593473426e-02,1.745117790360578347e+00,-2.793467633951368434e+00
1.121862131243395733e-01,1.137641699246624727e+00,-4.599889462270704499e+00
1.198874008959492504e-01,3.276262182662653677e-01,-6.494801005213220790e+00
1.185460561360593412e-01,-6.907706425278746787e-01,-8.487935154532580739e+00
1.060325297897789648e-01,-1.927899844037530563e+00,-1.060581354661615094e+01
8.732768452526316894e-02,-1.802105659462992504e+00,1.929616847923333323e-01
6.938263049810948491e-02,-1.786164182475115325e+00,-6.277587324483723252e-01
5.109541066192782588e-02,-1.880869745244744706e+00,-1.489968277556976473e+00
3.135526318001209678e-02,-2.087207986599717291e+00,-2.393942620567969470e+00
9.039001214355342137e-03,-2.406725211005732223e+00,-3.343145590956205115e+00
-1.096489750725031416e-02,-1.511531434370970484e+00,6.496245403587472822e+00
-2.253925793774946146e-02,-7.311907870261116216e-01,5.890743919244357585e+00
-2.680741524079123528e-02,-6.015883867021874776e-02,5.276662896507464673e+00
-2.484313714598288675e-02,5.057823288201723777e-01,4.646344885755302911e+00
-1.767966269347930400e-02,9.704738321459371875e-01,4.000414459479866736e+00
-8.171347392006127891e-03,9.275814463542328969e-01,0.000000000000000000e+00
9.262412344040267444e-04,8.886837626167248816e-01,0.000000000000000000e+00
9.651873710751103855e-03,8.535230248226055583e-01,0.000000000000000000e+00
1.804183151385977193e-02,8.218608933946113249e-01,0.000000000000000000e+00
2.613009515907655650e-02,7.934771112247813729e-01,0.000000000000000000e+00
3.394851935066425797e-02,7.681682586032071436e-01,0.000000000000000000e+00
4.152699606460363846e-02,7.457465924144961456e-01,0.000000000000000000e+00
4.889360638514544943e-02,7.260389648664472562e-01,0.000000000000000000e+00
5.607476186932527917e-02,7.088858170763775446e-01,0.000000000000000000e+00
6.309533616737938999e-02,6.941402429533101159e-01,0.000000000000000000e+00
6.997878758202953631e-02,6.816671189636512862e-01,0.000000000000000000e+00
7.674727320624857851e-02,6.713422955422629901e-01,0.000000000000000000e+00
8.342175523758336986e-02,6.630518461008444442e-01,0.000000000000000000e+00
9.002210002751954987e-02,6.566913697842338138e-01,0.000000000000000000e+00
9.656717038678783172e-02,6.521653443273157658e-01,0.000000000000000000e+00
1.030749116319458758e-01,6.493865255666175784e-01,0.000000000000000000e+00
1.046930430475313673e-01,-4.257392152437358690e-01,-8.800073972314812920e+00
9.575731301030046549e-02,-1.458017856157362679e+00,-8.800073972314812920e+00
7.667201716535615441e-02,-2.452704062122493145e+00,-8.800073972314812920e+00
4.779218365374299921e-02,-3.414274948837910717e+00,-8.800073972314812920e+00
9.432495979585306042e-03,-4.346181295708301917e+00,-8.800073972314812920e+00
-2.995934810308222354e-02,-3.450439891111503510e+00,5.871200675311132322e+00
-6.060262568093716107e-02,-2.600500332303755435e+00,5.871200675311132322e+00
-8.293989499296955392e-02,-1.792868554265810932e+00,5.871200675311132322e+00
-9.737762636253254056e-02,-1.023830804607999356e+00,5.871200675311132322e+00
-1.042848097549418374e-01,-2.896248987331021540e-01,5.871200675311132322e+00
-1.074281489806846318e-01,-3.442526351815724528e-01,-3.369820210135543448e-01
-1.111111357164195901e-01,-3.974416714514903415e-01,-3.369820210135543448e-01
-1.153202158630605018e-01,-4.493750214039020086e-01,-3.369820210135543448e-01
-1.200436157101200663e-01,-5.002247949819313977e-01,-3.369820210135543448e-01
-1.252712365316490939e-01,-5.501529949560807209e-01,-3.369820210135543448e-01
-1.253219895460424282e-01,6.518829497814095930e-01,9.940627661968484574e+00
-1.151949018315372164e-01,1.448246479542997456e+00,6.997429089368331745e+00
-9.891869132792366348e-02,1.844698852180711723e+00,3.948946114288826692e+00
-8.048469850142273008e-02,1.842682494335958321e+00,7.789152990666993182e-01
-6.388248416879403757e-02,1.440971619869520381e+00,-2.524645977231400273e+00
-4.381602233595933982e-02,2.689609877888283762e+00,1.078446819932408829e+01
-1.375155925101889318e-02,3.389807517677131621e+00,6.667633321874342656e+00
2.082024925752730404e-02,3.539926324089701648e+00,2.350166215166129113e+00
5.439490697770369559e-02,3.139105978030871213e+00,-2.159980692594662521e+00
8.145321045145412220e-02,2.185101071580267451e+00,-6.877830445770745982e+00
1.014458039858875948e-01,1.776271237546071857e+00,-2.793467633951368434e+00
1.164498584684904303e-01,1.168746123515885582e+00,-4.599889462270704499e+00
1.244628641480330783e-01,3.589256812053289725e-01,-6.494801005213220790e+00
1.234364431323024258e-01,-6.590249799202345660e-01,-8.487935154532580739e+00
1.112433462671522516e-01,-1.895489300937158728e+00,-1.060581354661615094e+01
9.286228285105070646e-02,-1.769751348254626544e+00,1.929616847923333323e-01
7.524104632663880521e-02,-1.753735636976543999e+00,-6.277587324483723252e-01
5.727889852178349311e-02,-1.848255907033900414e+00,-1.489968277556976473e+00
3.786608035642251985e-02,-2.054322565498844622e+00,-2.393942620567969470e+00
1.588012082697847979e-02,-2.373516035863178608e+00,-3.343145590956205115e+00
-3.790449484303893418e-03,-1.478013802629450701e+00,6.496245403587472822e+00
-1.502766603980048438e-02,-6.972120701019567379e-01,5.890743919244357585e+00
-1.895359408469319759e-02,-2.562138001280181432e-02,5.276662896507464673e+00
-1.664121688016649905e-02,5.409354218247962587e-01,4.646344885755302911e+00
-9.123333152924711920e-03,1.006272707276144818e+00,4.000414459479866736e+00
5.582875311465822048e-04,9.226596464914763596e-01,-3.369820210135543448e-01
9.429594071438167358e-03,8.447043477856477356e-01,-3.369820210135543448e-01
1.754526250806237586e-02,7.719897115209485294e-01,-3.369820210135543448e-01
2.495592939297506044e-02,7.041274994516838470e-01,-3.369820210135543448e-01
3.170847165042053190e-02,6.407564085991851455e-01,-3.369820210135543448e-01
3.803364590614990992e-02,6.228693792457679068e-01,0.000000000000000000e+00
4.419010764630144222e-02,6.072148419169265399e-01,0.000000000000000000e+00
5.019958879180305700e-02,5.936629875835783832e-01,0.000000000000000000e+00
5.608257042408881093e-02,5.820943719298955488e-01,0.000000000000000000e+00
6.185838318372548217e-02,5.723992031661538915e-01,0.000000000000000000e+00
6.754530078019564676e-02,5.644766809723001932e-01,0.000000000000000000e+00
7.316062710839538186e-02,5.582343831091267639e-01,0.000000000000000000e+00
7.872077743367049407e-02,5.535876964328116934e-01,0.000000000000000000e+00
8.424135407545244036e-02,5.504592892426910522e-01,0.000000000000000000e+00
8.973721698970285598e-02,5.487786220797717940e-01,0.000000000000000000e+00
9.522254962236741116e-02,5.484814942734449472e-01,0.000000000000000000e+00
1.007109203797939279e-01,5.495096237053551658e-01,0.000000000000000000e+00
1.013446267376493792e-01,-5.225178088150480571e-01,-8.800073972314812920e+00
9.145336195502655474e-02,-1.552149619322313656e+00,-8.800073972314812920e+00
7.143727668776454764e-02,-2.544553732473707086e+00,-8.800073972314812920e+00
4.164822962096476067e-02,-3.504096957534037049e+00,-8.800073972314812920e+00
2.398935893985958655e-03,-4.434098309218520662e+00,-8.800073972314812920e+00
-3.786383396638082904e-02,-3.536618967092358456e+00,5.871200675311132322e+00
-6.936292559655872492e-02,-2.685439402083800609e+00,5.871200675311132322e+00
-9.254571416203269396e-02,-1.877027587369608286e+00,5.871200675311132322e+00
-1.078230644650044062e-01,-1.107622669250311276e+00,5.871200675311132322e+00
-1.155678551492919509e-01,-3.734078562166331938e-01,5.871200675311132322e+00
-1.138661212933307076e-01,8.254529455823291784e-01,9.940627661968484574e+00
-1.020171886740618705e-01,1.618849090736369956e+00,6.997429089368331745e+00
-8.404868821503889975e-02,2.012342747772761342e+00,3.948946114288826692e+00
-6.395213273773492357e-02,2.007338487756229028e+00,7.789152990666993182e-01
-4.571702784573924289e-02,1.602698201587037019e+00,-2.524645977231400273e+00
-3.508373609322341935e-02,4.136123088313224949e-01,-9.087263668763416291e+00
-3.375669064838519862e-02,-2.058185749797710185e-01,-4.847433048813915235e+00
-3.603715381292854625e-02,-2.549383394800711078e-01,-4.011344784516389650e-01
-3.621730831804165912e-02,2.675365170595663256e-01,4.248253466646917609e+00
-2.856245212456993282e-02,1.366051245573773221e+00,9.114470045798936937e+00
-2.023656236491986476e-02,1.899376979723581549e-01,-9.087263668763416291e+00
-2.109029406482922780e-02,-4.172403456419254142e-01,-4.847433048813915235e+00
-2.543265265694948096e-02,-4.549134243113911458e-01,-4.011344784516389650e-01
-2.756374948236245057e-02,7.823339063800532900e-02,4.248253466646917609e+00
-2.175665870891155956e-02,1.186626769949563176e+00,9.114470045798936937e+00
-1.031816441892917900e-02,1.092799559827619671e+00,-3.369820210135543448e-01
