-1.409419345054977901e+00,4.464639411840373162e-01,0.000000000000000000e+00
-1.406327650666422402e+00,1.458799508844962622e-01,-1.630016551560760085e+00
-1.406133174296341215e+00,-1.308454340277062089e-01,-1.630016551560760085e+00
-1.408604071197662622e+00,-3.851945955137689448e-01,-1.630016551560760085e+00
-1.413522933661950587e+00,-6.185638103985136027e-01,-1.630016551560760085e+00
-1.420685928695307965e+00,-8.322632745900564455e-01,-1.630016551560760085e+00
-1.430458885541642466e+00,-1.147914320333521809e+00,-8.508353581822037270e+00
-1.443225060662550741e+00,-1.427261509260660866e+00,-8.508353581822037270e+00
-1.458621479568014800e+00,-1.670379027463889443e+00,-8.508353581822037270e+00
-1.476287343626207393e+00,-1.877655039302510431e+00,-8.508353581822037270e+00
-1.495867058965798524e+00,-2.049767540239055386e+00,-8.508353581822037270e+00
-1.516865222441537098e+00,-2.157174244228783788e+00,-4.630220283749622467e+00
-1.538845295722266249e+00,-2.244286446751548869e+00,-4.630220283749622467e+00
-1.561608898369260645e+00,-2.312121842957751028e+00,-4.630220283749622467e+00
-1.584967906467807275e+00,-2.361715475515158147e+00,-4.630220283749622467e+00
-1.608744617445745817e+00,-2.394117750091001806e+00,-4.630220283749622467e+00
-1.632727535561994570e+00,-2.399701202065097405e+00,-6.447690515677542145e+00
-1.656677824311998393e+00,-2.385906113395929840e+00,-6.447690515677542145e+00
-1.680408631628677485e+00,-2.354280211251957855e+00,-6.447690515677542145e+00
-1.703748735655640445e+00,-2.306402811527687113e+00,-6.447690515677542145e+00
-1.726542801293413865e+00,-2.243871578874193418e+00,-6.447690515677542145e+00
-1.748509405289163654e+00,-2.136418217443319278e+00,-8.052289564243292119e+00
-1.769342295381735042e+00,-2.016218371463990522e+00,-8.052289564243292119e+00
-1.788923880738681582e+00,-1.885457797040196892e+00,-8.052289564243292119e+00
-1.807158190021685096e+00,-1.746265545734788649e+00,-8.052289564243292119e+00
-1.823970214262472300e+00,-1.600694371134919081e+00,-8.052289564243292119e+00
-1.840982244364254727e+00,-1.821930023290991629e+00,3.920203712762944104e+00
-1.859903239407702413e+00,-1.976188607591550017e+00,2.222186633871720662e+00
-1.880023972924613984e+00,-2.054606669593908919e+00,3.241415165466930981e-01
-1.900506456913778619e+00,-2.039537338625323493e+00,-1.968961140679234001e+00
-1.920321422992282034e+00,-1.910215704428526173e+00,-4.701263690176050503e+00
-1.940677375109883140e+00,-2.186430094268472235e+00,4.935209656793022148e+00
-1.963739517279800673e+00,-2.450599386088835985e+00,4.935209656793022148e+00
-1.989396501549190344e+00,-2.704689941883814619e+00,4.935209656793022148e+00
-2.017731611482411758e+00,-3.021276714631417004e+00,4.935209656793022148e+00
-2.049570391824863336e+00,-3.382427824138911188e+00,4.935209656793022148e+00
-2.085451262636368153e+00,-3.839938225967963525e+00,6.597151159577537172e+00
-2.125921814415246747e+00,-4.301000827411928462e+00,6.597151159577537172e+00
-2.171024651769212443e+00,-4.767111095923347364e+00,6.597151159577537172e+00
-2.220815344277629055e+00,-5.239313705713539271e+00,6.597151159577537172e+00
-2.275357692770112905e+00,-5.718150609459086375e+00,6.597151159577537172e+00
-2.335035267873193821e+00,-6.274364929784857381e+00,7.460667943302761174e+00
-2.400311888549147010e+00,-6.838653492164088910e+00,7.460667943302761174e+00
-2.471263852877381595e+00,-7.409851260292650288e+00,7.460667943302761174e+00
-2.547951290416588854e+00,-7.985768149618086120e+00,7.460667943302761174e+00
-2.630407401856630578e+00,-8.563076913680363944e+00,7.460667943302761174e+00
-2.714869975490575182e+00,-8.301922704257505004e+00,-1.869523949177520628e-01
-2.796683342865190269e+00,-8.032471535673531449e+00,-1.869523949177520628e-01
-2.875766582275659733e+00,-7.755210726889947281e+00,-1.869523949177520628e-01
-2.952044392991515664e+00,-7.470788182766593621e+00,-1.869523949177520628e-01
-3.025448564044830757e+00,-7.179981977429724438e+00,-1.869523949177520628e-01
-3.097385386298034948e+00,-7.207332112994841111e+00,2.461844172900935490e+00
-3.169518303288881622e+00,-7.217301153541297865e+00,2.461844172900935490e+00
-3.241669321514999424e+00,-7.208989564016864193e+00,2.461844172900935490e+00
-3.313652214648032945e+00,-7.181670752903134058e+00,2.461844172900935490e+00
-3.385274333876940656e+00,-7.134808397463739738e+00,2.461844172900935490e+00
-3.453962800854402548e+00,-6.546144159347949021e+00,-1.961540696201795608e+00
-3.516825140553607731e+00,-5.971239573798697187e+00,-1.961540696201795608e+00
-3.574006041449258042e+00,-5.411599433571840478e+00,-1.961540696201795608e+00
-3.625663539242693911e+00,-4.868356870552844384e+00,-1.961540696201795608e+00
-3.671965462010399417e+00,-4.342310184302486498e+00,-1.961540696201795608e+00
-3.709112789679707145e+00,-2.961467549841644509e+00,-1.029655071654145360e+01
-3.733175990222364682e+00,-1.739160036211824467e+00,-9.444760288692425121e+00
-3.745671803554291746e+00,-6.604279760962572521e-01,-8.603217451717666719e+00
-3.748053594329260108e+00,2.705992022504846162e-01,-7.606735160114336480e+00
-3.741783662480389072e+00,1.056851741419131629e+00,-6.544367596701608392e+00
-3.726351429593097286e+00,2.130752113084384280e+00,-9.664710265062694816e+00
-3.700341454020882104e+00,3.169894763112844682e+00,-9.664710265062694816e+00
-3.664076605321135549e+00,4.179533961545232934e+00,-9.664710265062694816e+00
-3.617833398322830796e+00,5.163499684832889791e+00,-9.664710265062694816e+00
-3.561857421677662838e+00,6.123936817234957530e+00,-9.664710265062694816e+00
-3.496157910023080628e+00,7.110581100860341230e+00,-1.010134089917174016e+01
-3.420654786321472240e+00,8.082660762896985318e+00,-1.019887620320784727e+01
-3.335774572031774188e+00,8.977465610747072944e+00,-9.806596462126988101e+00
-3.242361152006825620e+00,9.778837748583013578e+00,-9.338636523862732020e+00
-3.141516158888696175e+00,1.044954401255016663e+01,-8.634704361036993348e+00
-3.036465821261641551e+00,1.056672041686885244e+01,-4.538751796557023432e+00
-2.930401315470929191e+00,1.064798971196013433e+01,-4.538751796557023432e+00
-2.823702697146323271e+00,1.068879229198391201e+01,-4.538751796557023432e+00
-2.716792852106323153e+00,1.068521131396927970e+01,-4.538751796557023432e+00
-2.610130401043092352e+00,1.063411771166080477e+01,-4.538751796557023432e+00
-2.502597142949489317e+00,1.088234758030538707e+01,-7.944077762906216478e+00
-2.392999166385983312e+00,1.103678071033835550e+01,-7.944077762906216478e+00
-2.282296676614383291e+00,1.109279128328015140e+01,-7.944077762906216478e+00
-2.171487854145880192e+00,1.104765763770044273e+01,-7.944077762906216478e+00
-2.061588434316687479e+00,1.090084427033737491e+01,-7.944077762906216478e+00
-1.953455961115703410e+00,1.056566683684128449e+01,-9.647871169985663187e+00
-1.850843161851481788e+00,9.876716769684522390e+00,-9.647871169985663187e+00
-1.755409452698633910e+00,9.125783238631111516e+00,-9.647871169985663187e+00
-1.667715194754917141e+00,8.326222845937090611e+00,-9.647871169985663187e+00
-1.588184739445636762e+00,7.491810245829214843e+00,-9.647871169985663187e+00
-1.517087499954740792e+00,6.662226766906374387e+00,4.087947565537639605e+00
-1.453824259231323524e+00,5.933158865214764432e+00,4.087947565537639605e+00
-1.397440344536931001e+00,5.293572309169846335e+00,4.087947565537639605e+00
-1.347086879772734225e+00,4.733444135018615384e+00,4.087947565537639605e+00
-1.302010708919513648e+00,4.243747213850912026e+00,4.087947565537639605e+00
-1.260722902121994116e+00,4.001184416925663179e+00,9.490098633253204241e+00
-1.221842190198489497e+00,3.760735717254447330e+00,7.840619633084951801e+00
-1.185644796848040583e+00,3.456617521596366149e+00,5.066271190323431206e+00
-1.153031596301846928e+00,3.030754017947862700e+00,1.469237101733696260e+00
-1.125510420612198859e+00,2.419685940968561155e+00,-3.049012825297359175e+00
-1.101511002510303872e+00,2.380320181724833173e+00,6.912414130066269813e+00
-1.077780691452336237e+00,2.368184097492718188e+00,6.980944977792788109e+00
-1.054079388928655714e+00,2.376226443566951119e+00,6.963795339580225452e+00
-1.030310056707778088e+00,2.381373865320886019e+00,6.595517562959748226e+00
-1.006541519293466580e+00,2.374839526968174575e+00,6.114302824816287618e+00
-9.819034023723046678e-01,2.574350070148084590e+00,8.976980088822617887e+00
-9.552875188583961341e-01,2.770299097807531030e+00,8.773379027484057957e+00
-9.269386266394032958e-01,2.916500697484290416e+00,7.905296966648767132e+00
-8.974530258195797527e-01,2.991024978800766121e+00,6.735305235827602210e+00
-8.676880129163937472e-01,2.962770738021962558e+00,5.163803140465221375e+00
-8.371905457550542495e-01,3.158029205835384712e+00,7.723195009328765792e+00
-8.046916375228528873e-01,3.364216391853158239e+00,7.722452758726211286e+00
-7.702643084465121692e-01,3.541137247331719085e+00,7.244091787219670842e+00
-7.342509118653655076e-01,3.677763172458510699e+00,6.635295749771751517e+00
-6.970767842448841733e-01,3.769087452258256032e+00,5.970232977535373742e+00
-6.580252333787266483e-01,4.072698806771620106e+00,8.055135777383991780e+00
-6.155284882862197549e-01,4.466641765822085830e+00,8.914488005734572340e+00
-5.687765813677043703e-01,4.930446591994192218e+00,9.570203350070450199e+00
-5.171306152302795889e-01,5.450970748300552060e+00,1.009306818608538237e+01
-4.596907010548786365e-01,6.166733518879365938e+00,1.055732095515616109e+01
-3.985792021899446369e-01,6.047859228942803256e+00,2.100023449215167481e+00
-3.385833937262067161e-01,5.944894001865127287e+00,2.026014420675403382e+00
-2.795433991631986470e-01,5.858032856442661362e+00,1.969903594090064658e+00
-2.213124508798357815e-01,5.784134574104815130e+00,1.901843930691496709e+00
-1.637789283890714875e-01,5.719232932213042631e+00,1.813756605064245520e+00
-1.125416920046112823e-01,4.406806642530736617e+00,-8.603420559097914477e+00
-7.416238716820257315e-02,3.153252182376584223e+00,-8.603420559097914477e+00
-4.806224251905887729e-02,1.956094172793690689e+00,-8.603420559097914477e+00
-3.369280780761357147e-02,8.117359598593167913e-01,-8.603420559097914477e+00
-3.054448315299987393e-02,-2.839642680254281792e-01,-8.603420559097914477e+00
-3.336559471502521801e-02,-2.800035537891821802e-01,0.000000000000000000e+00
-3.615089677926920653e-02,-2.768787213080022291e-01,0.000000000000000000e+00
-3.890855626840179771e-02,-2.745478161368088976e-01,0.000000000000000000e+00
-4.164633710506768227e-02,-2.729725142850770170e-01,0.000000000000000000e+00
-4.437163541229783431e-02,-2.721178802784487427e-01,0.000000000000000000e+00
-4.709151237668479650e-02,-2.719521432328640409e-01,0.000000000000000000e+00
-4.981272494862910849e-02,-2.724464896654577029e-01,0.000000000000000000e+00
-5.254175454161727488e-02,-2.735748718565346183e-01,0.000000000000000000e+00
-5.528483388101712581e-02,-2.753138306608369223e-01,0.000000000000000000e+00
-5.804797214221492363e-02,-2.776423317444042249e-01,0.000000000000000000e+00
-6.083697850801230572e-02,-2.805416142959591963e-01,0.000000000000000000e+00
-6.365748426599898702e-02,-2.839950513292482381e-01,0.000000000000000000e+00
-6.651496355806651994e-02,-2.879880207554530447e-01,0.000000000000000000e+00
-6.941475288628597140e-02,-2.925077864629722635e-01,0.000000000000000000e+00
-7.236206947199028128e-02,-2.975433886958275820e-01,0.000000000000000000e+00
-7.536202855804453871e-02,-3.030855430719583965e-01,0.000000000000000000e+00
-7.841965973790950006e-02,-3.091265476289729031e-01,0.000000000000000000e+00
-8.153992238917621982e-02,-3.156601973277725626e-01,0.000000000000000000e+00
-8.472772028373407038e-02,-3.226817054840692145e-01,0.000000000000000000e+00
-8.798791544160201872e-02,-3.301876316343760887e-01,0.000000000000000000e+00
-9.132534129067208795e-02,-3.381758153767771002e-01,0.000000000000000000e+00
-9.474481519015981457e-02,-3.466453157578169852e-01,0.000000000000000000e+00
-9.825115037139946217e-02,-3.555963558053893414e-01,0.000000000000000000e+00
-1.018491673457405239e-01,-3.650302718336598806e-01,0.000000000000000000e+00
-1.057301968889222121e-01,-4.160816612253704361e-01,-3.369820210135543448e-01
-1.101165508991618219e-01,-4.660104560870202972e-01,-3.369820210135543448e-01
-1.149977406653233253e-01,-5.149786960795209589e-01,-3.369820210135543448e-01
-1.203648549721479111e-01,-5.631390189606159113e-01,-3.369820210135543448e-01
-1.262104692336251111e-01,-6.106353512513181814e-01,-3.369820210135543448e-01
-1.268567896272614071e-01,5.933981690213870896e-01,9.940627661968484574e+00
-1.173063470822885423e-01,1.391536438705825773e+00,6.997429089368331745e+00
-1.015897283441152682e-01,1.789617505438680922e+00,3.948946114288826692e+00
-8.369950957328775587e-02,1.789129190538664149e+00,7.789152990666993182e-01
-6.762618351508363490e-02,1.388858927182088587e+00,-2.524645977231400273e+00
-4.807683684961820691e-02,2.638370071641602976e+00,1.078446819932408829e+01
-1.852068641842103194e-02,3.339463333566662584e+00,6.667633321874342656e+00
1.555162534202207333e-02,3.490438975837519386e+00,2.350166215166129113e+00
4.863452107068769181e-02,3.090273265622632604e+00,-2.159980692594662521e+00
7.520580038952391633e-02,2.136504058680662066e+00,-6.877830445770745982e+00
9.471367491990091703e-02,1.727918196399170991e+00,-2.793467633951368434e+00
1.092339259512646599e-01,1.120295644023795889e+00,-4.599889462270704499e+00
1.167603951808036944e-01,3.099885886739784935e-01,-6.494801005213220790e+00
1.152407329508428335e-01,-7.088477694912914684e-01,-8.487935154532580739e+00
1.025438954347632631e-01,-1.946540604851726641e+00,-1.060581354661615094e+01
8.365229747318506104e-02,-1.820831329491861217e+00,1.929616847923333323e-01
6.551930540200372188e-02,-1.805047951770521131e+00,-6.277587324483723252e-01
4.704228754361524517e-02,-1.899971876065073451e+00,-1.489968277556976473e+00
2.710995039085136241e-02,-2.106572467646040892e+00,-2.393942620567969470e+00
4.598763103961080699e-03,-2.426373810160412425e+00,-3.343145590956205115e+00
-1.560286505639162102e-02,-1.531476919542313464e+00,6.496245403587472822e+00
-2.737835793228090078e-02,-7.515233254861585221e-01,5.890743919244357585e+00
-3.185178680508510274e-02,-8.093316156592693378e-02,5.276662896507464673e+00
-3.009734378216682993e-02,4.845375370963936890e-01,4.646344885755302911e+00
-2.314847318253121164e-02,9.487468221594138607e-01,4.000414459479866736e+00
-1.385942461707676855e-02,9.054042895976989191e-01,0.000000000000000000e+00
-4.985761859457238029e-03,8.660215018552029909e-01,0.000000000000000000e+00
3.510937844046591733e-03,8.303410841228678896e-01,0.000000000000000000e+00
1.166661155572838032e-02,7.981249778121761729e-01,0.000000000000000000e+00
1.951489775593057141e-02,7.691531121719142883e-01,0.000000000000000000e+00
2.708731057118595950e-02,7.432221644929033477e-01,0.000000000000000000e+00
3.441340198578569931e-02,7.201444041980065158e-01,0.000000000000000000e+00
4.152091285440229207e-02,6.997466161066080437e-01,0.000000000000000000e+00
4.843591348651886397e-02,6.818690982250418253e-01,0.000000000000000000e+00
5.518293452740594823e-02,6.663647295279322424e-01,0.000000000000000000e+00
6.178508881568597899e-02,6.530981033451627171e-01,0.000000000000000000e+00
6.826418485444084305e-02,6.419447221434966266e-01,0.000000000000000000e+00
7.464083249155310795e-02,6.327902496817591205e-01,0.000000000000000000e+00
8.093454136564887103e-02,6.255298167169708323e-01,0.000000000000000000e+00
8.716381263669154000e-02,6.200673766406580301e-01,0.000000000000000000e+00
9.334622448497539859e-02,6.163151076257550320e-01,0.000000000000000000e+00
