-4.326412312493007062e-01,4.794761927430379878e-01,0.000000000000000000e+00
-4.255709991612895982e-01,9.819336760223389415e-01,5.579852891237859325e+00
-4.135502192205200989e-01,1.468518973264084426e+00,5.579852891237859325e+00
-3.967238355250979898e-01,1.942239968594150490e+00,5.579852891237859325e+00
-3.752080482367941006e-01,2.405806142146382332e+00,5.579852891237859325e+00
-3.490933428747904355e-01,2.861618190867217582e+00,5.579852891237859325e+00
-3.171613069000905338e-01,3.596109450935414120e+00,8.033043202168615338e+00
-2.780350487871710019e-01,4.297840017561634696e+00,7.848818670281586307e+00
-2.319852074974352862e-01,4.979227092651203890e+00,7.742560276331969860e+00
-1.792256684178846760e-01,5.637782090518596689e+00,7.599174841192295915e+00
-1.200177766249452133e-01,6.266018591322444209e+00,7.385788126348850291e+00
-6.339239833753892994e-02,4.936632404184341461e+00,-8.603420559097914477e+00
-1.977645333254611851e-02,3.670077838601415010e+00,-8.603420559097914477e+00
1.144665005857238918e-02,2.463452675895377197e+00,-8.603420559097914477e+00
3.085818878284685152e-02,1.312578866409142453e+00,-8.603420559097914477e+00
3.899419243576955629e-02,2.126077868487693256e-01,-8.603420559097914477e+00
4.112397260626869666e-02,2.135193032790152767e-01,0.000000000000000000e+00
4.326502208626649415e-02,2.149063664509434923e-01,0.000000000000000000e+00
4.542202160855627474e-02,2.167527034677539932e-01,0.000000000000000000e+00
4.759949723162548024e-02,2.190438107225482489e-01,0.000000000000000000e+00
4.980183753864794033e-02,2.217668457364627976e-01,0.000000000000000000e+00
5.203330979312656424e-02,2.249105273888845624e-01,0.000000000000000000e+00
5.429807513241737688e-02,2.284650439499839869e-01,0.000000000000000000e+00
5.660020287466075578e-02,2.324219683681150450e-01,0.000000000000000000e+00
5.894368400935042634e-02,2.367741803038704018e-01,0.000000000000000000e+00
6.133244393685470530e-02,2.415157944389572375e-01,0.000000000000000000e+00
6.377035451763982121e-02,2.466420946217587340e-01,0.000000000000000000e+00
6.626124548770621903e-02,2.521494734426547590e-01,0.000000000000000000e+00
6.880891529281124575e-02,2.580353768610536003e-01,0.000000000000000000e+00
7.141714139039341547e-02,2.642982535327912386e-01,0.000000000000000000e+00
7.408969006471181895e-02,2.709375085112256110e-01,0.000000000000000000e+00
7.683032579755263991e-02,2.779534610181225163e-01,0.000000000000000000e+00
7.964282023391042187e-02,2.853473060014197760e-01,0.000000000000000000e+00
8.253096077931183772e-02,2.931210792162740053e-01,0.000000000000000000e+00
8.549855886289424445e-02,3.012776255835419303e-01,0.000000000000000000e+00
8.854945789796733746e-02,3.098205705961218359e-01,0.000000000000000000e+00
9.168754096955898658e-02,3.187542945584577181e-01,0.000000000000000000e+00
9.491673827636080973e-02,3.280839094580701443e-01,0.000000000000000000e+00
9.824103435253452032e-02,3.378152382802872000e-01,0.000000000000000000e+00
1.016644750930025126e-01,3.479547965884694505e-01,0.000000000000000000e+00
1.003206687904869970e-01,-7.158128249535982146e-01,-8.800073972314812920e+00
8.852989061838710538e-02,-1.738188243926791499e+00,-8.800073972314812920e+00
6.668278861433384053e-02,-2.724211752053085078e+00,-8.800073972314812920e+00
3.512321770750179151e-02,-3.678074359733362275e+00,-8.800073972314812920e+00
-5.842158554371656293e-03,-4.602877052008868652e+00,-8.800073972314812920e+00
-4.587331219376192259e-02,-3.282225295334930681e+00,9.283256309199357403e+00
-7.280255530757648308e-02,-1.984198750067272643e+00,9.619343716321090199e+00
-8.683243104285325031e-02,-7.033475428924519379e-01,9.968230600402991470e+00
-8.810269065293506452e-02,5.675149314494676300e-01,1.033812301895968844e+01
-7.668779868885045037e-02,1.834024734113379962e+00,1.071488927702608507e+01
-6.380840565689381572e-02,6.301242431127750399e-01,-9.087263668763416291e+00
-6.038337783251001428e-02,-4.038267340769598202e-03,-4.847433048813915235e+00
-6.071159666748289496e-02,-6.752904981841527376e-02,-4.011344784516389650e-01
-5.908151576971205216e-02,4.409536724175089906e-01,4.248253466646917609e+00
-4.975429663596837859e-02,1.525964026032482490e+00,9.114470045798936937e+00
-2.883354577611606934e-02,2.775542896890449640e+00,1.078446819932408829e+01
2.092505893997535869e-03,3.476210124715224392e+00,6.667633321874342656e+00
3.752977158818226328e-02,3.626652109184907324e+00,2.350166215166129113e+00
7.197485019550858842e-02,3.226597646672531017e+00,-2.159980692594662521e+00
9.991607793043680297e-02,2.274485317446110599e+00,-6.877830445770745982e+00
1.208090367025965728e-01,1.867162608956457914e+00,-2.793467633951368434e+00
1.367321807311742687e-01,1.261964484205027937e+00,-4.599889462270704499e+00
1.456918637001481942e-01,4.554263989284685898e-01,-6.494801005213220790e+00
1.456494957277331415e-01,-5.582550723515261604e-01,-8.487935154532580739e+00
1.344872140228921265e-01,-1.789602507411646171e+00,-1.060581354661615094e+01
1.171705608737954041e-01,-1.662591590098594807e+00,1.929616847923333323e-01
1.006285939383506356e-01,-1.644838698693452672e+00,-6.277587324483723252e-01
8.376489550151662578e-02,-1.737230077143766538e+00,-1.489968277556976473e+00
6.547322575769534692e-02,-1.940867529996742613e+00,-2.393942620567969470e+00
4.463357201776031041e-02,-2.257458131773484311e+00,-3.343145590956205115e+00
2.352207314155790527e-02,-1.935717375323557032e+00,1.803014311856426133e+00
5.686030806596634873e-03,-1.601046953266926254e+00,2.053266154957180234e+00
-8.735108983336613633e-03,-1.251198033051611702e+00,2.320250433965075576e+00
-1.957999417965832281e-02,-8.840480527585565795e-01,2.603249001358412862e+00
-2.666486890605979793e-02,-4.972129246461057805e-01,2.904547467598544763e+00
-3.157531286332691811e-02,-4.838287424243794543e-01,0.000000000000000000e+00
-3.635971026186037708e-02,-4.721579843372265550e-01,0.000000000000000000e+00
-4.103474437787719975e-02,-4.621019417253102168e-01,0.000000000000000000e+00
-4.561614754453690440e-02,-4.535698343033695012e-01,0.000000000000000000e+00
-5.011877795388153950e-02,-4.464782661545520503e-01,0.000000000000000000e+00
-5.455669119886180640e-02,-4.407507212378835582e-01,0.000000000000000000e+00
-5.894320693810926881e-02,-4.363170956702612791e-01,0.000000000000000000e+00
-6.329097103952263659e-02,-4.331132642194498450e-01,0.000000000000000000e+00
-6.761201353385888624e-02,-4.310806786112709177e-01,0.000000000000000000e+00
-7.191780268626968287e-02,-4.301659954121984653e-01,0.000000000000000000e+00
-7.621929547201460042e-02,-4.303207313977742698e-01,0.000000000000000000e+00
-8.052698472232584781e-02,-4.315009444576857756e-01,0.000000000000000000e+00
-8.485094318750777131e-02,-4.336669382201491230e-01,0.000000000000000000e+00
-8.920086474674326915e-02,-4.367829887016335122e-01,0.000000000000000000e+00
-9.358610297766388475e-02,-4.408170914032445431e-01,0.000000000000000000e+00
-9.801570728344499717e-02,-4.457407273825599869e-01,0.000000000000000000e+00
-1.024984567609302927e-01,-4.515286469297324357e-01,0.000000000000000000e+00
-1.072293670118339703e-01,-4.992863927012845537e-01,-3.369820210135543448e-01
-1.124341698038534565e-01,-5.462518586044982083e-01,-3.369820210135543448e-01
-1.181055831700205533e-01,-5.925659520696038296e-01,-3.369820210135543448e-01
-1.242376982827585880e-01,-6.383617055608228341e-01,-3.369820210135543448e-01
-1.308259033504586555e-01,-6.837648560127159714e-01,-3.369820210135543448e-01
-1.321986001108685360e-01,5.212982031175897868e-01,9.940627661968484574e+00
-1.233645143576564546e-01,1.320421888190151050e+00,6.997429089368331745e+00
-1.083542150136872634e-01,1.719536858511362620e+00,3.948946114288826692e+00
-9.115965025138129951e-02,1.720154346871776374e+00,7.789152990666993182e-01
-7.577070014652864671e-02,1.321034021545433923e+00,-2.524645977231400273e+00
-5.689944772983363680e-02,2.570576579125215311e+00,1.078446819932408829e+01
-2.801997333665479095e-02,3.271952733096991306e+00,6.667633321874342656e+00
5.379018004477330132e-03,3.423309336682994530e+00,2.350166215166129113e+00
3.779153625856222082e-02,3.023298919325053014e+00,-2.159980692594662521e+00
6.369133823513291326e-02,2.069065731182701651e+00,-6.877830445770745982e+00
8.252325838517311773e-02,1.660086204599119153e+00,-2.793467633951368434e+00
9.636139893059721129e-02,1.051572486649070770e+00,-4.599889462270704499e+00
1.031942621040933677e-01,2.398037496249963429e-01,-6.494801005213220790e+00
1.009637150674007888e-01,-7.810684033641155377e-01,-8.487935154532580739e+00
8.753338199861827873e-02,-2.021258682205260726e+00,-1.060581354661615094e+01
6.789208685387096431e-02,-1.896139864924753615e+00,1.929616847923333323e-01
4.900221960546187472e-02,-1.881223351834036217e+00,-6.277587324483723252e-01
2.975864253938821993e-02,-1.977232362733984061e+00,-1.489968277556976473e+00
9.048196622002959225e-03,-2.185063731543883225e+00,-2.393942620567969470e+00
-1.425368211707857616e-02,-2.506143490193712964e+00,-3.343145590956205115e+00
-3.354672258168001076e-02,-1.235007382826492695e+00,9.575908319037525374e+00
-4.038381027460505313e-02,-1.959784279777959659e-02,9.575908319037525374e+00
-3.529683188623964490e-02,1.145714189341838107e+00,9.575908319037525374e+00
-1.876236734082411747e-02,2.266249994950263247e+00,9.575908319037525374e+00
8.793166330676126935e-03,3.346578714049553760e+00,9.575908319037525374e+00
3.911219772893103491e-02,2.654053536747734476e+00,-4.576048897616466604e+00
6.266770327473242252e-02,1.996942289716886476e+00,-4.576048897616466604e+00
7.980082499693383347e-02,1.372346489719110219e+00,-4.576048897616466604e+00
9.082359231666060906e-02,7.773542379472310193e-01,-4.576048897616466604e+00
9.601912806650433896e-02,2.091124469948137943e-01,-4.576048897616466604e+00
9.817662404533475384e-02,2.238452231184735464e-01,0.000000000000000000e+00
1.004810997979132675e-01,2.385077694175664342e-01,0.000000000000000000e+00
9.806078850602668873e-02,-8.213671265992529280e-01,-8.800073972314812920e+00
8.523008540861096161e-02,-1.840357873869174599e+00,-8.800073972314812920e+00
6.237493036988625561e-02,-2.823417024843286161e+00,-8.800073972314812920e+00
2.983546527462008907e-02,-3.774622257721459651e+00,-8.800073972314812920e+00
-1.208412094739636650e-02,-4.696938288789666238e+00,-8.800073972314812920e+00
-5.304622909092698846e-02,-3.374261362254761920e+00,9.283256309199357403e+00
-8.088913973028111215e-02,-2.074857920945219369e+00,9.619343716321090199e+00
-9.582161861719466767e-02,-7.932130638130491240e-01,9.968230600402991470e+00
-9.798880524517684931e-02,4.779660062511703611e-01,1.033812301895968844e+01
-8.746927726941340631e-02,1.744469703146239725e+00,1.071488927702608507e+01
-6.551952186934283107e-02,2.739283029891768084e+00,8.871123884837711415e+00
-3.605270292139566013e-02,3.198139088476326553e+00,4.762960760830647899e+00
-4.441496879158336047e-03,3.117921155818284440e+00,4.547363441622048197e-01
2.391048665272044529e-02,2.495723638200668670e+00,-4.050118305869761848e+00
4.356402014904452169e-02,1.327113704823320361e+00,-8.764972459420283357e+00
5.712299123384229765e-02,1.391181126033190996e+00,8.683798017837106586e-01
7.072799599219953270e-02,1.324131815679401969e+00,-2.072968824453424452e-01
8.306844635151013068e-02,1.126042319479311882e+00,-1.326936911072116310e+00
9.283134446627636094e-02,7.962778584443883645e-01,-2.494026723813703939e+00
9.869274389226022348e-02,3.331719396489392637e-01,-3.714103681279747438e+00
1.020710894168705973e-01,3.436045049541657237e-01,0.000000000000000000e+00
1.006852129476139279e-01,-7.198499468850886318e-01,-8.800073972314812920e+00
8.885536591331569256e-02,-1.741941412441762482e+00,-8.800073972314812920e+00
6.697190014982526418e-02,-2.727710854876656210e+00,-8.800073972314812920e+00
3.537837278912848299e-02,-3.681348870269478546e+00,-8.800073972314812920e+00
-5.618842300915244739e-03,-4.605955182464623654e+00,-8.800073972314812920e+00
-4.567995286929810855e-02,-3.285121324332928694e+00,9.283256309199357403e+00
-7.263736372696874555e-02,-1.986920541212904512e+00,9.619343716321090199e+00
-8.669371328283549671e-02,-7.059063983023609046e-01,9.968230600402991470e+00
-8.798887695393801944e-02,5.651054577134856372e-01,1.033812301895968844e+01
-7.659746121343838365e-02,1.831749869665385555e+00,1.071488927702608507e+01
-6.374033419180215321e-02,6.279553723564677004e-01,-9.087263668763416291e+00
-6.033653557642842946e-02,-6.106581542260000606e-03,-4.847433048813915235e+00
-6.068500957485695180e-02,-6.950387415766513810e-02,-4.011344784516389650e-01
-5.907428443931236894e-02,4.390644234100795074e-01,4.248253466646917609e+00
-4.976560438408568487e-02,1.524151676221547902e+00,9.114470045798936937e+00
-2.886266278156349868e-02,2.773798967884911981e+00,1.078446819932408829e+01
2.046233635417845243e-03,3.474528198755741037e+00,6.667633321874342656e+00
3.746693742323343318e-02,3.625026316868256604e+00,2.350166215166129113e+00
7.189598261020151149e-02,3.225020493189420634e+00,-2.159980692594662521e+00
9.982161546193983603e-02,2.272945847363629035e+00,-6.877830445770745982e+00
1.206993419391611949e-01,1.865658047049759460e+00,-2.793467633951368434e+00
1.366075598965113824e-01,1.260485239250102474e+00,-4.599889462270704499e+00
1.455525211999539881e-01,4.539616343123716313e-01,-6.494801005213220790e+00
1.454955240067817290e-01,-5.597168440610268414e-01,-8.487935154532580739e+00
1.343185920915193066e-01,-1.791072195292225278e+00,-1.060581354661615094e+01
1.169873304290776905e-01,-1.664042460403400980e+00,1.929616847923333323e-01
1.004309137697542154e-01,-1.646277197166211570e+00,-6.277587324483723252e-01
8.355286235750712664e-02,-1.738662098286509750e+00,-1.489968277556976473e+00
6.524688066680904563e-02,-1.942298221974624539e+00,-2.393942620567969470e+00
4.439290913869649302e-02,-2.258891565880839281e+00,-3.343145590956205115e+00
2.326708479428986343e-02,-1.937149695698862528e+00,1.803014311856426133e+00
5.416708113897241578e-03,-1.602482584111551978e+00,2.053266154957180234e+00
-9.018819126474422049e-03,-1.252641387761078029e+00,2.320250433965075576e+00
-1.987818879177631962e-02,-8.855034840052939948e-01,2.603249001358412862e+00
-2.697768796092491969e-02,-4.986846416010750627e-01,2.904547467598544763e+00
-3.190292142975503092e-02,-4.853170711644107516e-01,0.000000000000000000e+00
-3.670228749248410222e-02,-4.736658069221722500e-01,0.000000000000000000e+00
-4.139249790296844339e-02,-4.636320658283376583e-01,0.000000000000000000e+00
-4.598931277210579344e-02,-4.551250028714844409e-01,0.000000000000000000e+00
-5.050761746375292266e-02,-4.480611664932770966e-01,0.000000000000000000e+00
-5.496149422516483085e-02,-4.423639935626160757e-01,0.000000000000000000e+00
-5.936428893502695286e-02,-4.379633411638620966e-01,0.000000000000000000e+00
-6.372867332553160125e-02,-4.347950526327667986e-01,0.000000000000000000e+00
-6.806670301004341672e-02,-4.328005554405814359e-01,0.000000000000000000e+00
-7.238987162462269531e-02,-4.319264886849531471e-01,0.000000000000000000e+00
-7.670916136994071488e-02,-4.321243580955482222e-01,0.000000000000000000e+00
-8.103509021983977545e-02,-4.333502166028753710e-01,0.000000000000000000e+00
-8.537775604387680406e-02,-4.355643686506930345e-01,0.000000000000000000e+00
-8.974687787355500879e-02,-4.387310965558727793e-01,0.000000000000000000e+00
-9.415183452551287302e-02,-4.428184073349592520e-01,0.000000000000000000e+00
-9.860170077962254753e-02,-4.477977985242233561e-01,0.000000000000000000e+00
