-1.259393921617239093e-02,9.075319682501814533e-02,0.000000000000000000e+00
-1.171670569928356075e-02,8.411067867208003868e-02,0.000000000000000000e+00
-1.090372835271254982e-02,7.794362166234947153e-02,0.000000000000000000e+00
-1.015040940877867323e-02,7.221764239419883880e-02,0.000000000000000000e+00
-9.452483646596990599e-03,6.690083179888842158e-02,0.000000000000000000e+00
-8.805994462505200085e-03,6.196357674775914565e-02,0.000000000000000000e+00
-8.207271665866676391e-03,5.737839449570510120e-02,0.000000000000000000e+00
-7.652910876090236562e-03,5.311977903931061618e-02,0.000000000000000000e+00
-7.139754405624079356e-03,4.916405853369700679e-02,0.000000000000000000e+00
-6.664873521962257248e-03,4.548926297320647627e-02,0.000000000000000000e+00
-6.225551989391817781e-03,4.207500139785252946e-02,0.000000000000000000e+00
-5.819270798348636850e-03,3.890234794027294662e-02,0.000000000000000000e+00
-5.443693996878752606e-03,3.595373607699935137e-02,0.000000000000000000e+00
-5.096655544855929754e-03,3.321286049346133112e-02,0.000000000000000000e+00
-4.776147117318728201e-03,3.066458601450908553e-02,0.000000000000000000e+00
-4.480306788593076996e-03,2.829486309159104027e-02,0.000000000000000000e+00
-4.207408533788273286e-03,2.609064937427062886e-02,0.000000000000000000e+00
-3.955852488822666525e-03,2.403983692770486277e-02,0.000000000000000000e+00
-3.724155914375360411e-03,2.213118468921993626e-02,0.000000000000000000e+00
-3.510944813095438852e-03,2.035425578637604579e-02,0.000000000000000000e+00
-3.314946153052416699e-03,1.869935936607459298e-02,0.000000000000000000e+00
-3.134980653801083469e-03,1.715749660947423622e-02,0.000000000000000000e+00
-2.969956094579472884e-03,1.572031063088621602e-02,0.000000000000000000e+00
-2.818861107077910103e-03,1.438003998054257319e-02,0.000000000000000000e+00
-2.680759417926168939e-03,1.312947549129344152e-02,0.000000000000000000e+00
-2.554784508559864841e-03,1.196192022800255696e-02,0.000000000000000000e+00
-2.440134662460277225e-03,1.087115231577745478e-02,0.000000000000000000e+00
-2.336068371926914786e-03,9.851390439288549780e-03,0.000000000000000000e+00
-2.241900078551376137e-03,8.897261820389154238e-03,0.000000000000000000e+00
-2.156996223425592264e-03,8.003772495129518258e-03,0.000000000000000000e+00
-2.080771584847868408e-03,7.166279724139437007e-03,0.000000000000000000e+00
-2.012685882895855552e-03,6.380466382307754467e-03,0.000000000000000000e+00
-1.952240631725698713e-03,5.642317184779610008e-03,0.000000000000000000e+00
-1.898976221839457313e-03,4.948096616585723369e-03,0.000000000000000000e+00
-1.852469215846156304e-03,4.294328442769512928e-03,0.000000000000000000e+00
-1.812329842432761247e-03,3.677776684741025388e-03,0.000000000000000000e+00
-1.778199674366550288e-03,3.095427956810867937e-03,0.000000000000000000e+00
-1.749749477376011863e-03,2.544475064488618907e-03,0.000000000000000000e+00
-1.726677217709261022e-03,2.022301773211202316e-03,0.000000000000000000e+00
-1.708706217052325272e-03,1.526468662737078333e-03,0.000000000000000000e+00
-1.695583444309497903e-03,1.054699988538527382e-03,0.000000000000000000e+00
-1.687077934508814450e-03,6.048714771809722427e-04,0.000000000000000000e+00
-1.682979325801884415e-03,1.749989879268303971e-04,0.000000000000000000e+00
-1.683096506182725103e-03,-2.367720223288294617e-04,0.000000000000000000e+00
-1.687256362158541479e-03,-6.321762891652040698e-04,0.000000000000000000e+00
-1.695302622170039974e-03,-1.012837839967456206e-03,0.000000000000000000e+00
-1.707094788082924152e-03,-1.380278452775905934e-03,0.000000000000000000e+00
-1.722507148558694934e-03,-1.735925521336807199e-03,0.000000000000000000e+00
-1.741427868564441109e-03,-2.081119369690831097e-03,0.000000000000000000e+00
-1.763758149700502247e-03,-2.417120056529319452e-03,0.000000000000000000e+00
-1.789411456414037723e-03,-2.745113706666778026e-03,0.000000000000000000e+00
-1.818312803527825970e-03,-3.066218404304786593e-03,0.000000000000000000e+00
-1.850398100849057030e-03,-3.381489680282599025e-03,0.000000000000000000e+00
-1.885613550934339125e-03,-3.691925623209113636e-03,0.000000000000000000e+00
-1.923915096376348959e-03,-3.998471642236905120e-03,0.000000000000000000e+00
-1.965267913246139010e-03,-4.302024907259485199e-03,0.000000000000000000e+00
-2.009645947574539241e-03,-4.603438490476841061e-03,0.000000000000000000e+00
-2.057031491987781208e-03,-4.903525231571330412e-03,0.000000000000000000e+00
-2.107414799827682546e-03,-5.203061347156505076e-03,0.000000000000000000e+00
-2.160793734286679466e-03,-5.502789803696611984e-03,0.000000000000000000e+00
-2.217173450273760352e-03,-5.803423471736108771e-03,0.000000000000000000e+00
-2.276566106900018618e-03,-6.105648078018883866e-03,0.000000000000000000e+00
-2.338990608633000328e-03,-6.410124970908875550e-03,0.000000000000000000e+00
-2.404472373318192278e-03,-6.717493713440932795e-03,0.000000000000000000e+00
-2.473043125404722920e-03,-7.028374517326847586e-03,0.000000000000000000e+00
-2.544740712841336502e-03,-7.343370530310952375e-03,0.000000000000000000e+00
-2.619608946228715440e-03,-7.663069988407205692e-03,0.000000000000000000e+00
-2.697697458925893584e-03,-7.988048243750368177e-03,0.000000000000000000e+00
-2.779061586912460677e-03,-8.318869678053307515e-03,0.000000000000000000e+00
-2.863762267305032007e-03,-8.656089510976343326e-03,0.000000000000000000e+00
-2.951865954516631231e-03,-9.000255512079020220e-03,0.000000000000000000e+00
-3.043444553131645271e-03,-9.351909624436164498e-03,0.000000000000000000e+00
-3.138575366647337710e-03,-9.711589507455134843e-03,0.000000000000000000e+00
-3.237341061305986246e-03,-1.007983000592688021e-02,0.000000000000000000e+00
-3.339829644309890919e-03,-1.045716455187661702e-02,0.000000000000000000e+00
-3.446134455775204906e-03,-1.084412650534820680e-02,0.000000000000000000e+00
-3.556354173840039871e-03,-1.124125043985709123e-02,0.000000000000000000e+00
-3.670592832397974632e-03,-1.164907337787757582e-02,0.000000000000000000e+00
-3.788959850980188823e-03,-1.206813598138925525e-02,0.000000000000000000e+00
-3.911570076358263093e-03,-1.249898370219251591e-02,0.000000000000000000e+00
-4.038543835485442456e-03,-1.294216789641240706e-02,0.000000000000000000e+00
-4.170006999437161042e-03,-1.339824690734214493e-02,0.000000000000000000e+00
-4.306091058051957944e-03,-1.386778712053041498e-02,0.000000000000000000e+00
-4.446933205011974546e-03,-1.435136399478913541e-02,0.000000000000000000e+00
-4.592676433137995486e-03,-1.484956307258892064e-02,0.000000000000000000e+00
-4.743469639707788635e-03,-1.536298097311717716e-02,0.000000000000000000e+00
-4.899467741638482629e-03,-1.589222637109694025e-02,0.000000000000000000e+00
-5.060831800403886409e-03,-1.643792096430270883e-02,0.000000000000000000e+00
-5.227729156586424786e-03,-1.700070043256115063e-02,0.000000000000000000e+00
-5.400333573990555823e-03,-1.758121539088914123e-02,0.000000000000000000e+00
-5.578825393270528052e-03,-1.818013233929782757e-02,0.000000000000000000e+00
-5.763391695050104797e-03,-1.879813461167912508e-02,0.000000000000000000e+00
-5.954226472535551450e-03,-1.943592332608870543e-02,0.000000000000000000e+00
-6.151530813645965379e-03,-2.009421833864747167e-02,0.000000000000000000e+00
-6.355513092706765142e-03,-2.077375920319988328e-02,0.000000000000000000e+00
-6.566389171773307984e-03,-2.147530613879296627e-02,0.000000000000000000e+00
-6.784382611671836705e-03,-2.219964100697284157e-02,0.000000000000000000e+00
-7.009724892864718955e-03,-2.294756830083632265e-02,0.000000000000000000e+00
-7.242655646266056048e-03,-2.371991614772283111e-02,0.000000000000000000e+00
-7.483422894152352844e-03,-2.451753732738602351e-02,0.000000000000000000e+00
-7.732283301331208634e-03,-2.534131030744509600e-02,0.000000000000000000e+00
-7.989502436748775055e-03,-2.619214029788199255e-02,0.000000000000000000e+00
-8.255355045734293767e-03,-2.707096032632238386e-02,0.000000000000000000e+00
-8.530125333097269766e-03,-2.797873233581562799e-02,0.000000000000000000e+00
-8.814107257309950968e-03,-2.891644830681044942e-02,0.000000000000000000e+00
-9.107604836024626310e-03,-2.988513140500992371e-02,0.000000000000000000e+00
-9.410932463192078767e-03,-3.088583715678017150e-02,0.000000000000000000e+00
-9.724415238064275033e-03,-3.191965465378245048e-02,0.000000000000000000e+00
-1.004838930638099134e-02,-3.298770778849738350e-02,0.000000000000000000e+00
-1.038320221405685320e-02,-3.409115652231307914e-02,0.000000000000000000e+00
-1.072921327370194786e-02,-3.523119818785543089e-02,0.000000000000000000e+00
-1.108679394432603854e-02,-3.640906882724893878e-02,0.000000000000000000e+00
-1.145632822459330923e-02,-3.762604456800969221e-02,0.000000000000000000e+00
-1.183821306001170415e-02,-3.888344303828866061e-02,0.000000000000000000e+00
-1.223285876445814532e-02,-4.018262482320301976e-02,0.000000000000000000e+00
-1.264068945645842323e-02,-4.152499496401558521e-02,0.000000000000000000e+00
-1.306214351065823447e-02,-4.291200450194788962e-02,0.000000000000000000e+00
-1.349767402493987599e-02,-4.434515206844011348e-02,0.000000000000000000e+00
-1.394774930365730130e-02,-4.582598552370191480e-02,0.000000000000000000e+00
-1.441285335748086760e-02,-4.735610364543104550e-02,0.000000000000000000e+00
-1.489348642036204817e-02,-4.893715786961222447e-02,0.000000000000000000e+00
-1.539016548414766372e-02,-5.057085408534649912e-02,0.000000000000000000e+00
-1.590342485139279241e-02,-5.225895448570125335e-02,0.000000000000000000e+00
-1.643381670694177635e-02,-5.400327947661324318e-02,0.000000000000000000e+00
-1.698191170886707499e-02,-5.580570964592111022e-02,0.000000000000000000e+00
-1.754829959937681885e-02,-5.766818779465020944e-02,0.000000000000000000e+00
-1.813358983632331820e-02,-5.959272103272008486e-02,0.000000000000000000e+00
-1.873841224596664579e-02,-6.158138294129545526e-02,0.000000000000000000e+00
-1.936341769767000592e-02,-6.363631580405204602e-02,0.000000000000000000e+00
-2.000927880122636490e-02,-6.575973290968234464e-02,0.000000000000000000e+00
-2.067669062753945547e-02,-6.795392092802021722e-02,0.000000000000000000e+00
-2.136637145340620700e-02,-7.022124236221914673e-02,0.000000000000000000e+00
-2.207906353117237985e-02,-7.256413807947548200e-02,0.000000000000000000e+00
-2.281553388405818672e-02,-7.498512992284626921e-02,0.000000000000000000e+00
-2.357657512797659699e-02,-7.748682340676896207e-02,0.000000000000000000e+00
-2.436300632069327704e-02,-8.007191049895023838e-02,0.000000000000000000e+00
-2.517567383920407686e-02,-8.274317249135010321e-02,0.000000000000000000e+00
-2.601545228623345848e-02,-8.550348296304753626e-02,0.000000000000000000e+00
-2.688324542678554446e-02,-8.835581083783300427e-02,0.000000000000000000e+00
-2.777998715570795946e-02,-9.130322353943245983e-02,0.000000000000000000e+00
-2.870664249725816616e-02,-9.434889024732605323e-02,0.000000000000000000e+00
-2.966420863769168165e-02,-9.749608525618071175e-02,0.000000000000000000e+00
-3.065371599192221602e-02,-1.007481914419732505e-01,0.000000000000000000e+00
-3.167622930533461889e-02,-1.041087038379319846e-01,0.000000000000000000e+00
-3.273284879186303536e-02,-1.075812333234774654e-01,0.000000000000000000e+00
-3.382471130947889426e-02,-1.111695104293897451e-01,0.000000000000000000e+00
-3.495299157426551284e-02,-1.148773892624740112e-01,0.000000000000000000e+00
-3.611890341428934670e-02,-1.187088515530353300e-01,0.000000000000000000e+00
-3.732370106451080027e-02,-1.226680108285081033e-01,0.000000000000000000e+00
-3.856868050401147940e-02,-1.267591167166129684e-01,0.000000000000000000e+00
-3.985518083684837232e-02,-1.309865593814346363e-01,0.000000000000000000e+00
-4.118458571787940448e-02,-1.353548740958268048e-01,0.000000000000000000e+00
-4.255832482493909774e-02,-1.398687459535522537e-01,0.000000000000000000e+00
-4.397787537877686365e-02,-1.445330147245590391e-01,0.000000000000000000e+00
-4.544476371220475958e-02,-1.493526798567711700e-01,0.000000000000000000e+00
-4.696056688993457268e-02,-1.543329056277394085e-01,0.000000000000000000e+00
-4.852691438061804141e-02,-1.594790264494450605e-01,0.000000000000000000e+00
-5.014548978263618645e-02,-1.647965523294816492e-01,0.000000000000000000e+00
-5.181803260521564841e-02,-1.702911744917493808e-01,0.000000000000000000e+00
-5.354634010648102321e-02,-1.759687711596852333e-01,0.000000000000000000e+00
-5.533226919008153027e-02,-1.818354135049138620e-01,0.000000000000000000e+00
-5.717773836205865268e-02,-1.878973717640358421e-01,0.000000000000000000e+00
-5.908472974964758262e-02,-1.941611215260729828e-01,0.000000000000000000e+00
-6.105529118372969577e-02,-2.006333501928532770e-01,0.000000000000000000e+00
-6.309153834667446947e-02,-2.073209636143431844e-01,0.000000000000000000e+00
-6.519565698732841807e-02,-2.142310929006151499e-01,0.000000000000000000e+00
-6.736990520492353030e-02,-2.213711014117662468e-01,0.000000000000000000e+00
-6.961661580368917746e-02,-2.287485919266796230e-01,0.000000000000000000e+00
-7.193819871995804638e-02,-2.363714139910316758e-01,0.000000000000000000e+00
-7.433714352355856592e-02,-2.442476714443910235e-01,0.000000000000000000e+00
-7.681602199528148045e-02,-2.523857301256242081e-01,0.000000000000000000e+00
-7.937749078219780152e-02,-2.607942257551039700e-01,0.000000000000000000e+00
-8.202429413258616187e-02,-2.694820719914071683e-01,0.000000000000000000e+00
-8.475926671220100628e-02,-2.784584686592735947e-01,0.000000000000000000e+00
-8.758533650357587519e-02,-2.877329101445692539e-01,0.000000000000000000e+00
-9.050552779000833881e-02,-2.973151939508415498e-01,0.000000000000000000e+00
-9.352296422581371504e-02,-3.072154294107566352e-01,0.000000000000000000e+00
-9.664087199436055542e-02,-3.174440465442632253e-01,0.000000000000000000e+00
-9.986258305531320323e-02,-3.280118050537002561e-01,0.000000000000000000e+00
-1.031915384823994392e-01,-3.389298034442626562e-01,0.000000000000000000e+00
-1.068177593042152623e-01,-3.913364129384068746e-01,-3.369820210135543448e-01
-1.109623366955026641e-01,-4.425063158375623362e-01,-3.369820210135543448e-01
-1.156136759678102199e-01,-4.926092567942956246e-01,-3.369820210135543448e-01
-1.207618344678691030e-01,-5.418050279816900572e-01,-3.369820210135543448e-01
-1.263984253817872216e-01,-5.902441985543100955e-01,-3.369820210135543448e-01
-1.268448539489318572e-01,6.129174459629702643e-01,9.940627661968484574e+00
-1.171027384532418864e-01,1.410291603271092153e+00,6.997429089368331745e+00
-1.012017086143212896e-01,1.807689724934724795e+00,3.948946114288826692e+00
-8.313362737275867276e-02,1.806578847192242820e+00,7.789152990666993182e-01
-6.688844239538864478e-02,1.405734447276648424e+00,-2.524645977231400273e+00
-4.717232364916362081e-02,2.654814358676059971e+00,1.078446819932408829e+01
-1.745360593568585916e-02,3.355497804555438446e+00,6.667633321874342656e+00
1.677729987796421074e-02,3.506092407829262125e+00,2.350166215166129113e+00
5.001524759757738220e-02,3.105609026900288061e+00,-2.159980692594662521e+00
7.673889988125615069e-02,2.151636983681195492e+00,-6.877830445770745982e+00
9.639720680284506737e-02,1.742862734452186979e+00,-2.793467633951368434e+00
1.110664419921282564e-01,1.135149284901030953e+00,-4.599889462270704499e+00
1.187414832723513169e-01,3.248613392244044662e-01,-6.494801005213220790e+00
1.173711033530380199e-01,-6.938430228005065814e-01,-8.487935154532580739e+00
1.048253366743697040e-01,-1.931305633420312251e+00,-1.060581354661615094e+01
8.608575854205667566e-02,-1.805662029465953555e+00,1.929616847923333323e-01
