-1.187118894705142980e+00,3.465329657148924491e-01,0.000000000000000000e+00
-1.183803735511741229e+00,3.140523925817113593e-01,4.730775768870730147e+00
-1.180792368479576693e+00,2.861354560572731409e-01,4.730775768870730147e+00
-1.178041653062753102e+00,2.622409399296147248e-01,4.730775768870730147e+00
-1.175513544925628873e+00,2.418961854152960333e-01,4.730775768870730147e+00
-1.173174449326756408e+00,2.246886394006512300e-01,4.730775768870730147e+00
-1.169845519526237387e+00,4.622445056099477867e-01,1.011382469477092805e+01
-1.164308559500600415e+00,6.635875726062068214e-01,9.638948107060178572e+00
-1.156976309838055661e+00,8.174602007744915522e-01,8.831645755789073959e+00
-1.148347604002559308e+00,9.183930410339664618e-01,7.826371496069458367e+00
-1.139051081584380176e+00,9.444151800379868567e-01,6.313090069882790978e+00
-1.128806970326533099e+00,1.121603400133609707e+00,9.176006888211192702e+00
-1.116773631328859429e+00,1.302981136445409804e+00,9.296053664975911346e+00
-1.102897194517537871e+00,1.491188755428874968e+00,9.429021489674600076e+00
-1.087150089256154750e+00,1.677261562949420970e+00,9.365009970736723588e+00
-1.069580766952395567e+00,1.855199024110766093e+00,9.161278391449732439e+00
-1.050257290631772866e+00,2.027883322286749390e+00,8.976980088822617887e+00
-1.029231046469518240e+00,2.195528426933412991e+00,8.773379027484057957e+00
-1.006737644411181520e+00,2.317248348323899254e+00,7.905296966648767132e+00
-9.833221545251962237e-01,2.373994744944120772e+00,6.735305235827602210e+00
-9.597570356292025595e-01,2.338600989461436352e+00,5.163803140465221375e+00
-9.371531686261387328e-01,2.169257409506848866e+00,2.999030712052002112e+00
-9.159348805715197273e-01,2.067413183550842248e+00,3.614541435157592630e+00
-8.954253335176590722e-01,2.033521780697506109e+00,4.282541687023052823e+00
-8.749323644458968374e-01,2.070430555053668797e+00,5.028827127313622469e+00
-8.537216307389106085e-01,2.184027194244901438e+00,5.885201779281587164e+00
-8.306793651461420458e-01,2.450773469899222956e+00,7.723195009328765792e+00
-8.049756908476046746e-01,2.716568177480692015e+00,7.722452758726211286e+00
-7.767944803110348184e-01,2.942988302989193894e+00,7.244091787219670842e+00
-7.465699916644119583e-01,3.120999356654646117e+00,6.635295749771751517e+00
-7.148006105806413713e-01,3.247344922518263566e+00,5.970232977535373742e+00
-6.820889561189839023e-01,3.303016514602973519e+00,5.085405055715746414e+00
-6.487551587824758048e-01,3.373007030213513335e+00,5.085405055715746414e+00
-6.146612448390559313e-01,3.456181432192340974e+00,5.085405055715746414e+00
-5.796800400705328649e-01,3.551522378390123968e+00,5.085405055715746414e+00
-5.436941056008403050e-01,3.658105534302509732e+00,5.085405055715746414e+00
-5.092734206294500243e-01,3.186380468061620785e+00,-5.695216761038768283e-01
-4.791119288796348297e-01,2.842337749456740337e+00,-5.695216761038768283e-01
-4.519932233500981722e-01,2.555541161351500001e+00,-5.695216761038768283e-01
-4.276672299228787555e-01,2.285264997283491972e+00,-5.695216761038768283e-01
-4.059736633590212973e-01,2.030423374701347594e+00,-5.695216761038768283e-01
-3.823551174685597687e-01,2.763942135676978218e+00,8.033043202168615338e+00
-3.515638442104728201e-01,3.462265052288341138e+00,7.848818670281586307e+00
-3.138912359505455218e-01,4.138625537874796478e+00,7.742560276331969860e+00
-2.695619761137539316e-01,4.791749754003424400e+00,7.599174841192295915e+00
-2.188354793441768531e-01,5.415488418846009289e+00,7.385788126348850291e+00
-1.705922736357110003e-01,4.112032453069983440e+00,-8.603420559097914477e+00
-1.351329600230737615e-01,2.864093769000586320e+00,-8.603420559097914477e+00
-1.119091279406365519e-01,1.669914745442822479e+00,-8.603420559097914477e+00
-1.003952900928169883e-01,5.266624783421222089e-01,-8.603420559097914477e+00
-1.000970094846263536e-01,-5.690061629965645906e-01,-8.603420559097914477e+00
-1.059786846140532562e-01,-6.115192650885142855e-01,-3.369820210135543448e-01
-1.122839912119701772e-01,-6.537196884112159712e-01,-3.369820210135543448e-01
-1.190102986147614367e-01,-6.957166180318385962e-01,-3.369820210135543448e-01
-1.261560425000237406e-01,-7.376136492006667433e-01,-3.369820210135543448e-01
-1.337206708742594563e-01,-7.795091998067767980e-01,-3.369820210135543448e-01
-1.360387827938960015e-01,4.281342433939828718e-01,9.940627661968484574e+00
-1.281255806141685938e-01,1.229575174353630729e+00,6.997429089368331745e+00
-1.140136548704215463e-01,1.630872824339935079e+00,3.948946114288826692e+00
-9.769595289554025563e-02,1.633607307053381197e+00,7.789152990666993182e-01
-8.316291846702605906e-02,1.236553880786685822e+00,-2.524645977231400273e+00
-6.619372406206207315e-02,2.252803628251657919e+00,8.871123884837711415e+00
-4.150392254668233694e-02,2.730784045265710613e+00,4.762960760830647899e+00
-1.448695017937753210e-02,2.667853483479050603e+00,4.547363441622048197e-01
9.435593127666602048e-03,2.061137439707303454e+00,-4.050118305869761848e+00
2.480509830496499535e-02,9.058919105261813431e-01,-8.764972459420283357e+00
3.372570650275737159e-02,8.757885714746297401e-01,0.000000000000000000e+00
4.236049892805080624e-02,8.490282899726032673e-01,0.000000000000000000e+00
5.074198149387228185e-02,8.254085845002779864e-01,0.000000000000000000e+00
5.890070728237004755e-02,8.047427636565909204e-01,0.000000000000000000e+00
6.686542949192197938e-02,7.868588394823715637e-01,0.000000000000000000e+00
7.466324386003843350e-02,7.715985160498475270e-01,0.000000000000000000e+00
8.231972129382587877e-02,7.588162486994088907e-01,0.000000000000000000e+00
8.985903139423968844e-02,7.483783694550952825e-01,0.000000000000000000e+00
9.730405751644151391e-02,7.401622743255734660e-01,0.000000000000000000e+00
1.046765039664932784e-01,7.340556683881772626e-01,0.000000000000000000e+00
1.071285473502111146e-01,-3.438326813644700386e-01,-8.800073972314812920e+00
9.900092445065264424e-02,-1.378479786716543698e+00,-8.800073972314812920e+00
8.070158139304646483e-02,-2.375208886871072789e+00,-8.800073972314812920e+00
5.258841853895922236e-02,-3.338585807139513140e+00,-8.800073972314812920e+00
1.497802122797941074e-02,-4.272168252653723464e+00,-8.800073972314812920e+00
-2.368117124111884797e-02,-3.378011891325992888e+00,5.871200675311132322e+00
-5.360579293523932282e-02,-2.529249887263432583e+00,5.871200675311132322e+00
-7.523445529557017120e-02,-1.722418294442986442e+00,5.871200675311132322e+00
-8.897002088117642038e-02,-9.538415604739922671e-01,5.871200675311132322e+00
-9.517828469833029825e-02,-2.198023449930124884e-01,5.871200675311132322e+00
-9.743981557007924676e-02,-2.339081384658125984e-01,0.000000000000000000e+00
-9.984228393422028836e-02,-2.479936125347200759e-01,0.000000000000000000e+00
-1.023856426538480302e-01,-2.620931752183331409e-01,0.000000000000000000e+00
-1.052566692376866869e-01,-3.173717092712689536e-01,-3.369820210135543448e-01
-1.086734445721364850e-01,-3.711221492196090099e-01,-3.369820210135543448e-01
-1.126215443851567161e-01,-4.235327173635017317e-01,-3.369820210135543448e-01
-1.170883751285214380e-01,-4.747803486861982836e-01,-3.369820210135543448e-01
-1.220630648678237284e-01,-5.250315157763824070e-01,-3.369820210135543448e-01
-1.218614675959212718e-01,6.772734748331563637e-01,9.940627661968484574e+00
-1.114797004160129335e-01,1.473818473579963539e+00,6.997429089368331745e+00
-9.494750519786783471e-02,1.870337783271485366e+00,3.948946114288826692e+00
-7.625733057197105202e-02,1.868286420901921430e+00,7.789152990666993182e-01
-5.939959684472913976e-02,1.466475695764783760e+00,-2.524645977231400273e+00
-3.907631071131006245e-02,2.715500195383224735e+00,1.078446819932408829e+01
-8.751902022438012158e-03,3.415918601787092612e+00,6.667633321874342656e+00
2.608171609267096944e-02,3.566193613974700138e+00,2.350166215166129113e+00
5.992019661522195867e-02,3.165647787385371004e+00,-2.159980692594662521e+00
8.724648085696197486e-02,2.212246819737919257e+00,-6.877830445770745982e+00
1.075126883832424329e-01,1.803913473356707042e+00,-2.793467633951368434e+00
1.227964054395798421e-01,1.197128079534420131e+00,-4.599889462270704499e+00
1.310977524886239032e-01,3.883306938172534917e-01,-6.494801005213220790e+00
1.303712458480186243e-01,-6.283065384720836200e-01,-8.487935154532580739e+00
1.184923741237947359e-01,-1.863213980661685865e+00,-1.060581354661615094e+01
1.004359427154028345e-01,-1.737046197843908679e+00,1.929616847923333323e-01
8.314425696328058002e-02,-1.720465633640907654e+00,-6.277587324483723252e-01
6.551782309366187274e-02,-1.814309870299318339e+00,-1.489968277556976473e+00
4.644786368537514448e-02,-2.019619178421641070e+00,-2.393942620567969470e+00
2.481254415246552519e-02,-2.338015008535397676e+00,-3.343145590956205115e+00
2.889152819331623247e-03,-2.017722686664330745e+00,1.803014311856426133e+00
-1.577428049686267764e-02,-1.684725423455306181e+00,2.053266154957180234e+00
-3.104059131865323506e-02,-1.336781371357915749e+00,2.320250433965075576e+00
-4.275076122300876941e-02,-9.717707328113821541e-01,2.603249001358412862e+00
-5.072336842251520123e-02,-5.873058241358115605e-01,2.904547467598544763e+00
-5.654450923493236497e-02,-5.761161387607133255e-01,0.000000000000000000e+00
-6.226213380893472205e-02,-5.667699249101474379e-01,0.000000000000000000e+00
-6.789422557794796975e-02,-5.591684594762360572e-01,0.000000000000000000e+00
-7.345781823924975307e-02,-5.532212453315480394e-01,0.000000000000000000e+00
-7.896907546723669347e-02,-5.488454531426736338e-01,0.000000000000000000e+00
-8.444336522986647942e-02,-5.459654037671830551e-01,0.000000000000000000e+00
-8.989532910120322240e-02,-5.445120883994687411e-01,0.000000000000000000e+00
-9.533894693545703902e-02,-5.444227238088673593e-01,0.000000000000000000e+00
-1.007875972421118649e-01,-5.456403401827581989e-01,0.000000000000000000e+00
-1.064406167307931222e-01,-5.892466406069707396e-01,-3.369820210135543448e-01
-1.125277556599466044e-01,-6.324428317348262940e-01,-3.369820210135543448e-01
-1.190454387593300467e-01,-6.753446090668310253e-01,-3.369820210135543448e-01
-1.259912200644980329e-01,-7.180616092973705067e-01,-3.369820210135543448e-01
-1.333637243711040254e-01,-7.606978571297364766e-01,-3.369820210135543448e-01
-1.354964681501207302e-01,4.463543113011461116e-01,9.940627661968484574e+00
-1.274034979272355428e-01,1.247269805351879812e+00,6.997429089368331745e+00
-1.131168655986126287e-01,1.648082243555816229e+00,3.948946114288826692e+00
-9.662919448345312634e-02,1.650355752590100034e+00,7.789152990666993182e-01
-8.193071945503166420e-02,1.252859131988562913e+00,-2.524645977231400273e+00
-6.479961483090193597e-02,2.268862364879689064e+00,8.871123884837711415e+00
-3.995041488515888028e-02,2.746584828910185738e+00,4.762960760830647899e+00
-1.277661237847798649e-02,2.683401197942578253e+00,4.547363441622048197e-01
1.130040881759305366e-02,2.076475648814411823e+00,-4.050118305869761848e+00
2.682267292120076724e-02,9.211062192707522023e-01,-8.764972459420283357e+00
3.589484626460850286e-02,8.908821685798323786e-01,0.000000000000000000e+00
4.468018326046584859e-02,8.640422569866695879e-01,0.000000000000000000e+00
5.321159175872098440e-02,8.403820622233951765e-01,0.000000000000000000e+00
6.152000814607421625e-02,8.197131222461349065e-01,0.000000000000000000e+00
6.963455194257797687e-02,8.018618372290298169e-01,0.000000000000000000e+00
7.758266976386465896e-02,7.866684475139490429e-01,0.000000000000000000e+00
8.539026938753101204e-02,7.739860828667345372e-01,0.000000000000000000e+00
9.308184461634966267e-02,7.636798785375831233e-01,0.000000000000000000e+00
1.006805915867159118e-01,7.556261537959984009e-01,0.000000000000000000e+00
1.033380633453754721e-01,-3.245173624614720032e-01,-8.800073972314812920e+00
9.539405823820400199e-02,-1.361249927884589095e+00,-8.800073972314812920e+00
7.725833139567767072e-02,-2.359871260370259183e+00,-8.800073972314812920e+00
4.929079760572668834e-02,-3.324929865949182162e+00,-8.800073972314812920e+00
1.181020936774044433e-02,-4.259970377108318829e+00,-8.800073972314812920e+00
-2.673265974834775072e-02,-3.367072175631880437e+00,5.871200675311132322e+00
-5.655354015952181179e-02,-2.519564286238350270e+00,5.871200675311132322e+00
-7.809090872568530406e-02,-1.713962795023875385e+00,5.871200675311132322e+00
-9.174731542954084329e-02,-9.465767950777769224e-01,5.871200675311132322e+00
-9.788810597452997364e-02,-2.136771469467640960e-01,5.871200675311132322e+00
-1.000924440419029560e-01,-2.286755394881203884e-01,0.000000000000000000e+00
-1.026329524176386454e-01,-2.847464573035056179e-01,-3.369820210135543448e-01
-1.057266387665465879e-01,-3.391805702696300551e-01,-3.369820210135543448e-01
-1.093580205543250583e-01,-3.921724219841781212e-01,-3.369820210135543448e-01
-1.135135070555552406e-01,-4.439048022648992009e-01,-3.369820210135543448e-01
-1.181812857336589778e-01,-4.945496060884678746e-01,-3.369820210135543448e-01
-1.176735878136934421e-01,7.080601167812080599e-01,9.940627661968484574e+00
-1.069830902539789935e-01,1.504808280373334473e+00,6.997429089368331745e+00
-9.014072327094242720e-02,1.901398070895080172e+00,3.948946114288826692e+00
-7.114020908338249127e-02,1.899301615005652977e+00,7.789152990666993182e-01
-5.397292027210160575e-02,1.497377348289697707e+00,-2.524645977231400273e+00
-3.333862813055319535e-02,2.746831221008428692e+00,1.078446819932408829e+01
-2.699759035525608857e-03,3.447491664472180251e+00,6.667633321874342656e+00
3.245039690436097440e-02,3.597946974930028574e+00,2.350166215166129113e+00
6.660785469296917616e-02,3.197744954433366260e+00,-2.159980692594662521e+00
9.425837438457546069e-02,2.245111245834909841e+00,-6.877830445770745982e+00
1.148559013032119658e-01,1.837393372078678810e+00,-2.793467633951368434e+00
1.304784572884190585e-01,1.231529786559321549e+00,-4.599889462270704499e+00
1.391294764617212187e-01,4.240115288265995375e-01,-6.494801005213220790e+00
1.387671353325203027e-01,-5.909777063818894005e-01,-8.487935154532580739e+00
1.272704276248219912e-01,-1.823921145960889501e+00,-1.060581354661615094e+01
1.096091447467767571e-01,-1.697244891937775391e+00,1.929616847923333323e-01
9.271848378718865191e-02,-1.679983351949721815e+00,-6.277587324483723252e-01
7.550055480658611484e-02,-1.773001420328954580e+00,-1.489968277556976473e+00
5.684788262388338481e-02,-1.977373751131896951e+00,-2.393942620567969470e+00
3.563953590144874201e-02,-2.294769410160714784e+00,-3.343145590956205115e+00
1.415224459520393260e-02,-1.973644242473626687e+00,1.803014311856426133e+00
-4.066211286259489334e-03,-1.639692450130691315e+00,2.053266154957180234e+00
-1.887742934798468733e-02,-1.290667841288196005e+00,2.320250433965075576e+00
-3.012111929839630942e-02,-9.244485319714361715e-01,2.603249001358412862e+00
-3.761458107474986712e-02,-5.386481371376283800e-01,2.904547467598544763e+00
-4.294374722890653695e-02,-5.262462867845044689e-01,0.000000000000000000e+00
-4.815696487318815722e-02,-5.156188795236565925e-01,0.000000000000000000e+00
-5.327152689730677709e-02,-5.066671059328793358e-01,0.000000000000000000e+00
-5.830377489890652132e-02,-4.993002300112359682e-01,0.000000000000000000e+00
-6.326917740457892181e-02,-4.934350382997487738e-01,0.000000000000000000e+00
-6.818240276470032002e-02,-4.889953290562875643e-01,0.000000000000000000e+00
-7.305738710995930696e-02,-4.859114387013874214e-01,0.000000000000000000e+00
-7.790739773041141514e-02,-4.841198029283439452e-01,0.000000000000000000e+00
