-3.897046087332181941e+00,3.085757669550891480e-01,0.000000000000000000e+00
-3.892983328254316699e+00,5.239527787633346811e-01,-7.090828356072220728e-01
-3.886809178170916645e+00,7.299369465065682627e-01,-7.090828356072220728e-01
-3.878616962054193706e+00,9.266618046002990106e-01,-7.090828356072220728e-01
-3.868498686742841919e+00,1.114256669443045800e+00,-7.090828356072220728e-01
-3.856545091989510787e+00,1.292844768863330884e+00,-7.090828356072220728e-01
-3.839071127124581206e+00,2.297141257800318748e+00,-9.664710265062694816e+00
-3.811687402649587053e+00,3.273028463548557365e+00,-9.664710265062694816e+00
-3.774650498210627703e+00,4.226387787919946959e+00,-9.664710265062694816e+00
-3.728164204041849228e+00,5.161721284289005673e+00,-9.664710265062694816e+00
-3.672394316047577156e+00,6.081928094963860332e+00,-9.664710265062694816e+00
-3.606901607287036349e+00,7.117776603203571639e+00,-1.087041112166620493e+01
-3.531556160170422842e+00,8.040995357614264094e+00,-9.997824708689114104e+00
-3.447838592893967657e+00,8.772512886769833429e+00,-8.491048216629106804e+00
-3.357797361226137589e+00,9.283086510176621786e+00,-6.812673117605635653e+00
-3.263830427598079620e+00,9.531297189488325827e+00,-4.853606662543032080e+00
-3.165997864248431881e+00,1.008392518950749661e+01,-7.554456369634479529e+00
-3.062830166570059021e+00,1.059244519129654449e+01,-7.554456369634479529e+00
-2.954809523282715844e+00,1.104759785791537219e+01,-7.554456369634479529e+00
-2.842513214656470666e+00,1.143964275448714218e+01,-7.554456369634479529e+00
-2.726616476411770407e+00,1.175880690926027583e+01,-7.554456369634479529e+00
-2.607695163893289259e+00,1.203839285703937634e+01,-7.944077762906216478e+00
-2.486400017915474159e+00,1.222266808766136137e+01,-7.944077762906216478e+00
-2.363719083930512888e+00,1.230421826638349359e+01,-7.944077762906216478e+00
-2.240705194133086220e+00,1.227780285921553016e+01,-7.944077762906216478e+00
-2.118452111307824293e+00,1.214079759847601458e+01,-7.944077762906216478e+00
-1.998414154709727608e+00,1.182001594653793042e+01,-6.676714695145236078e+00
-1.884126502296778360e+00,1.094569455644758982e+01,-6.676714695145236078e+00
-1.778688869131000105e+00,1.004932022957005699e+01,-6.676714695145236078e+00
-1.682279796043258502e+00,9.140291064712185332e+00,-6.676714695145236078e+00
-1.594983038882188842e+00,8.228080105414873557e+00,-6.676714695145236078e+00
-1.516804501832970775e+00,7.338161496465432698e+00,4.426432350409445604e+00
-1.447011362311087845e+00,6.560048595292850671e+00,4.426432350409445604e+00
-1.384542155289194110e+00,5.881369659235915037e+00,4.426432350409445604e+00
-1.328454062146216197e+00,5.290884527610324461e+00,4.426432350409445604e+00
-1.277911566334473115e+00,4.778480861158860726e+00,4.426432350409445604e+00
-1.231676911868360369e+00,4.447278614544819320e+00,7.437396833710200994e+00
-1.188441278015321068e+00,4.184027460127074605e+00,7.437396833710200994e+00
-1.147562709570454142e+00,3.980611550190583880e+00,7.437396833710200994e+00
-1.108474999868498623e+00,3.830087914886868283e+00,7.437396833710200994e+00
-1.070676660993538754e+00,3.726533862989118706e+00,7.437396833710200994e+00
-1.033656471293655787e+00,3.679295523139880064e+00,7.678821225460009003e+00
-9.969366180556386015e-01,3.669588675470007111e+00,7.678821225460009003e+00
-9.601581210209577666e-01,3.693892283487926420e+00,7.678821225460009003e+00
-9.229946724735701435e-01,3.749232320368230731e+00,7.678821225460009003e+00
-8.851475689714423112e-01,3.833094237370394008e+00,7.678821225460009003e+00
-8.463414776061011224e-01,3.943344177634068526e+00,7.678821225460009003e+00
-8.063209570273456306e-01,4.078157244132466275e+00,7.678821225460009003e+00
-7.648476699022211944e-01,4.235951242078525247e+00,7.678821225460009003e+00
-7.216982386921617643e-01,4.415324448642441446e+00,7.678821225460009003e+00
-6.766627104457673125e-01,4.614996112182343069e+00,7.678821225460009003e+00
-6.293805252704340880e-01,4.869707159052205192e+00,8.055135777383991780e+00
-5.790902332181957490e-01,5.226009079844358141e+00,8.914488005734572340e+00
-5.248769856241620735e-01,5.661694424282820215e+00,9.570203350070450199e+00
-4.657676630243681726e-01,6.285968787293194637e+00,1.009306818608538237e+01
-3.992549567890387174e-01,7.100979375634276280e+00,1.055732095515616109e+01
-3.288819816790951034e-01,6.964685830010621359e+00,2.100023449215167481e+00
-2.597863748476685331e-01,6.847004977697105588e+00,2.026014420675403382e+00
-1.917827980634018992e-01,6.747785260029044885e+00,1.969903594090064658e+00
-1.247027480345007933e-01,6.663482629091600273e+00,1.901843930691496709e+00
-5.841675420845188205e-02,6.589761301550545625e+00,1.813756605064245520e+00
1.973047238886584467e-03,5.377498920030013174e+00,-7.630515406432638592e+00
5.052409910866431653e-02,4.227843973385221332e+00,-7.630515406432638592e+00
8.784869536293943293e-02,3.137485972152100011e+00,-7.630515406432638592e+00
1.145207153606050549e-01,2.102030715692259744e+00,-7.630515406432638592e+00
1.310669923470759446e-01,1.116470935370661888e+00,-7.630515406432638592e+00
1.373179959617296664e-01,3.331344182989615099e-02,-8.800073972314812920e+00
1.329441408838715755e-01,-1.005014541815199225e+00,-8.800073972314812920e+00
1.183672105696514515e-01,-2.004306844644053953e+00,-8.800073972314812920e+00
9.395384692903374635e-02,-2.969686045450757206e+00,-8.800073972314812920e+00
6.002342775225612270e-02,-3.905351252656188876e+00,-8.800073972314812920e+00
2.501051158978868580e-02,-3.015635969802153760e+00,5.871200675311132322e+00
-1.302177130729545527e-03,-2.169123485906414572e+00,5.871200675311132322e+00
-1.933250120918606624e-02,-1.362614860615142476e+00,5.871200675311132322e+00
-2.946535541715535750e-02,-5.927276289954759303e-01,5.871200675311132322e+00
-3.205160936863601928e-02,1.439380686177841040e-01,5.871200675311132322e+00
-3.067344764077524835e-02,1.304990185303805950e-01,0.000000000000000000e+00
-2.942572119635451788e-02,1.179263891217269267e-01,0.000000000000000000e+00
-2.830006609627220074e-02,1.061543352372278509e-01,0.000000000000000000e+00
-2.728875573404576302e-02,9.512164076833107274e-02,0.000000000000000000e+00
-2.638465608141322277e-02,8.477138187226217203e-02,0.000000000000000000e+00
-2.558118419220296869e-02,7.505061420814215789e-02,0.000000000000000000e+00
-2.487226973209899841e-02,6.591008248049660956e-02,0.000000000000000000e+00
-2.425231931848197825e-02,5.730395069898340521e-02,0.000000000000000000e+00
-2.371618346993566856e-02,4.918955167353233904e-02,0.000000000000000000e+00
-2.325912597934591541e-02,4.152715436733225157e-02,0.000000000000000000e+00
-2.287679553785560219e-02,3.427974782656625224e-02,0.000000000000000000e+00
-2.256519944933954580e-02,2.741284049583706320e-02,0.000000000000000000e+00
-2.232067928659118433e-02,2.089427381219979146e-02,0.000000000000000000e+00
-2.213988835112698506e-02,1.469404904897839668e-02,0.000000000000000000e+00
-2.201977080847044785e-02,8.784166453430306692e-03,0.000000000000000000e+00
-2.195754238002760317e-02,3.138475790171733545e-03,0.000000000000000000e+00
-2.195067248125891560e-02,-2.267462534595122113e-03,0.000000000000000000e+00
-2.199686770383438988e-02,-7.456506534298297344e-03,0.000000000000000000e+00
-2.209405654687213519e-02,-1.245005260031190400e-02,0.000000000000000000e+00
-2.224037530924595496e-02,-1.726814701828855228e-02,0.000000000000000000e+00
-2.243415506134136331e-02,-2.192958965627635898e-02,0.000000000000000000e+00
-2.267390962057781040e-02,-2.645203039458540739e-02,0.000000000000000000e+00
-2.295832446052840925e-02,-3.085205882668152003e-02,0.000000000000000000e+00
-2.328624648858943630e-02,-3.514528772259922079e-02,0.000000000000000000e+00
-2.365667463190632494e-02,-3.934643071127851000e-02,0.000000000000000000e+00
-2.406875117567857866e-02,-4.346937460565337280e-02,0.000000000000000000e+00
-2.452175380206631644e-02,-4.752724676407767135e-02,0.000000000000000000e+00
-2.501508828172880824e-02,-5.153247785360046823e-02,0.000000000000000000e+00
-2.554828177356193580e-02,-5.549686035454681060e-02,0.000000000000000000e+00
-2.612097669148539386e-02,-5.943160312167562048e-02,0.000000000000000000e+00
-2.673292510018107984e-02,-6.334738229474327909e-02,0.000000000000000000e+00
-2.738398360451722857e-02,-6.725438883047302197e-02,0.000000000000000000e+00
-2.807410870002472955e-02,-7.116237290860377707e-02,0.000000000000000000e+00
-2.880335255423704596e-02,-7.508068544675697287e-02,0.000000000000000000e+00
-2.957185919097647317e-02,-7.901831694221950197e-02,0.000000000000000000e+00
-3.037986105178025822e-02,-8.298393384329938449e-02,0.000000000000000000e+00
-3.122767591062102291e-02,-8.698591263858437839e-02,0.000000000000000000e+00
-3.211570411989891211e-02,-9.103237183913921726e-02,0.000000000000000000e+00
-3.304442616737662125e-02,-9.513120201634252260e-02,0.000000000000000000e+00
-3.401440052530360636e-02,-9.929009404661881533e-02,0.000000000000000000e+00
-3.502626177443961958e-02,-1.035165657036987708e-01,0.000000000000000000e+00
-3.608071898704919706e-02,-1.078179867291846616e-01,0.000000000000000000e+00
-3.717855435420477916e-02,-1.122016025030489195e-01,0.000000000000000000e+00
-3.832062204391361443e-02,-1.166745564272012592e-01,0.000000000000000000e+00
-3.950784727767903820e-02,-1.212439111273754394e-01,0.000000000000000000e+00
-4.074122561412583249e-02,-1.259166685712646561e-01,0.000000000000000000e+00
-4.202182242926764261e-02,-1.306997891940330225e-01,0.000000000000000000e+00
-4.335077258387683846e-02,-1.356002101160101725e-01,0.000000000000000000e+00
-4.472928026923853051e-02,-1.406248625314998613e-01,0.000000000000000000e+00
-4.615861902333487365e-02,-1.457806883421679800e-01,0.000000000000000000e+00
-4.764013191021702898e-02,-1.510746561033860513e-01,0.000000000000000000e+00
-4.917523185598474816e-02,-1.565137763471682597e-01,0.000000000000000000e+00
-5.076540213540921276e-02,-1.621051163409161777e-01,0.000000000000000000e+00
-5.241219700380866237e-02,-1.678558143370603162e-01,0.000000000000000000e+00
-5.411724246931918364e-02,-1.737730933648252984e-01,0.000000000000000000e+00
-5.588223720119914195e-02,-1.798642746117295188e-01,0.000000000000000000e+00
-5.770895357026626510e-02,-1.861367904390354988e-01,0.000000000000000000e+00
-5.959923881799391449e-02,-1.925981970721701297e-01,0.000000000000000000e+00
-6.155501635118999781e-02,-1.992561870041196781e-01,0.000000000000000000e+00
-6.357828715954835785e-02,-2.061186011469460788e-01,0.000000000000000000e+00
-6.567113135370213073e-02,-2.131934407638548246e-01,0.000000000000000000e+00
-6.783570982172117125e-02,-2.204888792116500018e-01,0.000000000000000000e+00
-7.007426600228189306e-02,-2.280132735209211281e-01,0.000000000000000000e+00
-7.238912777300175738e-02,-2.357751758389002306e-01,0.000000000000000000e+00
-7.478270945266818348e-02,-2.437833447575915857e-01,0.000000000000000000e+00
-7.725751391630805709e-02,-2.520467565474901472e-01,0.000000000000000000e+00
-7.981613482223691436e-02,-2.605746163149498806e-01,0.000000000000000000e+00
-8.246125895039740916e-02,-2.693763690990279569e-01,0.000000000000000000e+00
-8.519566865144453938e-02,-2.784617109213888830e-01,0.000000000000000000e+00
-8.802224440616131240e-02,-2.878405998005905131e-01,0.000000000000000000e+00
-9.094396749489121190e-02,-2.975232667397733066e-01,0.000000000000000000e+00
-9.396392277675311155e-02,-3.075202266944123131e-01,0.000000000000000000e+00
-9.708530157846070874e-02,-3.178422895243476209e-01,0.000000000000000000e+00
-1.003114046925986658e-01,-3.285005709317656564e-01,0.000000000000000000e+00
-1.038321687867251181e-01,-3.806459210465182874e-01,-3.369820210135543448e-01
-1.078686155596925295e-01,-4.315409611206657559e-01,-3.369820210135543448e-01
-1.124090147039421839e-01,-4.813555245794810533e-01,-3.369820210135543448e-01
-1.174432887523600422e-01,-5.302494745719947833e-01,-3.369820210135543448e-01
-1.229629167175025906e-01,-5.783734363240640164e-01,-3.369820210135543448e-01
-1.232866841056139418e-01,6.256697270519112619e-01,9.940627661968484574e+00
-1.134138068957577794e-01,1.423761258150760156e+00,6.997429089368331745e+00
-9.737563303753640764e-02,1.821701531916290806e+00,3.948946114288826692e+00
-7.916568013318849018e-02,1.820982951447782217e+00,7.789152990666993182e-01
-6.277519910241055601e-02,1.420425216133839541e+00,-2.524645977231400273e+00
-4.290887248570064011e-02,2.670222220991728346e+00,1.078446819932408829e+01
-1.303364367536729435e-02,3.371430641566483200e+00,6.667633321874342656e+00
2.135853744909736035e-02,3.522453565787387220e+00,2.350166215166129113e+00
5.476226128463376752e-02,3.122462643947190308e+00,-2.159980692594662521e+00
8.165764566647711054e-02,2.169224989066755427e+00,-6.877830445770745982e+00
1.014946202894743688e-01,1.761080377665544150e+00,-2.793467633951368434e+00
1.163495942075472023e-01,1.154170584919254727e+00,-4.599889462270704499e+00
1.242193368518683533e-01,3.448906807424029219e-01,-6.494801005213220790e+00
1.230546994064215249e-01,-6.725988774466211684e-01,-8.487935154532580739e+00
1.107276313690914032e-01,-1.908681905731986372e+00,-1.060581354661615094e+01
9.221649723910718688e-02,-1.782540612821347459e+00,1.929616847923333323e-01
7.446898041108501731e-02,-1.766174975264460434e+00,-6.277587324483723252e-01
5.638382341044708562e-02,-1.860395292591882077e+00,-1.489968277556976473e+00
3.685078878298669869e-02,-2.066207017780518296e+00,-2.393942620567969470e+00
1.474698601732358887e-02,-2.385183431885526950e+00,-3.343145590956205115e+00
-5.039325130865536170e-03,-1.489484029335047310e+00,6.496245403587472822e+00
-1.639054588548193719e-02,-7.085356266564604155e-01,5.890743919244357585e+00
-2.042919921626516755e-02,-3.683840857836391536e-02,5.276662896507464673e+00
-1.822862947938094086e-02,5.297935051253552796e-01,4.646344885755302911e+00
-1.082191865022977262e-02,9.951810624741146416e-01,4.000414459479866736e+00
-1.063563381536420088e-03,9.529543305877447024e-01,0.000000000000000000e+00
8.290873397985901866e-03,9.147560195530689553e-01,0.000000000000000000e+00
1.728049999500835820e-02,8.803285198215016205e-01,0.000000000000000000e+00
2.594193748648381675e-02,8.494337159946050431e-01,0.000000000000000000e+00
3.430950856360005102e-02,8.218516486219212824e-01,0.000000000000000000e+00
4.241541339958707080e-02,7.973792653277359532e-01,0.000000000000000000e+00
5.028989341331440571e-02,7.758292565117754780e-01,0.000000000000000000e+00
5.796138375294938860e-02,7.570289708584782007e-01,0.000000000000000000e+00
6.545665527651862992e-02,7.408194059505975870e-01,0.000000000000000000e+00
7.280094675964528250e-02,7.270542693960158065e-01,0.000000000000000000e+00
8.001808801547326266e-02,7.155991060264965675e-01,0.000000000000000000e+00
8.713061456814630290e-02,7.063304869018360854e-01,0.000000000000000000e+00
9.415987447939183630e-02,6.991352560432545493e-01,0.000000000000000000e+00
1.011261278878884950e-01,6.939098310188884788e-01,0.000000000000000000e+00
1.031783262359877856e-01,-3.836508740677498919e-01,-8.800073972314812920e+00
9.465345068153466213e-02,-1.418112509301761914e+00,-8.800073972314812920e+00
7.595827994956128038e-02,-2.414740150157784981e+00,-8.800073972314812920e+00
4.745016883392167567e-02,-3.378032534026972566e+00,-8.800073972314812920e+00
9.445868143936976546e-03,-4.311471352896296239e+00,-8.800073972314812920e+00
-2.960519485631863887e-02,-3.417106826379572748e+00,5.871200675311132322e+00
-5.992078296290991035e-02,-2.568392717533066527e+00,5.871200675311132322e+00
