1.136615616506626153e-01,3.637591108206967849e-01,0.000000000000000000e+00
1.124922803329470311e-01,-6.963640453451933610e-01,-8.800073972314812920e+00
1.009118554668487211e-01,-1.715253812562342439e+00,-8.800073972314812920e+00
7.930881159958662330e-02,-2.698069486891507385e+00,-8.800073972314812920e+00
4.802368358298551854e-02,-3.649123222835637836e+00,-8.800073972314812920e+00
7.358581685661930334e-03,-4.571642451572381027e+00,-8.800073972314812920e+00
-3.424902310387014509e-02,-3.667452098641792890e+00,5.871200675311132322e+00
-6.702815006077048055e-02,-2.810085301715039119e+00,5.871200675311132322e+00
-9.143161899877812193e-02,-1.996050266965911479e+00,5.871200675311132322e+00
-1.078760107717369188e-01,-1.221598493970507793e+00,5.871200675311132322e+00
-1.167399405413281077e-01,-4.829036055996556720e-01,5.871200675311132322e+00
-1.161153874764798977e-01,7.198015570243901928e-01,9.940627661968484574e+00
-1.053072234499126125e-01,1.516610074121624185e+00,6.997429089368331745e+00
-8.834679350801404041e-02,1.913213628004441835e+00,3.948946114288826692e+00
-6.922826489023806151e-02,1.911090972815119748e+00,7.789152990666993182e-01
-5.194333199974553866e-02,1.509118568397680216e+00,-2.524645977231400273e+00
-3.119096335081464333e-02,2.758715305195707401e+00,1.078446819932408829e+01
-4.328835371678308418e-04,3.459452885332344074e+00,6.667633321874342656e+00
3.483714951532467657e-02,3.609967458385857864e+00,2.350166215166129113e+00
6.911534360750010153e-02,3.209892265378836651e+00,-2.159980692594662521e+00
9.688858385475386525e-02,2.257551688322487315e+00,-6.877830445770745982e+00
1.176115168350993223e-01,1.850064396596746930e+00,-2.793467633951368434e+00
1.333623139960519455e-01,1.244550194493646789e+00,-4.599889462270704499e+00
1.421456946355584006e-01,4.375199861519336597e-01,-6.494801005213220790e+00
1.419212585421690265e-01,-5.768373006300897554e-01,-8.487935154532580739e+00
1.305693745401125538e-01,-1.809023603178734341e+00,-1.060581354661615094e+01
1.130578727770539249e-01,-1.682162530541345236e+00,1.929616847923333323e-01
9.631915127962549505e-02,-1.664648506848990461e+00,-6.277587324483723252e-01
7.925595315073996616e-02,-1.757356254520348049e+00,-1.489968277556976473e+00
6.076132751890204325e-02,-1.961372856890878591e+00,-2.393942620567969470e+00
3.971472266537735135e-02,-2.278384707874123727e+00,-3.343145590956205115e+00
1.839259832066124367e-02,-1.956957484143140302e+00,1.803014311856426133e+00
3.425332267334697898e-04,-1.622658599527035728e+00,2.053266154957180234e+00
-1.429661311622803729e-02,-1.273240495505806535e+00,2.320250433965075576e+00
-2.536408336157228854e-02,-9.065808041490064362e-01,2.603249001358412862e+00
-3.267671123475931333e-02,-5.202939851566831253e-01,2.904547467598544763e+00
-3.782030520632032045e-02,-5.074360755471472029e-01,0.000000000000000000e+00
-4.284327224843186011e-02,-4.963264244519445811e-01,0.000000000000000000e+00
-4.776264329871949404e-02,-4.868661877800133930e-01,0.000000000000000000e+00
-5.259449738900457555e-02,-4.789645360309277566e-01,0.000000000000000000e+00
-5.735403929029341680e-02,-4.725381061041820652e-01,0.000000000000000000e+00
-6.205567185751151987e-02,-4.675104929521429753e-01,0.000000000000000000e+00
-6.671306345982927488e-02,-4.638117783118502757e-01,0.000000000000000000e+00
-7.133921085557612396e-02,-4.613780939268969927e-01,0.000000000000000000e+00
-7.594649784561473271e-02,-4.601512168382468904e-01,0.000000000000000000e+00
-8.054675001555602898e-02,-4.600781944817255442e-01,0.000000000000000000e+00
-8.515128585525726101e-02,-4.611109974798949240e-01,0.000000000000000000e+00
-8.977096452356350675e-02,-4.632061981571327092e-01,0.000000000000000000e+00
-9.441623050714431642e-02,-4.663246729391026246e-01,0.000000000000000000e+00
-9.909715540445354631e-02,-4.704313269216594540e-01,0.000000000000000000e+00
-1.038234770492173220e-01,-4.754948390098390210e-01,0.000000000000000000e+00
-1.087910840493300779e-01,-5.226089143020221650e-01,-3.369820210135543448e-01
-1.142265140498571474e-01,-5.690113754245773592e-01,-3.369820210135543448e-01
-1.201232695376016762e-01,-6.148382633358736582e-01,-3.369820210135543448e-01
-1.264761790928292384e-01,-6.602180986895692660e-01,-3.369820210135543448e-01
-1.332813247103080967e-01,-7.052724344168089798e-01,-3.369820210135543448e-01
-1.348696725335809810e-01,4.996465670622279309e-01,9.940627661968484574e+00
-1.262524337041550926e-01,1.298686783456039606e+00,6.997429089368331745e+00
-1.114594253266007334e-01,1.697806750907838946e+00,3.948946114288826692e+00
-9.448170619785505042e-02,1.698515367209416649e+00,7.789152990666993182e-01
-7.930838514914745341e-02,1.299551039098831851e+00,-2.524645977231400273e+00
-6.065347005587452128e-02,2.548763781291787822e+00,1.078446819932408829e+01
-3.199295832034850656e-02,3.249960957128548156e+00,6.667633321874342656e+00
1.185686894120720203e-03,3.401220227146753761e+00,2.350166215166129113e+00
3.337671097816966026e-02,3.001059973862994390e+00,-2.159980692594662521e+00
5.905263290314267249e-02,2.046468100826514203e+00,-6.877830445770745982e+00
7.765716770446572104e-02,1.637161280738040015e+00,-2.793467633951368434e+00
9.126389523364702994e-02,1.028150986951628099e+00,-4.599889462270704499e+00
9.785949444600731961e-02,2.156906222602432699e-01,-6.494801005213220790e+00
9.538386789507920238e-02,-8.060659496222222220e-01,-8.487935154532580739e+00
8.169889043036805687e-02,-2.047285431919275478e+00,-1.060581354661615094e+01
6.179578664905756302e-02,-1.922518969999214233e+00,1.929616847923333323e-01
4.264017918294800424e-02,-1.908042976735118357e+00,-6.277587324483723252e-01
2.312615283944596811e-02,-2.004557213074715349e+00,-1.489968277556976473e+00
2.140028033049051759e-03,-2.212929583519299914e+00,-2.393942620567969470e+00
-2.144294939624503959e-02,-2.534547409105287752e+00,-3.343145590956205115e+00
-4.102361168922465107e-02,-1.264247765787184008e+00,9.575908319037525374e+00
-4.815752493832969189e-02,-4.984171323457090019e-02,9.575908319037525374e+00
-4.337776599999729199e-02,1.114406926344825521e+00,9.575908319037525374e+00
-2.716102058721469453e-02,2.233929809113684772e+00,9.575908319037525374e+00
6.731338770237134395e-05,3.313411457843149499e+00,9.575908319037525374e+00
3.005091892096425216e-02,2.620014953888954334e+00,-4.576048897616466604e+00
5.326141581425770932e-02,1.961844900907308009e+00,-4.576048897616466604e+00
7.003821080823635636e-02,1.336033625365837141e+00,-4.576048897616466604e+00
8.069190189841173033e-02,7.396991615989948476e-01,-4.576048897616466604e+00
8.550447733255511773e-02,1.700178854372122739e-01,-4.576048897616466604e+00
8.726674621060444281e-02,1.837889754022682953e-01,0.000000000000000000e+00
8.916612658531405944e-02,1.974339672677220547e-01,0.000000000000000000e+00
9.120152909970270783e-02,2.109906573438973809e-01,0.000000000000000000e+00
9.337223419268865510e-02,2.244950569523773420e-01,0.000000000000000000e+00
9.567787496832787231e-02,2.379815502179860320e-01,0.000000000000000000e+00
9.811842159469286173e-02,2.514830412774832769e-01,0.000000000000000000e+00
1.006941671300442820e-01,2.650310916686813845e-01,0.000000000000000000e+00
9.853461804953263237e-02,-7.958130848300889459e-01,-8.800073972314812920e+00
8.595555756815437265e-02,-1.815648925336708075e+00,-8.800073972314812920e+00
6.334407937159627910e-02,-2.799449759666842397e+00,-8.800073972314812920e+00
3.104124287001255172e-02,-3.751320239632081055e+00,-8.800073972314812920e+00
-1.064814059058466142e-02,-4.674257588627699356e+00,-8.800073972314812920e+00
-5.138583404851194969e-02,-3.352083372778540848e+00,9.283256309199357403e+00
-7.900864688754601073e-02,-2.053027147187351353e+00,9.619343716321090199e+00
-9.372384754780464788e-02,-7.715885586124309192e-01,9.968230600402991470e+00
-9.567526778059221026e-02,4.995007901224479685e-01,1.033812301895968844e+01
-8.494047241091635947e-02,1.765995418387518168e+00,1.071488927702608507e+01
-6.277560850749153154e-02,2.760777655363297445e+00,8.871123884837711415e+00
-3.309436069531770941e-02,3.219521519498278028e+00,4.762960760830647899e+00
-1.269988823451979887e-03,3.139167018380094376e+00,4.547363441622048197e-01
2.729407219604589735e-02,2.516903749834230375e+00,-4.050118305869761848e+00
4.715976216999515774e-02,1.348397147253985962e+00,-8.764972459420283357e+00
6.093151248917771240e-02,1.412460561426228223e+00,8.683798017837106586e-01
7.474960007516062710e-02,1.345484527196393998e+00,-2.072968824453424452e-01
8.730428179885892093e-02,1.147561761467588592e+00,-1.326936911072116310e+00
9.728357132354381598e-02,8.180742864959948957e-01,-2.494026723813703939e+00
1.033646911229662430e-01,3.553694740997491164e-01,-3.714103681279747438e+00
1.020963877865248282e-01,-7.080944334811605234e-01,-8.800073972314812920e+00
9.038417902651338376e-02,-1.730163282561737015e+00,-8.800073972314812920e+00
6.861864991923534440e-02,-2.715897945305081773e+00,-8.800073972314812920e+00
3.714338014562099805e-02,-3.669511517928576438e+00,-8.800073972314812920e+00
-3.735470772596843556e-03,-4.594128873303959359e+00,-8.800073972314812920e+00
-4.367826052501321693e-02,-3.273259853133342556e+00,9.283256309199357403e+00
-7.051646652587204023e-02,-1.974909873700617657e+00,9.619343716321090199e+00
-8.445168547521159086e-02,-6.936552834449279947e-01,9.968230600402991470e+00
-8.562300375830256272e-02,5.776598302640110205e-01,1.033812301895968844e+01
-7.410455590188710917e-02,1.844634383508860331e+00,1.071488927702608507e+01
-6.111913015830794382e-02,6.407304960463818810e-01,-9.087263668763416291e+00
-5.758749600559104342e-02,6.693120667246379996e-03,-4.847433048813915235e+00
-5.780735354105619173e-02,-5.656191018068786741e-02,-4.011344784516389650e-01
-5.606603162106643667e-02,4.522721526497739952e-01,4.248253466646917609e+00
-4.662354842064121013e-02,1.537741904951031691e+00,9.114470045798936937e+00
-3.662872032769704661e-02,3.510779424776114266e-01,-9.087263668763416291e+00
-3.591712556736618295e-02,-2.661966024094269967e-01,-4.847433048813915235e+00
-3.879268383244415669e-02,-3.134273314355144335e-01,-4.011344784516389650e-01
-3.955031553698917096e-02,2.106541446730727796e-01,4.248253466646917609e+00
-3.245817999865416303e-02,1.310490605301856126e+00,9.114470045798936937e+00
-2.468144087490205599e-02,1.357717770644690236e-01,-9.087263668763416291e+00
-2.607151424494430492e-02,-4.702557675179652175e-01,-4.847433048813915235e+00
-3.093975168048724092e-02,-5.070091115444651519e-01,-4.011344784516389650e-01
-3.358868886500779305e-02,2.679893360677403080e-02,4.248253466646917609e+00
-2.829405507061473479e-02,1.135589121853427530e+00,9.114470045798936937e+00
-1.736372072992238558e-02,1.042227456690731024e+00,-3.369820210135543448e-01
-7.338084691295665603e-03,9.552037996160898103e-01,-3.369820210135543448e-01
1.844113661785950131e-03,8.740532113629743138e-01,-3.369820210135543448e-01
1.023963105945681178e-02,7.983426970909240916e-01,-3.369820210135543448e-01
1.790103035021229153e-02,7.276691269935882111e-01,-3.369820210135543448e-01
2.506441610440281187e-02,7.030018185426990529e-01,0.000000000000000000e+00
3.199344067288453775e-02,6.810391254302275987e-01,0.000000000000000000e+00
3.871439962566400328e-02,6.616166868774904231e-01,0.000000000000000000e+00
4.525200337829270170e-02,6.445829634786744977e-01,0.000000000000000000e+00
5.162950136906201137e-02,6.297983520456329476e-01,0.000000000000000000e+00
5.786879766958608062e-02,6.171343630104733080e-01,0.000000000000000000e+00
6.399055863591199267e-02,6.064728563236326808e-01,0.000000000000000000e+00
7.001431316754895551e-02,5.977053319810460286e-01,0.000000000000000000e+00
7.595854610404585705e-02,5.907322715148831671e-01,0.000000000000000000e+00
8.184078525299950946e-02,5.854625269837903101e-01,0.000000000000000000e+00
8.767768250963207943e-02,5.818127541974065231e-01,0.000000000000000000e+00
9.348508949630254805e-02,5.797068871037607263e-01,0.000000000000000000e+00
9.927812812045019863e-02,5.790756504552948547e-01,0.000000000000000000e+00
1.050712564214394129e-01,5.798561080485312713e-01,0.000000000000000000e+00
1.060098724430414141e-01,-4.918316760676748611e-01,-8.800073972314812920e+00
9.642729045176870462e-02,-1.521050572867542305e+00,-8.800073972314812920e+00
7.672412908926817821e-02,-2.513028448086453537e+00,-8.800073972314812920e+00
4.725208713444289943e-02,-3.472198487638753051e+00,-8.800073972314812920e+00
8.323025125067700508e-03,-4.401953031308384112e+00,-8.800073972314812920e+00
-3.161757934399204995e-02,-3.504268815065544551e+00,5.871200675311132322e+00
-6.279136339715790660e-02,-2.652647632237408182e+00,5.871200675311132322e+00
-8.564348895392878691e-02,-1.843591830760372918e+00,5.871200675311132322e+00
-1.005829538206606255e-01,-1.073375475584933181e+00,5.871200675311132322e+00
-1.079811214889851989e-01,-3.382173268091479557e-01,5.871200675311132322e+00
-1.059209306025754582e-01,8.621110446099530256e-01,9.940627661968484574e+00
-9.370014322559458431e-02,1.656678382987161413e+00,6.997429089368331745e+00
-7.534950328791582830e-02,2.051027342217200289e+00,3.948946114288826692e+00
-5.486342066351453106e-02,2.046629585627269599e+00,7.789152990666993182e-01
-3.623337942067848816e-02,1.642462725334157936e+00,-2.524645977231400273e+00
-2.520116844934815886e-02,4.536956558311232568e-01,-9.087263668763416291e+00
-2.347062277679280023e-02,-1.651283547848635958e-01,-4.847433048813915235e+00
-2.534046696350983341e-02,-2.134104645396815159e-01,-4.011344784516389650e-01
-2.510047083081556885e-02,3.101590331934669376e-01,4.248253466646917609e+00
-1.701338093889647254e-02,1.410003475408025952e+00,9.114470045798936937e+00
-8.244557187974206960e-03,2.346826775606954962e-01,-9.087263668763416291e+00
-8.646387107086936710e-03,-3.714945497851921408e-01,-4.847433048813915235e+00
-1.252611485000348392e-02,-4.080067768721848398e-01,-4.011344784516389650e-01
-1.418202358484501983e-02,1.265148862568895582e-01,4.248253466646917609e+00
-7.884967077863336976e-03,1.236493497966671296e+00,9.114470045798936937e+00
-8.100368688211792611e-04,7.020187148563511448e-02,-9.087263668763416291e+00
-2.818627608045003435e-03,-5.276564170418104327e-01,-4.847433048813915235e+00
-8.225122654970986810e-03,-5.565512023457039881e-01,-4.011344784516389650e-01
-1.133456661199413844e-02,-1.505830504545509901e-02,4.248253466646917609e+00
-6.424142543526824116e-03,1.101270220643795650e+00,9.114470045798936937e+00
4.193053627350593754e-03,1.014523628448315895e+00,-3.369820210135543448e-01
1.397019884928530145e-02,9.337860871396135298e-01,-3.369820210135543448e-01
2.296538769744167416e-02,8.586198153305582004e-01,-3.369820210135543448e-01
3.123247533930290781e-02,7.886174114639968868e-01,-3.369820210135543448e-01
3.882137222415143335e-02,7.233998486748132173e-01,-3.369820210135543448e-01
4.596564645189659543e-02,7.039318341551374925e-01,0.000000000000000000e+00
5.292657707472017692e-02,6.869555772578377351e-01,0.000000000000000000e+00
5.972842457486256945e-02,6.723272445224466320e-01,0.000000000000000000e+00
6.639406360456202860e-02,6.599145198231217702e-01,0.000000000000000000e+00
7.294509455323269775e-02,6.495958136980009012e-01,0.000000000000000000e+00
7.940194746498711875e-02,6.412595290898761569e-01,0.000000000000000000e+00
8.578397885344868357e-02,6.348033797201295680e-01,0.000000000000000000e+00
9.210956192392825981e-02,6.301337575199565944e-01,0.000000000000000000e+00
9.839617067818449969e-02,6.271651457434843646e-01,0.000000000000000000e+00
