-2.294955523237535822e+00,4.376482711879096099e-01,0.000000000000000000e+00
-2.293164497271560354e+00,-1.324323193929264342e-01,4.581879959954200388e+00
-2.296968237520915945e+00,-6.794004734497338660e-01,4.581879959954200388e+00
-2.306146451639809136e+00,-1.205628369870176853e+00,4.581879959954200388e+00
-2.320501664158582944e+00,-1.713281235574078964e+00,4.581879959954200388e+00
-2.339857011032769218e+00,-2.204288086255772772e+00,4.581879959954200388e+00
-2.364105984074018618e+00,-2.691887596994936072e+00,4.716000784668390011e+00
-2.393168042202388435e+00,-3.165748062070014690e+00,4.716000784668390011e+00
-2.426911246241102216e+00,-3.627020523314869127e+00,4.716000784668390011e+00
-2.465213658322876089e+00,-4.076517160939182816e+00,4.716000784668390011e+00
-2.507959869587478074e+00,-4.514693009983401950e+00,4.716000784668390011e+00
-2.556252860354518486e+00,-5.211402843958968134e+00,7.402997085301901592e+00
-2.611739832223202384e+00,-5.958519293186054888e+00,8.012841335973657664e+00
-2.674919561668685830e+00,-6.754693025065284573e+00,8.594171187145674295e+00
-2.746254015550901872e+00,-7.593303355163450341e+00,9.111742691916731474e+00
-2.826113732201822160e+00,-8.462026851606436750e+00,9.535245049045508736e+00
-2.914104452826284497e+00,-9.206290168796442686e+00,8.684759347455674572e+00
-3.008244140447907444e+00,-9.662749421205285572e+00,6.542882536404230009e+00
-3.105453246284705759e+00,-9.787501853578348232e+00,4.080790028534354796e+00
-3.202327897122764888e+00,-9.562531226054446165e+00,1.444959678183663776e+00
-3.295362864820785109e+00,-8.987411844352061863e+00,-1.305587195883718188e+00
-3.383098466008586325e+00,-8.512137291471262301e+00,-5.103212361593119084e-01
-3.465262207688857732e+00,-7.857392083036170760e+00,-2.038914090398597612e+00
-3.540144905310985468e+00,-7.042343742662623640e+00,-3.564412440246510272e+00
-3.606235948762412491e+00,-6.087404891448992217e+00,-5.082805635887588380e+00
-3.662227616100319771e+00,-5.012442567789127779e+00,-6.587957897660915663e+00
-3.706573611976522020e+00,-3.741113755099267024e+00,-8.966065095138532115e+00
-3.738813628498516728e+00,-2.602887551054594795e+00,-8.319116196093188975e+00
-3.760158425679966498e+00,-1.571309855110595954e+00,-7.822633047888337465e+00
-3.771663562934411740e+00,-6.440335008924901183e-01,-7.258844979527707686e+00
-3.774310914442362996e+00,1.922814846034698322e-01,-6.747590521885387993e+00
-3.771461289262239447e+00,3.966018752892558896e-01,-7.090828356072220728e-01
-3.766608547058702072e+00,5.920278153671116872e-01,-7.090828356072220728e-01
-3.759841288859890440e+00,7.786363248368418644e-01,-7.090828356072220728e-01
-3.751247331685309216e+00,9.565071036952988992e-01,-7.090828356072220728e-01
-3.740913690602501340e+00,1.125720650233375641e+00,-7.090828356072220728e-01
-3.724803311569441000e+00,2.197350689186759354e+00,-9.664710265062694816e+00
-3.698136213852039056e+00,3.234582458120185855e+00,-9.664710265062694816e+00
-3.661232034927112355e+00,4.242586469245868130e+00,-9.664710265062694816e+00
-3.614364972535731191e+00,5.225091918256208778e+00,-9.664710265062694816e+00
-3.557779379436379674e+00,6.184126753714394908e+00,-9.664710265062694816e+00
-3.491484091681272162e+00,7.169382578859075039e+00,-1.010134089917174016e+01
-3.415399898034940485e+00,8.139861076938931461e+00,-1.019887620320784727e+01
-3.329956585909457978e+00,9.032601019796551611e+00,-9.806596462126988101e+00
-3.236003317404772428e+00,9.831306260651235363e+00,-9.338636523862732020e+00
-3.134648230906231348e+00,1.049864498841366256e+01,-8.634704361036993348e+00
-3.029124176564460313e+00,1.061190869343510634e+01,-4.538751796557023432e+00
-2.922626804067347095e+00,1.068888187338050066e+01,-4.538751796557023432e+00
-2.815539988832982399e+00,1.072501163531651436e+01,-4.538751796557023432e+00
-2.708290282750819511e+00,1.071640707400582571e+01,-4.538751796557023432e+00
-2.601339628661623049e+00,1.065998361941924699e+01,-4.538751796557023432e+00
-2.493581600706059387e+00,1.090058758105563186e+01,-7.944077762906216478e+00
-2.383837276746741729e+00,1.104693706362816741e+01,-7.944077762906216478e+00
-2.273070824193875961e+00,1.109454914594153152e+01,-7.944077762906216478e+00
-2.162282817963848469e+00,1.104087413162033826e+01,-7.944077762906216478e+00
-2.052489577094142259e+00,1.088556644428672904e+01,-7.944077762906216478e+00
-1.944732468514714263e+00,1.049725115349764692e+01,-9.647871169985663187e+00
-1.842824441623487797e+00,9.803919190286823238e+00,-9.647871169985663187e+00
-1.748134309122963304e+00,9.049731275212616666e+00,-9.647871169985663187e+00
-1.661210925742307776e+00,8.248083979737387494e+00,-9.647871169985663187e+00
-1.582467003675333661e+00,7.412734499640280639e+00,-9.647871169985663187e+00
-1.512119100220034706e+00,6.592162684579187193e+00,4.087947565537639605e+00
-1.449519694485440491e+00,5.871096904884280043e+00,4.087947565537639605e+00
-1.393723808492372651e+00,5.238592324622441510e+00,4.087947565537639605e+00
-1.343891364676288447e+00,4.684715111214229566e+00,4.087947565537639605e+00
-1.299277128250672542e+00,4.200523694158772692e+00,4.087947565537639605e+00
-1.258391773388034540e+00,3.964388742627024786e+00,9.490098633253204241e+00
-1.219855614605253935e+00,3.728997667458253673e+00,7.840619633084951801e+00
-1.183958273174099851e+00,3.428634960564235001e+00,5.066271190323431206e+00
-1.151612762553984703e+00,3.005416052839882557e+00,1.469237101733696260e+00
-1.124337135147692068e+00,2.396075384688454601e+00,-3.049012825297359175e+00
-1.100560837591340935e+00,2.359514893171694272e+00,6.912414130066269813e+00
-1.077027448856998193e+00,2.349782364020399861e+00,6.980944977792788109e+00
-1.053500679636650839e+00,2.359871824283323871e+00,6.963795339580225452e+00
-1.029886922684580597e+00,2.366739667229657673e+00,6.595517562959748226e+00
-1.006258039040000440e+00,2.361649020451505265e+00,6.114302824816287618e+00
-9.817458104184784151e-01,2.562451371434942615e+00,8.976980088822617887e+00
-9.552439690205157818e-01,2.759460788045350110e+00,8.773379027484057957e+00
-9.269994224548395723e-01,2.906528134637314853e+00,7.905296966648767132e+00
-8.976102033105195499e-01,2.981770157190431814e+00,6.735305235827602210e+00
-8.679348684197352171e-01,2.954133663158930112e+00,5.163803140465221375e+00
-8.375216624101939900e-01,3.149840942271913580e+00,7.723195009328765792e+00
-8.051029956945299215e-01,3.356375597495627972e+00,7.722452758726211286e+00
-7.707527553855922919e-01,3.533575047341986686e+00,7.244091787219670842e+00
-7.348138845066810587e-01,3.670432298148467165e+00,6.635295749771751517e+00
-6.977121152511540636e-01,3.761957318246897941e+00,5.970232977535373742e+00
-6.587316354276979702e-01,4.065611421535478165e+00,8.055135777383991780e+00
-6.163059336359831830e-01,4.459510435770995151e+00,8.914488005734572340e+00
-5.696258120965740357e-01,4.923206407149477215e+00,9.570203350070450199e+00
-5.180529321164405454e-01,5.443577158198340982e+00,1.009306818608538237e+01
-4.606882335457840871e-01,6.158974844561438289e+00,1.055732095515616109e+01
-3.996543959482481423e-01,6.040080974245466194e+00,2.100023449215167481e+00
-3.397364974940671467e-01,5.937084873593769352e+00,2.026014420675403382e+00
-2.807747683579515652e-01,5.850182952371185685e+00,1.969903594090064658e+00
-2.226225276649659301e-01,5.776236687030461781e+00,1.901843930691496709e+00
-1.651682153158982314e-01,5.711282401179727408e+00,1.813756605064245520e+00
-1.140095241408674298e-01,4.399051732356268118e+00,-8.603420559097914477e+00
-7.570721963622471795e-02,3.145604635893123113e+00,-8.603420559097914477e+00
-4.968333357054061095e-02,1.948483639957604874e+00,-8.603420559097914477e+00
-3.539003417572465088e-02,8.041111663719118230e-01,-8.603420559097914477e+00
-3.231814505927525089e-02,-2.916346033765220280e-01,-8.603420559097914477e+00
-3.521649297501913689e-02,-2.877948716464748813e-01,0.000000000000000000e+00
-3.808030311857166228e-02,-2.848047280795630853e-01,0.000000000000000000e+00
-4.091787832972927641e-02,-2.826219712680603235e-01,0.000000000000000000e+00
-4.373711616948060960e-02,-2.812080722310378311e-01,0.000000000000000000e+00
-4.654554452967574196e-02,-2.805279301852410812e-01,0.000000000000000000e+00
-4.935035488338507942e-02,-2.805496465111248505e-01,0.000000000000000000e+00
-5.215843335202164505e-02,-2.812443156252011356e-01,0.000000000000000000e+00
-5.497638975282709284e-02,-2.825858315607417404e-01,0.000000000000000000e+00
-5.781058477872750428e-02,-2.845507091435394709e-01,0.000000000000000000e+00
-6.066715545179176411e-02,-2.871179187282298928e-01,0.000000000000000000e+00
-6.355203898151440267e-02,-2.902687335339516617e-01,0.000000000000000000e+00
-6.647099514984293467e-02,-2.939865886862192967e-01,0.000000000000000000e+00
-6.942962733622716487e-02,-2.982569511351094715e-01,0.000000000000000000e+00
-7.243340228793654356e-02,-3.030671996785358480e-01,0.000000000000000000e+00
-7.548766873342725725e-02,-3.084065143737809711e-01,0.000000000000000000e+00
-7.859767492960302582e-02,-3.142657746708527600e-01,0.000000000000000000e+00
-8.176858522736156487e-02,-3.206374656478814811e-01,0.000000000000000000e+00
-8.500549573381827040e-02,-3.275155917719139720e-01,0.000000000000000000e+00
-8.831344914401347002e-02,-3.348955976483107833e-01,0.000000000000000000e+00
-9.169744880971072987e-02,-3.427742952587209957e-01,0.000000000000000000e+00
-9.516247210804698597e-02,-3.511497972214820962e-01,0.000000000000000000e+00
-9.871348316827670277e-02,-3.600214556394430443e-01,0.000000000000000000e+00
-1.023554450106331781e-01,-3.693898061288085066e-01,0.000000000000000000e+00
-1.062798132136602847e-01,-4.203864551213535306e-01,-3.369820210135543448e-01
-1.107090139649572758e-01,-4.702727160247690552e-01,-3.369820210135543448e-01
-1.156326776571704879e-01,-5.192099798587903603e-01,-3.369820210135543448e-01
-1.210420059144742128e-01,-5.673502843721394129e-01,-3.369820210135543448e-01
-1.269296811949957859e-01,-6.148370009076189469e-01,-3.369820210135543448e-01
-1.276185432370508244e-01,5.890773969794651510e-01,9.940627661968484574e+00
-1.181117199019867114e-01,1.387123223673066397e+00,6.997429089368331745e+00
-1.024395040272826213e-01,1.785143258449932047e+00,3.948946114288826692e+00
-8.459416946785601465e-02,1.784621824370048238e+00,7.789152990666993182e-01
-6.856596562418411367e-02,1.384338139642379284e+00,-2.524645977231400273e+00
-4.906238818822876435e-02,2.633727183598872923e+00,1.078446819932408829e+01
-1.955304509539861763e-02,3.334739057090267522e+00,6.667633321874342656e+00
1.447174697387570985e-02,3.485653408318261537e+00,2.350166215166129113e+00
4.750645155983346940e-02,3.085409742161505875e+00,-2.159980692594662521e+00
7.402851111910541126e-02,2.131504193892509669e+00,-6.877830445770745982e+00
9.348587182895855274e-02,1.722800794415587644e+00,-2.793467633951368434e+00
1.079542382910637088e-01,1.115016845833320502e+00,-4.599889462270704499e+00
1.154269774441695623e-01,3.044972940702070918e-01,-6.494801005213220790e+00
1.138512209010180826e-01,-7.146030638130694834e-01,-8.487935154532580739e+00
1.010954485004879888e-01,-1.952600786276373235e+00,-1.060581354661615094e+01
8.214279807042601522e-02,-1.826993822562383851e+00,1.929616847923333323e-01
6.394762342770977936e-02,-1.811335951468289851e+00,-6.277587324483723252e-01
4.540708387919421135e-02,-1.906403414975984312e+00,-1.489968277556976473e+00
2.540973351225515875e-02,-2.113159184136266688e+00,-2.393942620567969470e+00
2.831962508578300935e-03,-2.433118680815673063e+00,-3.343145590956205115e+00
-1.743782528825046224e-02,-1.538387164794464468e+00,6.496245403587472822e+00
-2.928328298863035542e-02,-7.586301125515956256e-01,5.890743919244357585e+00
-3.382872847349788908e-02,-8.825376763734985031e-02,5.276662896507464673e+00
-3.214847910596217023e-02,4.769958741197055652e-01,4.646344885755302911e+00
-2.527602068621366202e-02,9.409832558739100739e-01,4.000414459479866736e+00
-1.606551012422880592e-02,8.974382056677145947e-01,0.000000000000000000e+00
-7.272459582755771805e-03,8.578420014339851463e-01,0.000000000000000000e+00
1.141444617648442730e-03,8.219372443321739663e-01,0.000000000000000000e+00
9.212030104927038804e-03,7.894858253890154609e-01,0.000000000000000000e+00
1.697282530767363351e-02,7.602675984731888104e-01,0.000000000000000000e+00
2.445523343900677521e-02,7.340791417435396093e-01,0.000000000000000000e+00
3.168869447582282894e-02,7.107326028768586879e-01,0.000000000000000000e+00
3.870083595003818988e-02,6.900546233732223200e-01,0.000000000000000000e+00
4.551761332164257906e-02,6.718853372991446804e-01,0.000000000000000000e+00
5.216344065746244402e-02,6.560774399421948067e-01,0.000000000000000000e+00
5.866131229491872157e-02,6.424953220003222221e-01,0.000000000000000000e+00
6.503291612706299518e-02,6.310142651032873973e-01,0.000000000000000000e+00
7.129873910399402159e-02,6.215196946533010358e-01,0.000000000000000000e+00
7.747816550651560885e-02,6.139064861703090736e-01,0.000000000000000000e+00
8.358956851065767191e-02,6.080783215290693766e-01,0.000000000000000000e+00
8.965039552646072996e-02,6.039470916762621489e-01,0.000000000000000000e+00
9.567724776119930497e-02,6.014323426134369210e-01,0.000000000000000000e+00
1.016859544259467035e-01,6.004607616234687306e-01,0.000000000000000000e+00
1.028214839604470049e-01,-4.732292413123740937e-01,-8.800073972314812920e+00
9.341649679779157056e-02,-1.504290156579407123e+00,-8.800073972314812920e+00
7.387329834457372069e-02,-2.497932231136197334e+00,-8.800073972314812920e+00
4.454542341808887668e-02,-3.458576655403803546e+00,-8.800073972314812920e+00
5.746669583862936553e-03,-4.389607735082588391e+00,-8.800073972314812920e+00
-3.407557959546348575e-02,-3.493055791966992008e+00,5.871200675311132322e+00
-6.514228911671922362e-02,-2.642554073831355765e+00,5.871200675311132322e+00
-8.789841448192028950e-02,-1.834588394352643759e+00,5.871200675311132322e+00
-1.027526016740235859e-01,-1.065420526850108685e+00,5.871200675311132322e+00
-1.100757549487792475e-01,-3.312602206262804660e-01,5.871200675311132322e+00
-1.079507868517319419e-01,8.680161323781007132e-01,9.940627661968484574e+00
-9.567504419209026112e-02,1.661687275124553054e+00,6.997429089368331745e+00
-7.727776223899533725e-02,2.055281578680775656e+00,3.948946114288826692e+00
-5.675207003194369243e-02,2.050239446733725046e+00,7.789152990666993182e-01
-3.808851263322072384e-02,1.645502380007649812e+00,-2.524645977231400273e+00
-2.702817050196636151e-02,4.562323335527475043e-01,-9.087263668763416291e+00
-2.527458905443876608e-02,-1.631051812681941771e-01,-4.847433048813915235e+00
-2.712652739029421806e-02,-2.118993875122553161e-01,-4.011344784516389650e-01
-2.687375510125837585e-02,3.111558616364799579e-01,4.248253466646917609e+00
-1.877903318198465010e-02,1.410488231176246776e+00,9.114470045798936937e+00
-1.000724454489501647e-02,2.347489500147590946e-01,-9.087263668763416291e+00
-1.041030414025816316e-02,-3.718456402068532340e-01,-4.847433048813915235e+00
-1.429539792879246443e-02,-4.087671536646089732e-01,-4.011344784516389650e-01
-1.596076044302259869e-02,1.253457649974785149e-01,4.248253466646917609e+00
-9.677249553988666320e-03,1.234916910484210373e+00,9.114470045798936937e+00
2.248473921627184256e-03,1.142066998584759352e+00,-3.369820210135543448e-01
1.327564965390576682e-02,1.055783110191938823e+00,-3.369820210135543448e-01
2.346778174750024579e-02,9.755923209057417722e-01,-3.369820210135543448e-01
3.288379450247500002e-02,9.010545164684427011e-01,-3.369820210135543448e-01
