2.661245461211261820e-01,3.429731535261859587e-02,0.000000000000000000e+00
2.620239294792154894e-01,-9.460121098471224732e-01,-8.800073972314812920e+00
2.482864351395036029e-01,-1.890567443713740525e+00,-8.800073972314812920e+00
2.252416556444817586e-01,-2.805432136234001561e+00,-8.800073972314812920e+00
1.931624327000360519e-01,-3.695772723387225511e+00,-8.800073972314812920e+00
1.522746397344588998e-01,-4.565679997434549442e+00,-8.800073972314812920e+00
1.108509337106035192e-01,-3.633248529061079424e+00,5.871200675311132322e+00
7.855190233861659987e-02,-2.744770506297739221e+00,5.871200675311132322e+00
5.494887568713230364e-02,-1.897741308210765920e+00,5.871200675311132322e+00
3.964011080429816203e-02,-1.089279750670080649e+00,5.871200675311132322e+00
3.225360331819572546e-02,-3.163324096407333919e-01,5.871200675311132322e+00
2.918318644061195996e-02,-2.959807184496503485e-01,0.000000000000000000e+00
2.630922489154332439e-02,-2.771775542329989461e-01,0.000000000000000000e+00
2.361672993753863650e-02,-2.598140822627850732e-01,0.000000000000000000e+00
2.109176505867306831e-02,-2.437893900761047006e-01,0.000000000000000000e+00
1.872136930322955764e-02,-2.290099223750713120e-01,0.000000000000000000e+00
1.649348610997797282e-02,-2.153889561579707124e-01,0.000000000000000000e+00
1.439689720836896496e-02,-2.028461133079391965e-01,0.000000000000000000e+00
1.242116123390200541e-02,-1.913069080406449296e-01,0.000000000000000000e+00
1.055655672115193323e-02,-1.807023267800237920e-01,0.000000000000000000e+00
8.794029160523079286e-03,-1.709684381906160511e-01,0.000000000000000000e+00
7.125141826827462166e-03,-1.620460312462544128e-01,0.000000000000000000e+00
5.542030108336160228e-03,-1.538802793577115635e-01,0.000000000000000000e+00
4.037359084114564185e-03,-1.464204287165242480e-01,0.000000000000000000e+00
2.604284115303898053e-03,-1.396195091387465448e-01,0.000000000000000000e+00
1.236414232633446277e-03,-1.334340658111060618e-01,0.000000000000000000e+00
-7.222188208340631576e-05,-1.278239104532426784e-01,0.000000000000000000e+00
-1.327207508326851484e-03,-1.227518905137322258e-01,0.000000000000000000e+00
-2.533767267599460089e-03,-1.181836751147883474e-01,0.000000000000000000e+00
-3.696794434545879523e-03,-1.140875565512532996e-01,0.000000000000000000e+00
-4.820876328944902547e-03,-1.104342662340923875e-01,0.000000000000000000e+00
-5.910317928316976242e-03,-1.071968040474532841e-01,0.000000000000000000e+00
-6.969163830915559021e-03,-1.043502801617870179e-01,0.000000000000000000e+00
-8.001218689607455387e-03,-1.018717684138884111e-01,0.000000000000000000e+00
-9.010066228545771452e-03,-9.974017042832135360e-02,0.000000000000000000e+00
-9.999086946553678232e-03,-9.793608971385929507e-02,0.000000000000000000e+00
-1.097147460372421834e-02,-9.644171502358310499e-02,0.000000000000000000e+00
-1.193025158086113112e-02,-9.524071231841702012e-02,0.000000000000000000e+00
-1.287828319500014355e-02,-9.431812472140922721e-02,0.000000000000000000e+00
-1.381829104832467750e-02,-9.366027989422336109e-02,0.000000000000000000e+00
-1.475286548229168271e-02,-9.325470430833246449e-02,0.000000000000000000e+00
-1.568447720368202833e-02,-9.309004392151470908e-02,0.000000000000000000e+00
-1.661548814455730827e-02,-9.315599080564349044e-02,0.000000000000000000e+00
-1.754816161371473490e-02,-9.344321530463420289e-02,0.000000000000000000e+00
-1.848467179315973694e-02,-9.394330333193164073e-02,0.000000000000000000e+00
-1.942711262933877886e-02,-9.464869844526332954e-02,0.000000000000000000e+00
-2.037750616537248316e-02,-9.555264836269829198e-02,0.000000000000000000e+00
-2.133781035728066211e-02,-9.664915560848064136e-02,0.000000000000000000e+00
-2.230992641417925762e-02,-9.793293199978907182e-02,0.000000000000000000e+00
-2.329570569963663323e-02,-9.939935670662934653e-02,0.000000000000000000e+00
-2.429695622878788944e-02,-1.010444376366136654e-01,0.000000000000000000e+00
-2.531544879340616450e-02,-1.028647759145257384e-01,0.000000000000000000e+00
-2.635292274490583578e-02,-1.048575332434144997e-01,0.000000000000000000e+00
-2.741109146319109860e-02,-1.070204019495937381e-01,0.000000000000000000e+00
-2.849164753735345876e-02,-1.093515775284375630e-01,0.000000000000000000e+00
-2.959626768245205916e-02,-1.118497335213310129e-01,0.000000000000000000e+00
-3.072661741497131546e-02,-1.145139985666370624e-01,0.000000000000000000e+00
-3.188435550803185581e-02,-1.173439354791430689e-01,0.000000000000000000e+00
-3.307113824602459645e-02,-1.203395222232167550e-01,0.000000000000000000e+00
-3.428862349703554191e-02,-1.235011346548918060e-01,0.000000000000000000e+00
-3.553847462022352577e-02,-1.268295309173722019e-01,0.000000000000000000e+00
-3.682236422419706001e-02,-1.303258373830423478e-01,0.000000000000000000e+00
-3.814197779140381800e-02,-1.339915360430447011e-01,0.000000000000000000e+00
-3.949901718259059974e-02,-1.378284532528795958e-01,0.000000000000000000e+00
-4.089520403450760261e-02,-1.418387497493367733e-01,0.000000000000000000e+00
-4.233228306321237117e-02,-1.460249118604174390e-01,0.000000000000000000e+00
-4.381202528457303624e-02,-1.503897438357872929e-01,0.000000000000000000e+00
-4.533623116286991661e-02,-1.549363612307443350e-01,0.000000000000000000e+00
-4.690673369774792101e-02,-1.596681852817200820e-01,0.000000000000000000e+00
-4.852540145917334791e-02,-1.645889382159850811e-01,0.000000000000000000e+00
-5.019414157949501909e-02,-1.697026394425226181e-01,0.000000000000000000e+00
-5.191490271119763439e-02,-1.750136025749945978e-01,0.000000000000000000e+00
-5.368967795846064234e-02,-1.805264332413632766e-01,0.000000000000000000e+00
-5.552050779019738341e-02,-1.862460276380788760e-01,0.000000000000000000e+00
-5.740948294184199802e-02,-1.921775717898042690e-01,0.000000000000000000e+00
-5.935874731277429595e-02,-1.983265414784445568e-01,0.000000000000000000e+00
-6.137050086592196751e-02,-2.046987028077917881e-01,0.000000000000000000e+00
-6.344700253575326354e-02,-2.113001133723932390e-01,0.000000000000000000e+00
-6.559057315056882054e-02,-2.181371240013194324e-01,0.000000000000000000e+00
-6.780359837471648665e-02,-2.252163810493490181e-01,0.000000000000000000e+00
-7.008853167608576629e-02,-2.325448292097118119e-01,0.000000000000000000e+00
-7.244789732398626558e-02,-2.401297148239420198e-01,0.000000000000000000e+00
-7.488429342227589935e-02,-2.479785896655957167e-01,0.000000000000000000e+00
-7.740039498237642757e-02,-2.560993151755814878e-01,0.000000000000000000e+00
-7.999895704059553636e-02,-2.645000671276420134e-01,0.000000000000000000e+00
-8.268281782396225132e-02,-2.731893407031061316e-01,0.000000000000000000e+00
-8.545490196857648268e-02,-2.821759559544043117e-01,0.000000000000000000e+00
-8.831822379426802760e-02,-2.914690636369975940e-01,0.000000000000000000e+00
-9.127589063915807210e-02,-3.010781513893135419e-01,0.000000000000000000e+00
-9.433110625750999734e-02,-3.110130502399948704e-01,0.000000000000000000e+00
-9.748717428404800323e-02,-3.212839414212459999e-01,0.000000000000000000e+00
-1.007475017677063045e-01,-3.319013634662972834e-01,0.000000000000000000e+00
-1.043021176250737841e-01,-3.840137335300927157e-01,-3.369820210135543448e-01
-1.083721279378353775e-01,-4.348849435663620921e-01,-3.369820210135543448e-01
-1.129458917594531320e-01,-4.846843584305506880e-01,-3.369820210135543448e-01
-1.180134164606316122e-01,-5.335714082879544629e-01,-3.369820210135543448e-01
-1.235662617117405659e-01,-5.816963181780574477e-01,-3.369820210135543448e-01
-1.239237238231648691e-01,6.222415375753848066e-01,9.940627661968484574e+00
-1.140854972314256366e-01,1.420250504596544561e+00,6.997429089368331745e+00
-9.808268191157923366e-02,1.818134437812897408e+00,3.948946114288826692e+00
-7.990854525470261760e-02,1.817382342961427755e+00,7.789152990666993182e-01
-6.355414183254799732e-02,1.416806614485812021e+00,-2.524645977231400273e+00
-4.372446640289819747e-02,2.666502625348945443e+00,1.078446819932408829e+01
-1.388675292490675062e-02,3.367642465533761786e+00,6.667633321874342656e+00
2.046730281198394508e-02,3.518611565208561220e+00,2.350166215166129113e+00
5.383230382558407828e-02,3.118550614902078966e+00,-2.159980692594662521e+00
8.068804603063932379e-02,2.165191713002444729e+00,-6.877830445770745982e+00
1.004842387017102767e-01,1.756944819944864289e+00,-2.793467633951368434e+00
1.152972411981903894e-01,1.149895330627837886e+00,-4.599889462270704499e+00
1.231234176396319852e-01,3.404320387668737791e-01,-6.494801005213220790e+00
1.219131741883366787e-01,-6.772853309110400399e-01,-8.487935154532580739e+00
1.095380455655546870e-01,-1.913632405928662017e+00,-1.060581354661615094e+01
9.097703364933479309e-02,-1.787575717671037845e+00,1.929616847923333323e-01
7.317870048150162954e-02,-1.771314776580192207e+00,-6.277587324483723252e-01
5.504160550694784521e-02,-1.865655867102125720e+00,-1.489968277556976473e+00
3.545537227928452495e-02,-2.071599451033728556e+00,-2.393942620567969470e+00
1.329702879244630889e-02,-2.390712001738949599e+00,-3.343145590956205115e+00
-6.545097511748611090e-03,-1.495136242654205638e+00,6.496245403587472822e+00
-1.795349763122198322e-02,-7.143378276880397726e-01,5.890743919244357585e+00
-2.205090486974390848e-02,-4.280560845567063510e-02,5.276662896507464673e+00
-1.991077514513483679e-02,5.236544332202245355e-01,4.646344885755302911e+00
-1.256623436127720164e-02,9.888683649399928610e-01,4.000414459479866736e+00
-2.871755814442121958e-03,9.464734333977939951e-01,0.000000000000000000e+00
6.417083215228036423e-03,9.080982455460701042e-01,0.000000000000000000e+00
1.533930414674757048e-02,8.734851622452191044e-01,0.000000000000000000e+00
2.393144078180377277e-02,8.423960183376995037e-01,0.000000000000000000e+00
3.222772795203751595e-02,8.146107855422705102e-01,0.000000000000000000e+00
4.026027720074693700e-02,7.899263245907717224e-01,0.000000000000000000e+00
4.805924037012073574e-02,7.681552218601119808e-01,0.000000000000000000e+00
5.565296191751945010e-02,7.491247057418418676e-01,0.000000000000000000e+00
6.306812073697186383e-02,7.326756380527927881e-01,0.000000000000000000e+00
7.032986221556114526e-02,7.186615759033149198e-01,0.000000000000000000e+00
7.746192120918965474e-02,7.069478995894150630e-01,0.000000000000000000e+00
8.448673657864395892e-02,6.974110022497210792e-01,0.000000000000000000e+00
9.142555788513716253e-02,6.899375372185136968e-01,0.000000000000000000e+00
9.829854480470918976e-02,6.844237192050082186e-01,0.000000000000000000e+00
1.051248597830758968e-01,6.807746756312904601e-01,0.000000000000000000e+00
1.070544647423581214e-01,-3.948606965710022010e-01,-8.800073972314812920e+00
9.842568908911512870e-02,-1.427527180874147872e+00,-8.800073972314812920e+00
7.964387704107619981e-02,-2.422518405147572107e+00,-8.800073972314812920e+00
5.106468331189058935e-02,-3.384357585967380899e+00,-8.800073972314812920e+00
1.300292574214070677e-02,-4.316548507298437087e+00,-8.800073972314812920e+00
-2.609410488686761398e-02,-3.421108025390351859e+00,5.871200675311132322e+00
-5.644473035518475512e-02,-2.571284466438909178e+00,5.871200675311132322e+00
-7.848974903617879362e-02,-1.763604058846385270e+00,5.871200675311132322e+00
-9.263408427223397690e-02,-9.943754731420185733e-01,5.871200675311132322e+00
-9.924541163469749461e-02,-2.598607737155813613e-01,5.871200675311132322e+00
-1.019046280288169598e-01,-2.733449355459665053e-01,0.000000000000000000e+00
-1.048856051408386392e-01,-3.280621668133894553e-01,-3.369820210135543448e-01
-1.084069379307554676e-01,-3.812995696362898035e-01,-3.369820210135543448e-01
-1.124546700753331074e-01,-4.332421416400371594e-01,-3.369820210135543448e-01
-1.170166447777992308e-01,-4.840638233040139293e-01,-3.369820210135543448e-01
-1.220823978866178439e-01,-5.339283068517983732e-01,-3.369820210135543448e-01
-1.219681944726936779e-01,6.687175032086806192e-01,9.940627661968484574e+00
-1.116706006946266982e-01,1.465563133789975714e+00,6.997429089368331745e+00
-9.521970884679689662e-02,1.862354051260312504e+00,3.948946114288826692e+00
-7.660822118156862537e-02,1.860552833862006983e+00,7.789152990666993182e-01
-5.982675602436825918e-02,1.458973986297890768e+00,-2.524645977231400273e+00
-3.957773009799001040e-02,2.708163360464546976e+00,1.078446819932408829e+01
-9.325957957283491362e-03,3.408742031213193524e+00,6.667633321874342656e+00
2.543657873954138435e-02,3.559165932756961137e+00,2.350166215166129113e+00
5.920533407386961711e-02,3.158737413650409831e+00,-2.159980692594662521e+00
8.646280843673798122e-02,2.205394236041474443e+00,-6.877830445770745982e+00
1.066607748259647687e-01,1.797119240264874351e+00,-2.793467633951368434e+00
1.218766185073441033e-01,1.190343871556633681e+00,-4.599889462270704499e+00
1.301099436752069793e-01,3.815013888387408514e-01,-6.494801005213220790e+00
1.293147014550257989e-01,-6.352381602408081473e-01,-8.487935154532580739e+00
1.173658292696132116e-01,-1.870298826356464605e+00,-1.060581354661615094e+01
9.923863600170650112e-02,-1.744115248432052123e+00,1.929616847923333323e-01
8.187621012378183682e-02,-1.727548649941553993e+00,-6.277587324483723252e-01
6.417877755710645060e-02,-1.821432695997412754e+00,-1.489968277556976473e+00
4.503732436055530447e-02,-2.026802615322652379e+00,-2.393942620567969470e+00
2.332983813457117223e-02,-2.345272838622446177e+00,-3.343145590956205115e+00
1.333603724460718457e-03,-2.025043516709173375e+00,1.803014311856426133e+00
-1.740340356491366924e-02,-1.692131596735841459e+00,2.053266154957180234e+00
-3.274424498215033202e-02,-1.344295696317207245e+00,2.320250433965075576e+00
-4.453013130344198739e-02,-9.794161990263602346e-01,2.603249001358412862e+00
-5.257986985617424391e-02,-5.951051553797965799e-01,2.904547467598544763e+00
-5.847960188090156608e-02,-5.840508026352903004e-01,0.000000000000000000e+00
-6.427723117129373331e-02,-5.748532506582809676e-01,0.000000000000000000e+00
-6.999087344058826932e-02,-5.674135586124608999e-01,0.000000000000000000e+00
-7.563769266429502813e-02,-5.616410502537372285e-01,0.000000000000000000e+00
-8.123398116917146528e-02,-5.574527534604776235e-01,0.000000000000000000e+00
-8.679523430325405964e-02,-5.547728805034671806e-01,0.000000000000000000e+00
-9.233622008137823411e-02,-5.535323462079827506e-01,0.000000000000000000e+00
-9.787104417295254544e-02,-5.536683213386716096e-01,0.000000000000000000e+00
-1.034132105728304690e-01,-5.551238187075967501e-01,0.000000000000000000e+00
-1.091621300160617314e-01,-5.989690168227841394e-01,-3.369820210135543448e-01
-1.153476115744143660e-01,-6.424160209730065407e-01,-3.369820210135543448e-01
-1.219661987207074361e-01,-6.855804378682679445e-01,-3.369820210135543448e-01
-1.290155634001226570e-01,-7.285718270179445399e-01,-3.369820210135543448e-01
-1.364944475882451380e-01,-7.714941447998193702e-01,-3.369820210135543448e-01
-1.387389421191094763e-01,4.347123803168029821e-01,9.940627661968484574e+00
-1.307654915579616606e-01,1.234940158674829203e+00,6.997429089368331745e+00
-1.166044761429734511e-01,1.635237939391884332e+00,3.948946114288826692e+00
-1.002468514535715810e-01,1.637152581744441893e+00,7.789152990666993182e-01
-8.568144269673262647e-02,1.239419244893502636e+00,-2.524645977231400273e+00
-6.868785345635437800e-02,2.254739462427252761e+00,8.871123884837711415e+00
-4.398216497445971152e-02,2.731961585931799164e+00,4.762960760830647899e+00
-1.695635503597061472e-02,2.668384144624989407e+00,4.547363441622048197e-01
6.968754710852451302e-03,2.061058397290404631e+00,-4.050118305869761848e+00
