-6.144840201261263513e-01,1.930711969488749791e-01,0.000000000000000000e+00
-6.088407581322634599e-01,1.006479295734564072e+00,9.791062288096819444e+00
-5.959788492182694908e-01,1.620480279077986197e+00,8.358793311530108738e+00
-5.779196407038491579e-01,2.028504358953145292e+00,6.677972824952397524e+00
-5.567670170474081637e-01,2.220395238063044729e+00,4.747553645770818953e+00
-5.347933614160566007e-01,2.171460907886731295e+00,2.449896600771699351e+00
-5.093576700679832703e-01,2.989862087837188653e+00,1.065341157799161209e+01
-4.757095531155567381e-01,3.855834819668206848e+00,1.067636464338103863e+01
-4.331003955621009482e-01,4.755347201435358606e+00,1.056818985287257817e+01
-3.816725710297653174e-01,5.616610522560444352e+00,1.023910484047899594e+01
-3.219255140526170456e-01,6.413357554853316600e+00,9.652189647398129679e+00
-2.608075468159129495e-01,5.749793009205173000e+00,-2.825139641928189338e+00
-2.061653075280778791e-01,5.121575340822374756e+00,-2.825139641928189338e+00
-1.576505153885206789e-01,4.527489359407770309e+00,-2.825139641928189338e+00
-1.149284279066171005e-01,3.966029516921132370e+00,-2.825139641928189338e+00
-7.768033319228975775e-02,3.435488269436472120e+00,-2.825139641928189338e+00
-4.657702429787882042e-02,2.719599838416203674e+00,-4.576048897616466604e+00
-2.247211250967957874e-02,2.038910467134281035e+00,-4.576048897616466604e+00
-5.025205196825645662e-03,1.390822425994323819e+00,-4.576048897616466604e+00
6.077753031923962580e-03,7.726752887883687748e-01,-4.576048897616466604e+00
1.112424869875367622e-02,1.818302064152234332e-01,-4.576048897616466604e+00
1.292149083780342461e-02,1.772661433177024071e-01,0.000000000000000000e+00
1.467588511821686301e-02,1.733160529461549026e-01,0.000000000000000000e+00
1.639341243082788682e-02,1.699451742094442719e-01,0.000000000000000000e+00
1.807971891924222557e-02,1.671215678869781562e-01,0.000000000000000000e+00
1.974014331844571937e-02,1.648159237567822233e-01,0.000000000000000000e+00
2.137974242957726978e-02,1.630013819500576167e-01,0.000000000000000000e+00
2.300331486852248350e-02,1.616533675217157462e-01,0.000000000000000000e+00
2.461542321620763252e-02,1.607494372985588116e-01,0.000000000000000000e+00
2.622041468939693976e-02,1.602691381339453325e-01,0.000000000000000000e+00
2.782244044236914862e-02,1.601938757602640595e-01,0.000000000000000000e+00
2.942547360202777545e-02,1.605067934886432457e-01,0.000000000000000000e+00
3.103332613173986551e-02,1.611926600593354131e-01,0.000000000000000000e+00
3.264966461246150697e-02,1.622377659964126806e-01,0.000000000000000000e+00
3.427802502345730223e-02,1.636298278670392237e-01,0.000000000000000000e+00
3.592182659912133286e-02,1.653578998889068952e-01,0.000000000000000000e+00
3.758438483302628530e-02,1.674122923696401977e-01,0.000000000000000000e+00
3.926892369533624416e-02,1.697844964993265038e-01,0.000000000000000000e+00
4.097858712508758994e-02,1.724671150519929419e-01,0.000000000000000000e+00
4.271644985454836618e-02,1.754537985840239900e-01,0.000000000000000000e+00
4.448552761888180385e-02,1.787391867473661078e-01,0.000000000000000000e+00
4.628878680064492379e-02,1.823188543630593350e-01,0.000000000000000000e+00
4.812915355522556782e-02,1.861892619263156579e-01,0.000000000000000000e+00
5.000952246014208485e-02,1.903477102381781472e-01,0.000000000000000000e+00
5.193276472818084827e-02,1.947922988808619971e-01,0.000000000000000000e+00
5.390173602161126010e-02,1.995218882743280686e-01,0.000000000000000000e+00
5.591928390217969225e-02,2.045360650705743133e-01,0.000000000000000000e+00
5.798825494922862228e-02,2.098351106596587079e-01,0.000000000000000000e+00
6.011150157610163636e-02,2.154199725776798358e-01,0.000000000000000000e+00
6.229188857296515114e-02,2.212922386219270121e-01,0.000000000000000000e+00
6.453229940229368577e-02,2.274541134922516417e-01,0.000000000000000000e+00
6.683564227151364556e-02,2.339083977904765910e-01,0.000000000000000000e+00
6.920485600567286011e-02,2.406584692214218668e-01,0.000000000000000000e+00
7.164291574148858033e-02,2.477082658499406287e-01,0.000000000000000000e+00
7.415283846271508716e-02,2.550622712782897872e-01,0.000000000000000000e+00
7.673768839545799803e-02,2.627255016172506119e-01,0.000000000000000000e+00
7.940058228083361758e-02,2.707034941327184918e-01,0.000000000000000000e+00
8.214469454122402814e-02,2.790022974570303127e-01,0.000000000000000000e+00
8.497326235530223981e-02,2.876284632611417758e-01,0.000000000000000000e+00
8.788959065599155629e-02,2.965890392899208639e-01,0.000000000000000000e+00
9.089705706457064383e-02,3.058915636683334216e-01,0.000000000000000000e+00
9.399911677323684323e-02,3.155440603911726094e-01,0.000000000000000000e+00
9.719930738758562894e-02,3.255550359132517446e-01,0.000000000000000000e+00
1.005012537396509920e-01,3.359334767606554917e-01,0.000000000000000000e+00
9.903757382659979236e-02,-7.277667965553442642e-01,-8.800073972314812920e+00
8.712742060564442059e-02,-1.750110511538516489e+00,-8.800073972314812920e+00
6.516116867862346840e-02,-2.736119025476481337e+00,-8.800073972314812920e+00
3.348260088709279630e-02,-3.689961744304902425e+00,-8.800073972314812920e+00
-7.601463203799423661e-03,-4.614715370275394690e+00,-8.800073972314812920e+00
-4.775092887019398435e-02,-3.294069370246343720e+00,9.283256309199357403e+00
-7.479905762741712039e-02,-1.996159318812109840e+00,9.619343716321090199e+00
-8.894940908549682501e-02,-7.155142730425523290e-01,9.968230600402991470e+00
-9.034251568200596383e-02,5.550790300587598036e-01,1.033812301895968844e+01
-7.905332455753392995e-02,1.821290635480869780e+00,1.071488927702608507e+01
-6.630062951938550664e-02,6.175213630840474810e-01,-9.087263668763416291e+00
-6.300160864990674014e-02,-1.664212534212871492e-02,-4.847433048813915235e+00
-6.345637847769525219e-02,-8.025146852156840593e-02,-4.011344784516389650e-01
-6.195459396231989962e-02,4.279886661877038145e-01,4.248253466646917609e+00
-5.275865272967907721e-02,1.512637875604929238e+00,9.114470045798936937e+00
-3.197285233486728967e-02,2.761851968820264958e+00,1.078446819932408829e+01
-1.184899431612311971e-03,3.462265127204644521e+00,6.667633321874342656e+00
3.411193095519599733e-02,3.612490067554637641e+00,2.350166215166129113e+00
6.841406274137090682e-02,3.212130716468760028e+00,-2.159980692594662521e+00
9.620831211203484390e-02,2.259485051594954275e+00,-6.877830445770745982e+00
1.169493806321356133e-01,1.851733650045283452e+00,-2.793467633951368434e+00
1.327156441828382383e-01,1.245948900541916204e+00,-4.599889462270704499e+00
1.415117428852577797e-01,4.386388375767645842e-01,-6.494801005213220790e+00
1.412971834537849469e-01,-5.760070718614259677e-01,-8.487935154532580739e+00
1.299522659760521115e-01,-1.808485849838240789e+00,-1.060581354661615094e+01
1.124453842118826180e-01,-1.681791739544472142e+00,1.929616847923333323e-01
9.570961587547871519e-02,-1.664443926831076892e+00,-6.277587324483723252e-01
7.864771817023837042e-02,-1.757315680328206842e+00,-1.489968277556976473e+00
6.015276943212224947e-02,-1.961492456863618727e+00,-2.393942620567969470e+00
3.910426548773117406e-02,-2.278658512357063959e+00,-3.343145590956205115e+00
1.777880828803964780e-02,-1.957363163689598728e+00,1.803014311856426133e+00
-2.758996723114214011e-04,-1.623194259875825107e+00,2.053266154957180234e+00
-1.492098253301726331e-02,-1.273904794783578431e+00,2.320250433965075576e+00
-2.599567144254850623e-02,-9.073727990817898048e-01,2.603249001358412862e+00
-3.331679175141892546e-02,-5.212129347999648887e-01,2.904547467598544763e+00
-3.847010504949135989e-02,-5.084722968564826528e-01,0.000000000000000000e+00
-4.350395318633878960e-02,-4.974775540331134449e-01,0.000000000000000000e+00
-4.843534514334837254e-02,-4.881302312098529383e-01,0.000000000000000000e+00
-5.328034159365627187e-02,-4.803398476812301143e-01,0.000000000000000000e+00
-5.805413235265967364e-02,-4.740233705637719730e-01,0.000000000000000000e+00
-6.277110854376312388e-02,-4.691047079389106811e-01,0.000000000000000000e+00
-6.744492986415272229e-02,-4.655142389729424734e-01,0.000000000000000000e+00
-7.208858730860488728e-02,-4.631883784313831076e-01,0.000000000000000000e+00
-7.671446168427048518e-02,-4.620691731723609585e-01,0.000000000000000000e+00
-8.133437822594144495e-02,-4.621039283622121463e-01,0.000000000000000000e+00
-8.595965759941995299e-02,-4.632448613060640152e-01,0.000000000000000000e+00
-9.060116356017834660e-02,-4.654487809269388654e-01,0.000000000000000000e+00
-9.526934751543450486e-02,-4.686767910589190178e-01,0.000000000000000000e+00
-9.997429021998566201e-02,-4.728940158434119523e-01,0.000000000000000000e+00
-1.047257408195591682e-01,-4.780693456328155566e-01,0.000000000000000000e+00
-1.097195833510721669e-01,-5.252926705661977724e-01,-3.369820210135543448e-01
-1.151823479079303325e-01,-5.718058589466599173e-01,-3.369820210135543448e-01
-1.211075524003536880e-01,-6.177450940983163497e-01,-3.369820210135543448e-01
-1.274900422197001448e-01,-6.632390310469697958e-01,-3.369820210135543448e-01
-1.343259174795272959e-01,-7.084093490797473969e-01,-3.369820210135543448e-01
-1.359469751181862085e-01,4.962110470073872737e-01,9.940627661968484574e+00
-1.273651924124280799e-01,1.295007532273300344e+00,6.997429089368331745e+00
-1.126098120385864154e-01,1.693942558197549797e+00,3.948946114288826692e+00
-9.567133058892175745e-02,1.694518235753322166e+00,7.789152990666993182e-01
-8.053839038174433196e-02,1.295460867311255759e+00,-2.524645977231400273e+00
-6.298695867320357189e-02,2.310228950323260033e+00,8.871123884837711415e+00
-3.772937880159456248e-02,2.786801014303912805e+00,4.762960760830647899e+00
-1.015831620278927899e-02,2.722553642928549511e+00,4.547363441622048197e-01
1.430591120550736388e-02,2.114699415362983004e+00,-4.050118305869761848e+00
3.020698489841517828e-02,9.586027364590600230e-01,-8.764972459420283357e+00
3.965096764348141622e-02,9.276992955986401723e-01,0.000000000000000000e+00
4.880184802633744795e-02,9.002961054606484215e-01,0.000000000000000000e+00
5.769366640613778074e-02,8.761824835675421363e-01,0.000000000000000000e+00
6.635843140426554709e-02,8.551642184070860075e-01,0.000000000000000000e+00
7.482627945187467211e-02,8.370624370393775493e-01,0.000000000000000000e+00
8.312562336852931388e-02,8.217125507221391123e-01,0.000000000000000000e+00
9.128329073075495959e-02,8.089632738266209211e-01,0.000000000000000000e+00
9.932465274260895982e-02,7.986757114500023791e-01,0.000000000000000000e+00
1.072737442751553333e-01,7.907225112942609657e-01,0.000000000000000000e+00
1.102863716544504880e-01,-2.884688315712496953e-01,-8.800073972314812920e+00
1.027074376883439777e-01,-1.324176345254327369e+00,-8.800073972314812920e+00
8.494705865820886825e-02,-2.321782594924822085e+00,-8.800073972314812920e+00
5.736465185823714369e-02,-3.285925879733563537e+00,-8.800073972314812920e+00
2.027753861352415976e-02,-4.220248754754534204e+00,-8.800073972314812920e+00
-1.786627290700223275e-02,-3.326881730185256458e+00,5.871200675311132322e+00
-4.728201517644248925e-02,-2.478604788680405235e+00,5.871200675311132322e+00
-6.840538786564998031e-02,-1.671984025034484844e+00,5.871200675311132322e+00
-8.163666361264459992e-02,-9.033785155492418673e-01,5.871200675311132322e+00
-8.733941160316316399e-02,-1.691094177817933919e-01,5.871200675311132322e+00
-8.909475502163399785e-02,-1.833563577931698052e-01,0.000000000000000000e+00
-9.099187373585632121e-02,-1.974565215697670073e-01,0.000000000000000000e+00
-9.302948041761668896e-02,-2.114496393513712047e-01,0.000000000000000000e+00
-9.520667630194817876e-02,-2.253735310723380125e-01,0.000000000000000000e+00
-9.752293284595658918e-02,-2.392642735274217447e-01,0.000000000000000000e+00
-9.997807500797301072e-02,-2.531563562848085924e-01,0.000000000000000000e+00
-1.025722660382025753e-01,-2.670828271567571299e-01,0.000000000000000000e+00
-1.054924768418185194e-01,-3.222064167117986155e-01,-3.369820210135543448e-01
-1.089569674143369277e-01,-3.758195871886545469e-01,-3.369820210135543448e-01
-1.129514853030913618e-01,-4.281094801002085504e-01,-3.369820210135543448e-01
-1.174635983303124048e-01,-4.792520283429240746e-01,-3.369820210135543448e-01
-1.224825862443975344e-01,-5.294127754576197775e-01,-3.369820210135543448e-01
-1.223247486556835323e-01,6.729006909194544805e-01,9.940627661968484574e+00
-1.119866337239040222e-01,1.469460342440214617e+00,6.997429089368331745e+00
-9.549789612097102365e-02,1.866005321237063308e+00,3.948946114288826692e+00
-7.685087490579912972e-02,1.863989875972581256e+00,7.789152990666993182e-01
-6.003590702926207140e-02,1.462220800614473681e+00,-2.524645977231400273e+00
-3.975530018051776776e-02,2.711217256381487140e+00,1.078446819932408829e+01
-9.473760378740526261e-03,3.411628021846544012e+00,6.667633321874342656e+00
2.531694816380489557e-02,3.561901686876243645e+00,2.350166215166129113e+00
5.911242666115282263e-02,3.161334342062828817e+00,-2.159980692594662521e+00
8.639527322701431866e-02,2.207860561604594984e+00,-6.877830445770745982e+00
1.066173706358979206e-01,1.799469343941948463e+00,-2.793467633951368434e+00
1.218562287930461258e-01,1.192587919372417815e+00,-4.599889462270704499e+00
1.301115562640451917e-01,3.836501784571836882e-01,-6.494801005213220790e+00
1.293374159127113621e-01,-6.331730358446844287e-01,-8.487935154532580739e+00
1.174088635680622938e-01,-1.868305359088673789e+00,-1.060581354661615094e+01
9.930128711271898889e-02,-1.742191008397680152e+00,1.929616847923333323e-01
8.195782261536481428e-02,-1.725685527426447541e+00,-6.277587324483723252e-01
6.427877543011885353e-02,-1.819622972587796594e+00,-1.489968277556976473e+00
4.515520622084402691e-02,-2.025039174099199979e+00,-2.393942620567969470e+00
2.346516993464073386e-02,-2.343549454881747707e+00,-3.343145590956205115e+00
1.485999929825999617e-03,-2.023356612974019253e+00,1.803014311856426133e+00
-1.723427935218281234e-02,-1.690474901092572813e+00,2.053266154957180234e+00
-3.255866696562308843e-02,-1.342663056547986677e+00,2.320250433965075576e+00
-4.432831273587396065e-02,-9.778015965705888490e-01,2.603249001358412862e+00
-5.236196453946741214e-02,-5.935027458153979696e-01,2.904547467598544763e+00
-5.824572769963291125e-02,-5.824598642502986090e-01,0.000000000000000000e+00
-6.402748344204192699e-02,-5.732695112642407498e-01,0.000000000000000000e+00
-6.972530566095834492e-02,-5.658329433248205920e-01,0.000000000000000000e+00
-7.535631840568270123e-02,-5.600596638786317083e-01,0.000000000000000000e+00
-8.093677579881004835e-02,-5.558668640691983853e-01,0.000000000000000000e+00
-8.648213654704646480e-02,-5.531789041125170225e-01,0.000000000000000000e+00
-9.200713343822172763e-02,-5.519268324883178645e-01,0.000000000000000000e+00
-9.752583819052436376e-02,-5.520479402832192406e-01,0.000000000000000000e+00
-1.030517219941174817e-01,-5.534853481913912798e-01,0.000000000000000000e+00
-1.087841709784496264e-01,-5.973109429665878212e-01,-3.369820210135543448e-01
-1.149529727652250782e-01,-6.407354112770102805e-01,-3.369820210135543448e-01
-1.215546419434010844e-01,-6.838744563842368285e-01,-3.369820210135543448e-01
-1.285868225047250291e-01,-7.268377267062446911e-01,-3.369820210135543448e-01
-1.360482293291027933e-01,-7.697292607173413792e-01,-3.369820210135543448e-01
-1.382745727043338535e-01,4.365896859560955967e-01,9.940627661968484574e+00
-1.302819406780457989e-01,1.236908245237677173e+00,6.997429089368331745e+00
