-4.564078217190552067e+00,2.969859597980319954e-01,0.000000000000000000e+00
-4.559362213543174391e+00,6.829314181025000208e-01,-8.738214378000030536e+00
-4.550831673523257237e+00,1.059693179096854232e+00,-8.738214378000030536e+00
-4.538559272927310317e+00,1.431475522922209587e+00,-8.738214378000030536e+00
-4.522576912785898351e+00,1.802207318789891488e+00,-8.738214378000030536e+00
-4.502878326735900494e+00,2.175573342033948254e+00,-8.738214378000030536e+00
-4.480118575369669287e+00,2.398223244431543222e+00,-2.878525586022910421e+00
-4.455243286611393572e+00,2.596065412400183625e+00,-2.115750848605360002e+00
-4.428551172920965229e+00,2.757706632995291951e+00,-1.103991281599869145e+00
-4.400457682135974657e+00,2.871166494197287644e+00,1.039225552850876061e-01
-4.371510701478887206e+00,2.921693751185610033e+00,1.529574017176075218e+00
-4.341412721804647212e+00,3.116871554420520773e+00,-2.094260141823454102e+00
-4.309377717142977460e+00,3.308794270692547279e+00,-2.094260141823454102e+00
-4.275437769531802878e+00,3.497552591584118797e+00,-2.094260141823454102e+00
-4.239624385954585684e+00,3.683163380025374689e+00,-2.094260141823454102e+00
-4.201969238456052302e+00,3.865569290161217975e+00,-2.094260141823454102e+00
-4.160130697003040723e+00,4.575267819238354683e+00,-1.066715072932702135e+01
-4.111252660838373707e+00,5.272861241269468202e+00,-1.025286786843169473e+01
-4.055329187066626595e+00,5.986470070810550936e+00,-1.021944097536180429e+01
-3.992475855538361262e+00,6.654123319162140504e+00,-9.358569234039190832e+00
-3.923236640323638280e+00,7.256611461058207091e+00,-8.351088386180428813e+00
-3.849103842016179389e+00,7.605853120116395694e+00,-5.367079290181717255e+00
-3.771471184072202831e+00,7.956160280840443910e+00,-5.332236478716763095e+00
-3.690529579437630048e+00,8.262542667184767708e+00,-4.890984157200517046e+00
-3.606820095380313784e+00,8.502367694457264591e+00,-4.301398757239075721e+00
-3.521152239621494928e+00,8.643767917056900174e+00,-3.489684553611928752e+00
-3.432491897278715953e+00,9.134656859286526043e+00,-6.609424670518445843e+00
-3.339005774020320061e+00,9.605926533671397038e+00,-6.609605132547160977e+00
-3.241098955451181318e+00,1.001120126566554092e+01,-6.282322871335654035e+00
-3.139491825372011657e+00,1.033713623339440879e+01,-5.899653022749387077e+00
-3.035089773419290538e+00,1.055916216241424266e+01,-5.360842177596155445e+00
-2.935989255816495724e+00,9.125985520721748401e+00,7.960217339198467634e+00
-2.850980955394856853e+00,7.747355447982236853e+00,7.960217339198467634e+00
-2.779492945216548883e+00,6.428443362100757064e+00,7.960217339198467634e+00
-2.720917722836263319e+00,5.170994790996717327e+00,7.960217339198467634e+00
-2.674642619046406544e+00,3.974171461119695881e+00,7.960217339198467634e+00
-2.640092050926755807e+00,2.830931200840946627e+00,8.000427723213059394e+00
-2.617111342855491518e+00,1.657189560746230583e+00,8.793612702452582752e+00
-2.605942334143309669e+00,4.664969242064099797e-01,9.462104341783067696e+00
-2.606767185734777392e+00,-7.442145170107143937e-01,1.013446509360562686e+01
-2.619801353564427782e+00,-1.978512693069892858e+00,1.079963830521280244e+01
-2.640338328100892973e+00,-2.143798767030935970e+00,1.199717560230284530e+00
-2.662484291904695599e+00,-2.299347171086442376e+00,1.199717560230284530e+00
-2.686142133639155993e+00,-2.445214609429625874e+00,1.199717560230284530e+00
-2.711215255648817823e+00,-2.581446231222817911e+00,1.199717560230284530e+00
-2.737607466364734510e+00,-2.708077463345805125e+00,1.199717560230284530e+00
-2.768907145730537422e+00,-3.639457118474422881e+00,8.379684687678871313e+00
-2.809371945726819142e+00,-4.538061143813391318e+00,8.379684687678871313e+00
-2.858678855303769861e+00,-5.404716347097799023e+00,8.379684687678871313e+00
-2.916507328191224158e+00,-6.238933776783045282e+00,8.379684687678871313e+00
-2.982525541238340683e+00,-7.038786695143738115e+00,8.379684687678871313e+00
-3.053116452746535092e+00,-7.080941065598886475e+00,2.461844172900935490e+00
-3.124054585392532335e+00,-7.106390711390782045e+00,2.461844172900935490e+00
-3.195168457878707624e+00,-7.114176239121011491e+00,2.461844172900935490e+00
-3.266277662084418054e+00,-7.103490283825132146e+00,2.461844172900935490e+00
-3.337194472327742023e+00,-7.073696754975677514e+00,2.461844172900935490e+00
-3.405321823257926983e+00,-6.495896955966372843e+00,-1.961540696201795608e+00
-3.467725725013012905e+00,-5.930543326158253414e+00,-1.961540696201795608e+00
-3.524538059067556350e+00,-5.379216458735626816e+00,-1.961540696201795608e+00
-3.575904877261110393e+00,-4.843138853409099553e+00,-1.961540696201795608e+00
-3.621982961311396743e+00,-4.323207134936576601e+00,-1.961540696201795608e+00
-3.658848753467105475e+00,-2.921957915368749159e+00,-1.029655071654145360e+01
-3.682432752544098520e+00,-1.680812451869897917e+00,-9.444760288692425121e+00
-3.694271109170216061e+00,-5.855980964463299854e-01,-8.603217451717666719e+00
-3.695845959394647107e+00,3.584290441555997297e-01,-7.606735160114336480e+00
-3.688657381693555060e+00,1.153569975662600333e+00,-6.544367596701608392e+00
-3.672169976354131116e+00,2.246785990929385690e+00,-9.664710265062694816e+00
-3.644918335092765194e+00,3.303655806429744768e+00,-9.664710265062694816e+00
-3.607243909939752413e+00,4.328826724941523096e+00,-9.664710265062694816e+00
-3.559448075128577305e+00,5.325472974758514333e+00,-9.664710265062694816e+00
-3.501808097501657002e+00,6.295024642576785290e+00,-9.664710265062694816e+00
-3.434366958593303654e+00,7.287589704999360762e+00,-1.010134089917174016e+01
-3.357085673561563066e+00,8.260373475962085266e+00,-1.019887620320784727e+01
-3.270451456767418552e+00,9.148832244863367436e+00,-9.806596462126988101e+00
-3.175380598074623251e+00,9.936429748270219520e+00,-9.338636523862732020e+00
-3.073049207581432185e+00,1.058597875450464976e+01,-8.634704361036993348e+00
-2.964687051831926823e+00,1.113066582956672335e+01,-8.258243502066317632e+00
-2.851073909484590718e+00,1.162946702848349290e+01,-8.441662095348158701e+00
-2.732843998675506647e+00,1.204367301107861010e+01,-8.409612474305385277e+00
-2.610999031930202996e+00,1.233925158962969171e+01,-8.167107614652591607e+00
-2.486840887491022833e+00,1.249138110812144653e+01,-7.735577885313960067e+00
-2.362806098018469303e+00,1.228417892925762445e+01,-4.957418024371098575e+00
-2.241135080572665750e+00,1.201214151504947303e+01,-4.957418024371098575e+00
-2.122473754744820251e+00,1.167612437417050941e+01,-4.957418024371098575e+00
-2.007451937582725776e+00,1.127863358105092040e+01,-4.957418024371098575e+00
-1.898304854005346431e+00,1.042293492858910753e+01,-4.957418024371098575e+00
-1.798070887198248258e+00,9.535682050787128716e+00,-5.277099795780067382e+00
-1.706685245214136115e+00,8.654989075563475964e+00,-5.277099795780067382e+00
-1.624053719606926016e+00,7.787152461706287276e+00,-5.277099795780067382e+00
-1.550021026363173293e+00,6.938003200710918250e+00,-5.277099795780067382e+00
-1.484376435697594587e+00,6.112708334883208749e+00,-5.277099795780067382e+00
-1.426203714492525476e+00,5.474819416648870174e+00,6.399054578437954888e+00
-1.373970783258118278e+00,4.932210569876342099e+00,6.399054578437954888e+00
-1.326779035219670000e+00,4.473117143715448663e+00,6.399054578437954888e+00
-1.283840854069014936e+00,4.087229990798895152e+00,6.399054578437954888e+00
-1.244465656167589307e+00,3.765561015434293779e+00,6.399054578437954888e+00
-1.207485784750815361e+00,3.625720625811799103e+00,9.490098633253204241e+00
-1.171990823668554116e+00,3.465347076782494540e+00,7.840619633084951801e+00
-1.138492306740622295e+00,3.216702027689055665e+00,5.066271190323431206e+00
-1.108135553664454598e+00,2.822001021013627042e+00,1.469237101733696260e+00
-1.082671683819558694e+00,2.217718556534082008e+00,-3.049012825297359175e+00
-1.059914863061670376e+00,2.349116810149883605e+00,8.976980088822617887e+00
-1.035835723568768518e+00,2.482473707978393840e+00,8.773379027484057957e+00
-1.010603141607745226e+00,2.576172922325505432e+00,7.905296966648767132e+00
-9.847051597552767266e-01,2.609937489557184964e+00,6.735305235827602210e+00
-9.588694001281184986e-01,2.555389156515312621e+00,5.163803140465221375e+00
-9.341742872963176847e-01,2.369442787404752782e+00,2.999030712052002112e+00
-9.110197144115792511e-01,2.253425688801153903e+00,3.614541435157592630e+00
-8.887046360620695085e-01,2.207770388574644027e+00,4.282541687023052823e+00
-8.665127968023224048e-01,2.235325046151252604e+00,5.028827127313622469e+00
-8.436855745368195825e-01,2.342018129412782645e+00,5.885201779281587164e+00
-8.190806800432075541e-01,2.605210890723093087e+00,7.723195009328765792e+00
-7.918431807623391716e-01,2.868910173312814837e+00,7.722452758726211286e+00
-7.621457967302284198e-01,3.093934267606631039e+00,7.244091787219670842e+00
-7.304175569312187921e-01,3.270862236667468892e+00,6.635295749771751517e+00
-6.971549604218053586e-01,3.396167239007382044e+00,5.970232977535373742e+00
-6.619367779232069315e-01,3.676137834456555176e+00,7.497573160602186704e+00
-6.235331568161113225e-01,4.041263025736052228e+00,8.333921789758775844e+00
-5.810743955360889723e-01,4.495646518493870758e+00,9.215225246554435756e+00
-5.337268707443842963e-01,5.026387571937874554e+00,9.968266822538858207e+00
-4.808398440936162976e-01,5.661903756783152275e+00,1.033548272253172584e+01
-4.247165921930893262e-01,5.556001690702479401e+00,2.100023449215167481e+00
-3.695876879198092824e-01,5.464187961127369597e+00,2.026014420675403382e+00
-3.153105632867054253e-01,5.386854597602011907e+00,1.969903594090064658e+00
-2.617536962502722275e-01,5.321078071400089371e+00,1.901843930691496709e+00
-2.088185876248879747e-01,5.263097629322144755e+00,1.813756605064245520e+00
-1.585842590333335078e-01,4.736299944988593857e+00,-2.216274030792582561e+00
-1.137685114163865807e-01,4.176150532698253315e+00,-2.744125852187877079e+00
-7.471793290088621364e-02,3.579764803261812567e+00,-3.297419962530902637e+00
-4.181119072965673589e-02,2.943527421051577608e+00,-3.883711796046574349e+00
-1.546191970094269209e-02,2.264068616092375752e+00,-4.501839658491899598e+00
4.202857156185049216e-03,1.608658614298265954e+00,-4.576048897616466604e+00
1.745456356953378058e-02,9.840912107036232648e-01,-4.576048897616466604e+00
2.458945485564382680e-02,3.876691382642988293e-01,-4.576048897616466604e+00
2.587708690479144716e-02,-1.832326943979067924e-01,-4.576048897616466604e+00
2.156129958380512829e-02,-7.311114378696510485e-01,-4.576048897616466604e+00
1.440714845154946605e-02,-6.968159254375841938e-01,0.000000000000000000e+00
7.581892022467046251e-03,-6.656064922539737250e-01,0.000000000000000000e+00
1.055590775715441448e-03,-6.372812903982799648e-01,0.000000000000000000e+00
-5.199745421526852894e-03,-6.116536255165337943e-01,0.000000000000000000e+00
-1.121030404813668120e-02,-5.885509035516635068e-01,0.000000000000000000e+00
-1.700060646149721688e-02,-5.678136502221916571e-01,0.000000000000000000e+00
-2.259363493579133117e-02,-5.492945988265532931e-01,0.000000000000000000e+00
-2.801095087004018200e-02,-5.328578421026208822e-01,0.000000000000000000e+00
-3.327280478785845513e-02,-5.183780440470366901e-01,0.000000000000000000e+00
-3.839823871078641704e-02,-5.057397077881981007e-01,0.000000000000000000e+00
-4.340518144887985097e-02,-4.948364958037574923e-01,0.000000000000000000e+00
-4.831053731604625923e-02,-4.855705989733444805e-01,0.000000000000000000e+00
-5.313026874342006295e-02,-4.778521511562226487e-01,0.000000000000000000e+00
-5.787947323185024112e-02,-4.715986861790097406e-01,0.000000000000000000e+00
-6.257245505428439547e-02,-4.667346343084395333e-01,0.000000000000000000e+00
-6.722279209041231995e-02,-4.631908554670481348e-01,0.000000000000000000e+00
-7.184339814930559842e-02,-4.609042066246772373e-01,0.000000000000000000e+00
-7.644658111087480890e-02,-4.598171409652328512e-01,0.000000000000000000e+00
-8.104409719367794418e-02,-4.598773365858924156e-01,0.000000000000000000e+00
-8.564720163486264082e-02,-4.610373526348143236e-01,0.000000000000000000e+00
-9.026669604772243061e-02,-4.632543109334008036e-01,0.000000000000000000e+00
-9.491297270340597059e-02,-4.664896012604519693e-01,0.000000000000000000e+00
-9.959605596565085373e-02,-4.707086085983526735e-01,0.000000000000000000e+00
-1.043256410909374210e-01,-4.758804607560307431e-01,0.000000000000000000e+00
-1.092975685434823263e-01,-5.230970710300454352e-01,-3.369820210135543448e-01
-1.147383294366006862e-01,-5.695988189618169661e-01,-3.369820210135543448e-01
-1.206413953380041371e-01,-6.155220883292485956e-01,-3.369820210135543448e-01
-1.270015672303624055e-01,-6.609957191597773951e-01,-3.369820210135543448e-01
-1.338149026042139422e-01,-7.061415616953596874e-01,-3.369820210135543448e-01
-1.354127581709364536e-01,4.985964201712713706e-01,9.940627661968484574e+00
-1.268066987853199989e-01,1.297487081551651045e+00,6.997429089368331745e+00
-1.120262183635945125e-01,1.696489958052615599e+00,3.948946114288826692e+00
-9.506206773842165725e-02,1.697109734628627908e+00,7.789152990666993182e-01
-7.990310262605031244e-02,1.298078215246131428e+00,-2.524645977231400273e+00
-6.126356460358753364e-02,2.547149540844572346e+00,1.078446819932408829e+01
-3.261968742697414492e-02,3.248239933559871950e+00,6.667633321874342656e+00
5.413590871294273084e-04,3.399413841740489772e+00,2.350166215166129113e+00
3.271393882122486385e-02,2.999167815072620424e+00,-2.159980692594662521e+00
5.837045854794130351e-02,2.044466239184611123e+00,-6.877830445770745982e+00
7.695452943330351181e-02,1.635059431998313828e+00,-2.793467633951368434e+00
9.053971107417073394e-02,1.025930686843489203e+00,-4.599889462270704499e+00
9.711248058047035336e-02,2.133300492845086604e-01,-6.494801005213220790e+00
9.461252190313150512e-02,-8.085879660505018718e-01,-8.487935154532580739e+00
8.090152422374290164e-02,-2.049983173696364513e+00,-1.060581354661615094e+01
6.097107503207201823e-02,-1.925299197513625993e+00,1.929616847923333323e-01
4.178725857209101419e-02,-1.910913985469698373e+00,-6.277587324483723252e-01
2.224409036216080243e-02,-2.007524228373680941e+00,-1.489968277556976473e+00
1.227854912336672800e-03,-2.215994096630130361e+00,-2.393942620567969470e+00
-2.238619534815796536e-02,-2.537705947262262729e+00,-3.343145590956205115e+00
-4.199903726708181101e-02,-1.267543204053439565e+00,9.575908319037525374e+00
-4.916659840656931874e-02,-5.329357993848442276e-02,9.575908319037525374e+00
-4.442208875515583216e-02,1.110792930485026142e+00,9.575908319037525374e+00
-2.824218809468274222e-02,2.230162036208405585e+00,9.575908319037525374e+00
-1.052145870408920277e-03,3.309512805145238268e+00,9.575908319037525374e+00
2.889194083229283325e-02,2.615993520502595260e+00,-4.576048897616466604e+00
5.206158666671898555e-02,1.957678222604279927e+00,-4.576048897616466604e+00
6.879599165651886783e-02,1.331703190691928551e+00,-4.576048897616466604e+00
7.940558592674262783e-02,7.351902701083476988e-01,-4.576048897616466604e+00
8.417222753749897812e-02,1.653195644507523820e-01,-4.576048897616466604e+00
8.588692337180084402e-02,1.789584706393897995e-01,0.000000000000000000e+00
8.773738153852603250e-02,1.924651939989180383e-01,0.000000000000000000e+00
8.972245151864459423e-02,2.058774588778070624e-01,0.000000000000000000e+00
9.184135182044529666e-02,2.192311938230412371e-01,0.000000000000000000e+00
9.409365274226560993e-02,2.325606897264017314e-01,0.000000000000000000e+00
9.647926066827355873e-02,2.458987473586924100e-01,0.000000000000000000e+00
