7.358109745706742366e-01,2.161028285328397969e-01,0.000000000000000000e+00
7.346813313561567638e-01,-4.934526259686516925e-01,-9.636270175371867808e+00
7.269525674674844895e-01,-1.097160926205619225e+00,-9.636270175371867808e+00
7.135804496203913549e-01,-1.616975123463464836e+00,-9.636270175371867808e+00
6.953212842355334100e-01,-2.070547898311710711e+00,-9.636270175371867808e+00
6.727712273927510811e-01,-2.472024184324434604e+00,-9.636270175371867808e+00
6.492354648026035235e-01,-2.218445987429218835e+00,-2.933957044413844084e+00
6.280123760276530298e-01,-2.012778544016715188e+00,-2.933957044413844084e+00
6.086614522658512216e-01,-1.846736581082998985e+00,-2.933957044413844084e+00
5.908182804762394102e-01,-1.713484977529924347e+00,-2.933957044413844084e+00
5.741812299895570071e-01,-1.607383812017366909e+00,-2.933957044413844084e+00
5.565057658372086768e-01,-1.954860576772819325e+00,-7.334327878463691164e+00
5.355492715543820337e-01,-2.260937679914411635e+00,-7.334327878463691164e+00
5.116877789078132510e-01,-2.533729179831039957e+00,-7.334327878463691164e+00
4.848894949405357369e-01,-2.947643583950913193e+00,-7.334327878463691164e+00
4.528349227214720218e-01,-3.519883969266122570e+00,-7.334327878463691164e+00
4.157898092805871748e-01,-3.930636397837909524e+00,-5.903261863139852572e+00
3.746239060625804473e-01,-4.344548055824987820e+00,-5.903261863139852572e+00
3.293009311610763934e-01,-4.762595746663737195e+00,-5.903261863139852572e+00
2.797764881624444921e-01,-5.185382161462070094e+00,-5.903261863139852572e+00
2.260019794486706757e-01,-5.613096530926235062e+00,-5.903261863139852572e+00
1.744963244943646963e-01,-4.593864212288565341e+00,6.169953645218587468e+00
1.314486023541700799e-01,-3.957714293703523456e+00,3.393220642055471803e+00
9.295553194861082280e-02,-3.720312943292602093e+00,3.958927187040056639e-01
5.498091546600418489e-02,-3.892322961130792347e+00,-2.798972266734783609e+00
1.339446588727304793e-02,-4.481709547112791903e+00,-6.177930469689961512e+00
-2.732361118188918539e-02,-3.579604194264261796e+00,5.871200675311132322e+00
-5.923180728652654298e-02,-2.723826246693653808e+00,5.871200675311132322e+00
-8.277810990174602757e-02,-1.910914766235352058e+00,5.871200675311132322e+00
-9.837462514599190633e-02,-1.137162559877054058e+00,5.871200675311132322e+00
-1.063959458787949730e-01,-3.987930178131845471e-01,5.871200675311132322e+00
-1.049278891411024178e-01,8.044985743869328410e-01,9.940627661968484574e+00
-9.327129540307756150e-02,1.601661635435369657e+00,6.997429089368331745e+00
-7.546025794362951067e-02,1.998312033740367921e+00,3.948946114288826692e+00
-5.549183357672651806e-02,1.995984588560300699e+00,7.789152990666993182e-01
-3.735962923447712358e-02,1.593695346417450587e+00,-2.524645977231400273e+00
-2.680720955979223885e-02,4.066451132800519286e-01,-9.087263668763416291e+00
-2.554021447154310176e-02,-2.106649306130009280e-01,-4.847433048813915235e+00
-2.785935625167415552e-02,-2.576287404879522014e-01,-4.011344784516389650e-01
-2.805638540840671435e-02,2.670574197914534209e-01,4.248253466646917609e+00
-2.039605939429342193e-02,1.367823233279389150e+00,9.114470045798936937e+00
-1.204475333771210833e-02,1.934231564459454877e-01,-9.087263668763416291e+00
-1.285568700489193687e-02,-4.120017777088916255e-01,-4.847433048813915235e+00
-1.713767142319459064e-02,-4.479108274951845714e-01,-4.011344784516389650e-01
-1.919054035686420731e-02,8.705029020494273184e-02,4.248253466646917609e+00
-1.328679824858135759e-02,1.197309768622755177e+00,9.114470045798936937e+00
-1.734211819216137460e-03,1.105089969801774652e+00,-3.369820210135543448e-01
8.925597759641010209e-03,1.019319504638868557e+00,-3.369820210135543448e-01
1.875499498920712299e-02,9.395314242781375169e-01,-3.369820210135543448e-01
2.781182214501630445e-02,8.652911106143880149e-01,-3.369820210135543448e-01
3.614971304775066452e-02,7.961941755407707655e-01,-3.369820210135543448e-01
4.400573184562911466e-02,7.731856685099786075e-01,0.000000000000000000e+00
5.164442452861240512e-02,7.529810706347859206e-01,0.000000000000000000e+00
5.909307867264333020e-02,7.354158580353423735e-01,0.000000000000000000e+00
6.637739613098943281e-02,7.203385620063328387e-01,0.000000000000000000e+00
7.352161949249473583e-02,7.076098713702760890e-01,0.000000000000000000e+00
8.054864985226997676e-02,6.971017982550535841e-01,0.000000000000000000e+00
8.748015651026221084e-02,6.886969031527312435e-01,0.000000000000000000e+00
9.433667917259137836e-02,6.822875753129316045e-01,0.000000000000000000e+00
1.011377231919786124e-01,6.777753647254532998e-01,0.000000000000000000e+00
1.030315189879277837e-01,-3.991468443135053890e-01,-8.800073972314812920e+00
9.435426015869879945e-02,-1.433049781641544618e+00,-8.800073972314812920e+00
7.551196960750636289e-02,-2.429188381557112031e+00,-8.800073972314812920e+00
4.686136580863721479e-02,-3.392047323523249336e+00,-8.800073972314812920e+00
8.718719653353480467e-03,-4.325090797975255974e+00,-8.800073972314812920e+00
-3.046685066404778569e-02,-3.430364534936617638e+00,5.871200675311132322e+00
-6.091364901538191129e-02,-2.581359362237184651e+00,5.871200675311132322e+00
-8.306339748909677412e-02,-1.774575716637764922e+00,5.871200675311132322e+00
-9.732169483626425255e-02,-1.006298514350944862e+00,5.871200675311132322e+00
-1.040566615761885916e-01,-2.727675283212754875e-01,5.871200675311132322e+00
-1.070342623632239837e-01,-3.280133081267970763e-01,-3.369820210135543448e-01
-1.105574021809840324e-01,-3.817569469280784333e-01,-3.369820210135543448e-01
-1.146119107924101627e-01,-4.341854636517202826e-01,-3.369820210135543448e-01
-1.191854370803798330e-01,-4.854746840176618061e-01,-3.369820210135543448e-01
-1.242673408446058336e-01,-5.357900579215240100e-01,-3.369820210135543448e-01
-1.241752780146343771e-01,6.660769889705816516e-01,9.940627661968484574e+00
-1.139070362655829338e-01,1.462274255311359683e+00,6.997429089368331745e+00
-9.749139222018125828e-02,1.858546143331788691e+00,3.948946114288826692e+00
-7.891984557473206985e-02,1.856333060023939607e+00,7.789152990666993182e-01
-6.218208401094460491e-02,1.454417963448799922e+00,-2.524645977231400273e+00
-4.198115311115728499e-02,2.703056910110736233e+00,1.078446819932408829e+01
-1.178243013428098215e-02,3.403206242545345983e+00,6.667633321874342656e+00
2.292307624084090681e-02,3.553263417691262305e+00,2.350166215166129113e+00
5.663104263386735393e-02,3.152439012542314067e+00,-2.159980692594662521e+00
8.382322826612786937e-02,2.198572905956220680e+00,-6.877830445770745982e+00
1.039509852421439534e-01,1.789850949416096570e+00,-2.793467633951368434e+00
1.190917700507398563e-01,1.182543191045608122e+00,-4.599889462270704499e+00
1.272442518668338296e-01,3.730666797047436090e-01,-6.494801005213220790e+00
1.263613459265828520e-01,-6.444101500085950285e-01,-8.487935154532580739e+00
1.143170329558765991e-01,-1.880290430702816096e+00,-1.060581354661615094e+01
9.608847999511663240e-02,-1.754430190363315045e+00,1.929616847923333323e-01
7.862126435601557439e-02,-1.738229560525704986e+00,-6.277587324483723252e-01
6.081522773248130426e-02,-1.832512757659834124e+00,-1.489968277556976473e+00
4.156107508512900395e-02,-2.038303388125993099e+00,-2.393942620567969470e+00
1.973664675117724199e-02,-2.357200026664535208e+00,-3.343145590956205115e+00
2.302961650886689235e-04,-1.461445305396172678e+00,6.496245403587472822e+00
-1.083980383748892398e-02,-6.803139156830321221e-01,5.890743919244357585e+00
-1.459508881969936653e-02,-8.346758517364827323e-03,5.276662896507464673e+00
-1.210817806531769118e-02,5.586113018612939296e-01,4.646344885755302911e+00
-4.411690134751239910e-03,1.024360624866539116e+00,4.000414459479866736e+00
5.452642243484248988e-03,9.411602116289088382e-01,-3.369820210135543448e-01
1.451091954709332263e-02,8.636469685699851295e-01,-3.369820210135543448e-01
2.281811063210137727e-02,7.914035324650912084e-01,-3.369820210135543448e-01
3.042514265343172417e-02,7.240414944920804396e-01,-3.369820210135543448e-01
3.737918183216076828e-02,6.611994690041465006e-01,-3.369820210135543448e-01
4.391123471242069226e-02,6.438614715410856393e-01,0.000000000000000000e+00
5.028018899208098330e-02,6.287834595768522217e-01,0.000000000000000000e+00
5.650805228792409735e-02,6.158358036247828515e-01,0.000000000000000000e+00
6.261558342431976232e-02,6.048992943576493309e-01,0.000000000000000000e+00
6.862239337487394120e-02,5.958644279140580258e-01,0.000000000000000000e+00
7.454703929101588744e-02,5.886307425199130972e-01,0.000000000000000000e+00
8.040711211483607401e-02,5.831062029422667825e-01,0.000000000000000000e+00
8.621931823956036078e-02,5.792066294920729108e-01,0.000000000000000000e+00
9.199955564909098604e-02,5.768551684867753160e-01,0.000000000000000000e+00
9.776298493800517075e-02,5.759818012715399727e-01,0.000000000000000000e+00
1.035240955852079481e-01,5.765228890780623727e-01,0.000000000000000000e+00
1.044275089852979288e-01,-4.955801204194726917e-01,-8.800073972314812920e+00
9.480560574525881412e-02,-1.525203789451591296e+00,-8.800073972314812920e+00
7.505918241888159814e-02,-2.517559628794353799e+00,-8.800073972314812920e+00
4.554028111734478856e-02,-3.477063969340128846e+00,-8.800073972314812920e+00
6.561278027400929864e-03,-4.407091398858228537e+00,-8.800073972314812920e+00
-3.343171628440046173e-02,-3.509641102573231475e+00,5.871200675311132322e+00
-6.466046718954709949e-02,-2.658304697028658126e+00,5.871200675311132322e+00
-8.757059733246266853e-02,-1.849574018343509652e+00,5.871200675311132322e+00
-1.025714628944268125e-01,-1.079713206112447921e+00,5.871200675311132322e+00
-1.100346884799104780e-01,-3.449315005830240199e-01,5.871200675311132322e+00
-1.080438900657504225e-01,8.548963990434051974e-01,9.940627661968484574e+00
-9.589710280719952740e-02,1.649054384342313551e+00,6.997429089368331745e+00
-7.762413572532264605e-02,2.043086762176621107e+00,3.948946114288826692e+00
-5.721855410788132673e-02,2.038444492122719165e+00,7.789152990666993182e-01
-3.867126524426991313e-02,1.634072692875801369e+00,-2.524645977231400273e+00
-2.772366200356083180e-02,4.451404312323404278e-01,-9.087263668763416291e+00
-2.607968135785387540e-02,-1.739111183381368830e-01,-4.847433048813915235e+00
-2.803857935560983769e-02,-2.224675396853942333e-01,-4.011344784516389650e-01
-2.789061573529955096e-02,3.007752328378918705e-01,4.248253466646917609e+00
-1.989905150713525833e-02,1.400247158566938044e+00,9.114470045798936937e+00
-1.122893209075258997e-02,2.246649218411645166e-01,-9.087263668763416291e+00
-1.173228877264703880e-02,-3.818142187183276581e-01,-4.847433048813915235e+00
-1.571668656245775453e-02,-4.186559090278729744e-01,-4.011344784516389650e-01
-1.748073555319096944e-02,1.154965142940805045e-01,4.248253466646917609e+00
-1.129570094501936364e-02,1.225068388032455102e+00,9.114470045798936937e+00
5.315724101574823175e-04,1.132221667578793278e+00,-3.369820210135543448e-01
1.146021830216917975e-02,1.045916353009992861e+00,-3.369820210135543448e-01
2.155349918112758889e-02,9.656805066762693679e-01,-3.369820210135543448e-01
3.087010712358956993e-02,8.910749049762127783e-01,-3.369820210135543448e-01
3.946448135263225243e-02,8.216909189279468784e-01,-3.369820210135543448e-01
4.757442523450131078e-02,7.984638242105573935e-01,0.000000000000000000e+00
5.546517231930724046e-02,7.781100484996066324e-01,0.000000000000000000e+00
6.316468916636704123e-02,7.604617638192455731e-01,0.000000000000000000e+00
7.069932488797793513e-02,7.453644862647984537e-01,0.000000000000000000e+00
7.809394040804347459e-02,7.326761589041109746e-01,0.000000000000000000e+00
8.537202884429512251e-02,7.222662993520958530e-01,0.000000000000000000e+00
9.255582764172824717e-02,7.140152078056825058e-01,0.000000000000000000e+00
9.966642304360823212e-02,7.078132315204299640e-01,0.000000000000000000e+00
1.067238474471152443e-01,7.035600819107248327e-01,0.000000000000000000e+00
1.088797508002980474e-01,-3.724025945285214800e-01,-8.800073972314812920e+00
1.004744159138774157e-01,-1.405308936189991975e+00,-8.800073972314812920e+00
8.191393443510698591e-02,-2.400481764705957755e+00,-8.800073972314812920e+00
5.355439322846267114e-02,-3.362478645614488837e+00,-8.800073972314812920e+00
1.571067608304808211e-02,-4.294842740445642626e+00,-8.800073972314812920e+00
-2.317033439981761381e-02,-3.399606531380544805e+00,5.871200675311132322e+00
-5.330635748267158885e-02,-2.549851045240140834e+00,5.871200675311132322e+00
-7.513689787066536729e-02,-1.742118001755145418e+00,5.871200675311132322e+00
-8.906574716559564897e-02,-9.727330650453680505e-01,5.871200675311132322e+00
-9.545962506330922526e-02,-2.379765909760691023e-01,5.871200675311132322e+00
-9.789988610979602490e-02,-2.514260294727728717e-01,0.000000000000000000e+00
-1.004748347892147342e-01,-2.649240445776860353e-01,0.000000000000000000e+00
-1.033716168872578084e-01,-3.196407177620165796e-01,-3.369820210135543448e-01
-1.068086608743764876e-01,-3.728581232356650288e-01,-3.369820210135543448e-01
-1.107718199210649956e-01,-4.247621093058987496e-01,-3.369820210135543448e-01
-1.152487549211238249e-01,-4.755273992888636725e-01,-3.369820210135543448e-01
-1.202288269571194917e-01,-5.253184059421414087e-01,-3.369820210135543448e-01
-1.200268268612266348e-01,6.777082701914141083e-01,9.940627661968484574e+00
-1.096379577474942552e-01,1.474858230203413001e+00,6.997429089368331745e+00
-9.309312729225056871e-02,1.871869125019466118e+00,3.948946114288826692e+00
-7.438583308423922513e-02,1.870216379660582851e+00,7.789152990666993182e-01
-5.750730205112897925e-02,1.468738730769222789e+00,-2.524645977231400273e+00
-3.715912426138495706e-02,2.718254196112675380e+00,1.078446819932408829e+01
-6.805370986032591336e-03,3.419063254765615678e+00,6.667633321874342656e+00
2.806123845753718052e-02,3.569676723550618824e+00,2.350166215166129113e+00
6.193615850816094892e-02,3.169490518091214959e+00,-2.159980692594662521e+00
8.930289611322347887e-02,2.216547276657622856e+00,-6.877830445770745982e+00
1.096138574654077907e-01,1.808604468320164083e+00,-2.793467633951368434e+00
1.249465154061834143e-01,1.202272994489309355e+00,-4.599889462270704499e+00
1.333016863797096829e-01,3.940053883036983562e-01,-6.494801005213220790e+00
1.326346602606316427e-01,-6.220249489051105085e-01,-8.487935154532580739e+00
1.208216394095452256e-01,-1.856264204075884550e+00,-1.060581354661615094e+01
1.028359314728832519e-01,-1.729822613831738742e+00,1.929616847923333323e-01
8.561784951386471054e-02,-1.712937426818564424e+00,-6.277587324483723252e-01
6.806817688696806257e-02,-1.806453184162436054e+00,-1.489968277556976473e+00
4.907833751749014067e-02,-2.011418683258268114e+00,-2.393942620567969470e+00
2.752659996526624769e-02,-2.329467015845680500e+00,-3.343145590956205115e+00
5.690032177845640374e-03,-2.008872030888980031e+00,1.803014311856426133e+00
-1.288345277163916933e-02,-1.675550284743658747e+00,2.053266154957180234e+00
-2.805646489871423122e-02,-1.327258391995422615e+00,2.320250433965075576e+00
-3.966974734550707954e-02,-9.618755953960302918e-01,2.603249001358412862e+00
-4.754163384237444084e-02,-5.770140792615329195e-01,2.904547467598544763e+00
-5.325827073582774240e-02,-5.654699123650975823e-01,0.000000000000000000e+00
-5.886779858149130545e-02,-5.557584795407375378e-01,0.000000000000000000e+00
-6.438809165810349677e-02,-5.477806606843969028e-01,0.000000000000000000e+00
-6.983607050349531498e-02,-5.414455538983936611e-01,0.000000000000000000e+00
