-2.021658330064100006e+00,1.787924025331227851e-01,0.000000000000000000e+00
-2.021682522251058600e+00,-2.208328423181324662e-01,3.291725179639009013e+00
-2.025630136929116976e+00,-6.045850703868151932e-01,3.291725179639009013e+00
-2.033349911032978685e+00,-9.741006037111814564e-01,3.291725179639009013e+00
-2.044706369419024394e+00,-1.330886707982990025e+00,3.291725179639009013e+00
-2.059578506644079265e+00,-1.676315693118556105e+00,3.291725179639009013e+00
-2.078291535945105295e+00,-2.107764172244450229e+00,4.935209656793022148e+00
-2.101276355556722653e+00,-2.530084680849568723e+00,4.935209656793022148e+00
-2.128450138183346940e+00,-2.945106704311479362e+00,4.935209656793022148e+00
-2.159747137063210864e+00,-3.354387757967794759e+00,4.935209656793022148e+00
-2.195115910874654741e+00,-3.759200638390311155e+00,4.935209656793022148e+00
-2.235992843990955770e+00,-4.489511896289824833e+00,9.410625040901823724e+00
-2.284186566595107326e+00,-5.223545836993087832e+00,9.410625040901823724e+00
-2.339749466169660064e+00,-5.964457881356447722e+00,9.410625040901823724e+00
-2.402760001038199977e+00,-6.714152699424710491e+00,9.410625040901823724e+00
-2.473309353898497598e+00,-7.473091765755612847e+00,9.410625040901823724e+00
-2.551365620646039112e+00,-8.213225244338227427e+00,9.139199846056051513e+00
-2.636846554619864946e+00,-8.957782889315346608e+00,9.139199846056051513e+00
-2.729774776938324710e+00,-9.701573787765060075e+00,9.139199846056051513e+00
-2.830111267869728220e+00,-1.043721495377382524e+01,9.139199846056051513e+00
-2.937732834155440731e+00,-1.115501141033482746e+01,9.139199846056051513e+00
-3.044872947793353823e+00,-1.017595769682702489e+01,-4.620681839505758504e+00
-3.142258191436467119e+00,-9.206364737511551155e+00,-4.620681839505758504e+00
-3.230018423529350535e+00,-8.253755909898000453e+00,-4.620681839505758504e+00
-3.308351205629239900e+00,-7.323995133996062279e+00,-4.620681839505758504e+00
-3.377505664554723896e+00,-6.421401516869262416e+00,-4.620681839505758504e+00
-3.439199821396373924e+00,-5.863737779815775042e+00,-1.961540696201795608e+00
-3.495376043561395640e+00,-5.319379855656622524e+00,-1.961540696201795608e+00
-3.546173306851619689e+00,-4.789581789136510004e+00,-1.961540696201795608e+00
-3.591741675037764203e+00,-4.275280759300548183e+00,-1.961540696201795608e+00
-3.632239281260709163e+00,-3.777130986640591548e+00,-1.961540696201795608e+00
-3.663761064996357231e+00,-2.401297326663538900e+00,-1.029655071654145360e+01
-3.682240962444863097e+00,-1.182410059350261111e+00,-9.444760288692425121e+00
-3.689185360359932719e+00,-1.067420192562010955e-01,-8.603217451717666719e+00
-3.686052273890600084e+00,8.197523134689169710e-01,-7.606735160114336480e+00
-3.674325392328953832e+00,1.598530871273820653e+00,-6.544367596701608392e+00
-3.653442871297395200e+00,2.679988592880711451e+00,-9.664710265062694816e+00
-3.621905873922044439e+00,3.726730953292606952e+00,-9.664710265062694816e+00
-3.580042359892730008e+00,4.742757542666001136e+00,-9.664710265062694816e+00
-3.528147215107667822e+00,5.730479248412712501e+00,-9.664710265062694816e+00
-3.466499340580327715e+00,6.690456021504835427e+00,-9.664710265062694816e+00
-3.395149677777592245e+00,7.672438079196902905e+00,-1.010134089917174016e+01
-3.314076763003610537e+00,8.631965370036372320e+00,-1.019887620320784727e+01
-3.223802055254281207e+00,9.502859356461074825e+00,-9.806596462126988101e+00
-3.125288562881731735e+00,1.026781638164614385e+01,-9.338636523862732020e+00
-3.019764927686685585e+00,1.088933600529675338e+01,-8.634704361036993348e+00
-2.914820338716255232e+00,1.001516051763644555e+01,3.211867681482627024e+00
-2.819100365738850034e+00,9.036197147008213193e+00,4.274387624347917303e+00
-2.733545995394911721e+00,7.976024413069282559e+00,5.279311383189499551e+00
-2.658883300064032618e+00,6.853394660163755425e+00,6.257267118685199137e+00
-2.595662169814317632e+00,5.684386432578317105e+00,7.210526815192431549e+00
-2.543259600009277310e+00,4.706816546860434158e+00,5.959526152797467446e+00
-2.499728088113851499e+00,3.927860450376572832e+00,4.473291648124842368e+00
-2.463143335433146230e+00,3.333988434185547689e+00,2.948977425098686656e+00
-2.431714823572753925e+00,2.912022437018060739e+00,1.398745777075786956e+00
-2.403804722801556881e+00,2.644162222537085771e+00,-1.116226602552322644e-01
-2.380649858966250587e+00,1.920384411685492676e+00,5.029622946515130977e+00
-2.364574721443907457e+00,1.231178339440945235e+00,5.029622946515130977e+00
-2.355247147647543837e+00,5.735313679223620342e-01,5.029622946515130977e+00
-2.352364980924780635e+00,-5.552622134251913866e-02,5.029622946515130977e+00
-2.355655272260911648e+00,-6.588425470734534661e-01,5.029622946515130977e+00
-2.365064365763503762e+00,-1.281414102267318889e+00,5.515896674622132068e+00
-2.381125741355267333e+00,-1.998739917246957098e+00,6.838270284647681940e+00
-2.404756469313872547e+00,-2.804369669684401156e+00,8.062038817723998108e+00
-2.436911457341978338e+00,-3.714486106151263733e+00,9.411357996707028661e+00
-2.478681606287258088e+00,-4.739529631309034485e+00,1.079846116804612954e+01
-2.529455321939222845e+00,-5.488356422052687478e+00,8.123230862686487086e+00
-2.587670873338254296e+00,-6.226945743527015686e+00,8.123230862686487086e+00
-2.653225970584107252e+00,-6.955067475372603170e+00,8.123230862686487086e+00
-2.726009740004196047e+00,-7.671073787218578133e+00,8.123230862686487086e+00
-2.805888041837329983e+00,-8.371790631883223810e+00,8.123230862686487086e+00
-2.892984977499741817e+00,-9.118297887261663348e+00,8.684759347455674572e+00
-2.986267374136173824e+00,-9.580072427651785461e+00,6.542882536404230009e+00
-3.082683117936462658e+00,-9.712430026924659288e+00,4.080790028534354796e+00
-3.178845606526329526e+00,-9.496068062279576338e+00,1.444959678183663776e+00
-3.271252706866713211e+00,-8.929008369406258083e+00,-1.305587195883718188e+00
-3.358440055331803009e+00,-8.461606415335955589e+00,-5.103212361593119084e-01
-3.440127031249508693e+00,-7.813054954298975119e+00,-2.038914090398597612e+00
-3.514584301078006678e+00,-7.001795930020504599e+00,-3.564412440246510272e+00
-3.580274576352929117e+00,-6.047681613945341539e+00,-5.082805635887588380e+00
-3.635858704334311131e+00,-4.970207931787841815e+00,-6.587957897660915663e+00
-3.679749579426959460e+00,-3.691385661916799066e+00,-8.966065095138532115e+00
-3.711460046800439283e+00,-2.545847628905622440e+00,-8.319116196093188975e+00
-3.732203347860397979e+00,-1.507271707937295924e+00,-7.822633047888337465e+00
-3.743040238343928294e+00,-5.737584876675885237e-01,-7.258844979527707686e+00
-3.744960918129130345e+00,2.678818760176308045e-01,-6.747590521885387993e+00
-3.741388831632002532e+00,4.647817046627276127e-01,-7.090828356072220728e-01
-3.735887029778607982e+00,6.529638669915879268e-01,-7.090828356072220728e-01
-3.728542391354476404e+00,8.324953049566493624e-01,-7.090828356072220728e-01
-3.719441110184128707e+00,1.003446072318526117e+00,-7.090828356072220728e-01
-3.708668671773905245e+00,1.165887689882262546e+00,-7.090828356072220728e-01
-3.692098308092575998e+00,2.250308244663012491e+00,-9.664710265062694816e+00
-3.664847919061683612e+00,3.299247620329242903e+00,-9.664710265062694816e+00
-3.627249496041683674e+00,4.317533546783169918e+00,-9.664710265062694816e+00
-3.579593130456731664e+00,5.308525786562877435e+00,-9.664710265062694816e+00
-3.522142910566792295e+00,6.273849376181975579e+00,-9.664710265062694816e+00
-3.454928354930156154e+00,7.263452676919256668e+00,-1.010134089917174016e+01
-3.377895054513039064e+00,8.235147102303356448e+00,-1.019887620320784727e+01
-3.291509129792400845e+00,9.124892652568554752e+00,-9.806596462126988101e+00
-3.196662888661379043e+00,9.916187161280930695e+00,-9.338636523862732020e+00
-3.094508711851550853e+00,1.057173269892906120e+01,-8.634704361036993348e+00
-2.986254512545687412e+00,1.112446014010626882e+01,-8.258243502066317632e+00
-2.872659460835961909e+00,1.163339531951202765e+01,-8.441662095348158701e+00
-2.754337741119316618e+00,1.205959974310837701e+01,-8.409612474305385277e+00
-2.632274585060188965e+00,1.236853221122568414e+01,-8.167107614652591607e+00
-2.507761531527386456e+00,1.253463527903503483e+01,-7.735577885313960067e+00
-2.383248612685473944e+00,1.233758448384381623e+01,-4.957418024371098575e+00
-2.260997869182226339e+00,1.207566238076764442e+01,-4.957418024371098575e+00
-2.141656893280750484e+00,1.174943676709611751e+01,-4.957418024371098575e+00
-2.025859937696788737e+00,1.136115384912010029e+01,-4.957418024371098575e+00
-1.915174671384989979e+00,1.059898229961208571e+01,-4.957418024371098575e+00
-1.813194084734932821e+00,9.708461225962880192e+00,-5.277099795780067382e+00
-1.720099108420601430e+00,8.823485750232814340e+00,-5.277099795780067382e+00
-1.635805384618048919e+00,7.950426616633158972e+00,-5.277099795780067382e+00
-1.560166538007561554e+00,7.095229696070473047e+00,-5.277099795780067382e+00
-1.492979484394991951e+00,6.263199294413441365e+00,-5.277099795780067382e+00
-1.433386672390200900e+00,5.606945969001742469e+00,6.399054578437954888e+00
-1.379905852422599333e+00,5.048459197552888078e+00,6.399054578437954888e+00
-1.331614898520162127e+00,4.575679788941600101e+00,6.399054578437954888e+00
-1.287705505199130851e+00,4.178030238459878198e+00,6.399054578437954888e+00
-1.247468958663174865e+00,3.846281833899440006e+00,6.399054578437954888e+00
-1.209726239892419786e+00,3.696902292344074414e+00,9.490098633253204241e+00
-1.173554626107332410e+00,3.528957731677028420e+00,7.840619633084951801e+00
-1.139447502859266992e+00,3.274369270616413363e+00,5.066271190323431206e+00
-1.108536184190922924e+00,2.874856689609871729e+00,1.469237101733696260e+00
-1.082562880668837213e+00,2.266367499680769448e+00,-3.049012825297359175e+00
-1.059336259889817278e+00,2.394206838795334136e+00,8.976980088822617887e+00
-1.034819457540691268e+00,2.524750750439280544e+00,8.773379027484057957e+00
-1.009174779542584943e+00,2.616184784194001356e+00,7.905296966648767132e+00
-9.828856703201410694e-01,2.648039301729601558e+00,6.735305235827602210e+00
-9.566771862334739751e-01,2.591719718441551912e+00,5.163803140465221375e+00
-9.316275855515859794e-01,2.403872055025698007e+00,2.999030712052002112e+00
-9.081354443097428009e-01,2.286413505375972210e+00,3.614541435157592630e+00
-8.854951027298954003e-01,2.239780160232733852e+00,4.282541687023052823e+00
-8.629856124500296932e-01,2.266833300088233472e+00,5.028827127313622469e+00
-8.398434674657984100e-01,2.373527711706192367e+00,5.885201779281587164e+00
-8.149198206300062308e-01,2.637563060814609006e+00,7.723195009328765792e+00
-7.873544369620751882e-01,2.902258055953407467e+00,7.722452758726211286e+00
-7.573194462574558417e-01,3.128223169446555207e+00,7.244091787219670842e+00
-7.252447622137742078e-01,3.305963098231960995e+00,6.635295749771751517e+00
-6.916283640206298822e-01,3.431909507928137870e+00,5.970232977535373742e+00
-6.546253558580118481e-01,4.026226082175226928e+00,1.082413868574262850e+01
-6.131466793564748219e-01,4.298158534604697323e+00,7.590483374718902887e+00
-5.706074218708426793e-01,4.204992856670982881e+00,3.846316514511697093e+00
-5.309018308774441364e-01,3.693176249011149270e+00,-4.924813922582328418e-01
-4.983929501136489248e-01,2.724481813878878889e+00,-5.305808984703702436e+00
-4.669399633017210505e-01,3.657257627062800331e+00,1.065341157799161209e+01
-4.261961024779093998e-01,4.583044397463075015e+00,1.067636464338103863e+01
-3.762703531278916436e-01,5.492916471509549758e+00,1.056818985287257817e+01
-3.174169174102975388e-01,6.365479688172035466e+00,1.023910484047899594e+01
-2.501355624722609305e-01,7.172295266159147253e+00,9.652189647398129679e+00
-1.827072276279201046e-01,6.226457801149362759e+00,-5.014033931358006235e+00
-1.245283721750141681e-01,5.326962020951484966e+00,-5.014033931358006235e+00
-7.513900360234648801e-02,4.472868603081326278e+00,-5.014033931358006235e+00
-3.409250409462286774e-02,3.662402764949350686e+00,-5.014033931358006235e+00
-9.628373110420361189e-04,2.893201326773937154e+00,-5.014033931358006235e+00
2.489419021625807055e-02,2.216261764706653814e+00,-4.576048897616466604e+00
4.413469033455208468e-02,1.572777144989504938e+00,-4.576048897616466604e+00
5.708050791112235373e-02,9.599216485653662145e-01,-4.576048897616466604e+00
6.402527562794568805e-02,3.748930665617493663e-01,-4.576048897616466604e+00
6.523495471713509908e-02,-1.850224309461691030e-01,-4.576048897616466604e+00
6.348959034085600861e-02,-1.619755353560834998e-01,0.000000000000000000e+00
6.196858856882480476e-02,-1.402652762009040655e-01,0.000000000000000000e+00
6.065907102737785189e-02,-1.197846083138132817e-01,0.000000000000000000e+00
5.954919630617477866e-02,-1.004338261520341530e-01,0.000000000000000000e+00
5.862808901458954614e-02,-8.212002594942161005e-02,0.000000000000000000e+00
5.788577404421126060e-02,-6.475660567507568466e-02,0.000000000000000000e+00
5.731311567135113222e-02,-4.826280017239588382e-02,0.000000000000000000e+00
5.690176115894839126e-02,-3.256324902016888984e-02,0.000000000000000000e+00
5.664408854112849834e-02,-1.758759481672552555e-02,0.000000000000000000e+00
5.653315829596872177e-02,-3.270109739616088636e-03,0.000000000000000000e+00
5.656266863284963725e-02,1.045065162347327825e-02,0.000000000000000000e+00
5.672691414019966072e-02,2.363217504166582189e-02,0.000000000000000000e+00
5.702074755755122404e-02,3.632828674758568910e-02,0.000000000000000000e+00
5.743954445270227360e-02,4.858943250619442850e-02,0.000000000000000000e+00
5.797917060049082721e-02,6.046293715614147607e-02,0.000000000000000000e+00
5.863595187431591693e-02,7.199324602910914250e-02,0.000000000000000000e+00
5.940664647514634633e-02,8.322214955455022045e-02,0.000000000000000000e+00
6.028841933541532333e-02,9.418899226558975768e-02,0.000000000000000000e+00
6.127881854696663744e-02,1.049308673363406746e-01,0.000000000000000000e+00
6.237575367315744551e-02,1.154827977011130269e-01,0.000000000000000000e+00
6.357747581538820969e-02,1.258779047316367639e-01,0.000000000000000000e+00
6.488255931377580332e-02,1.361475653791292539e-01,0.000000000000000000e+00
6.628988497046001127e-02,1.463215586235027399e-01,0.000000000000000000e+00
6.779862469218243815e-02,1.564282020119081851e-01,0.000000000000000000e+00
6.940822745634404878e-02,1.664944790128601304e-01,0.000000000000000000e+00
7.111840651177175898e-02,1.765461578600943660e-01,0.000000000000000000e+00
7.292912773194612508e-02,1.866079025118157209e-01,0.000000000000000000e+00
7.484059904449184841e-02,1.967033763058405049e-01,0.000000000000000000e+00
7.685326086634652887e-02,2.068553388490873834e-01,0.000000000000000000e+00
7.896777747922932578e-02,2.170857366407038802e-01,0.000000000000000000e+00
8.118502928485722692e-02,2.274157878916115705e-01,0.000000000000000000e+00
8.350610588382990918e-02,2.378660619692191669e-01,0.000000000000000000e+00
8.593229992624640268e-02,2.484565538642979909e-01,0.000000000000000000e+00
8.846510168595191070e-02,2.592067540473614318e-01,0.000000000000000000e+00
9.110619431386025868e-02,2.701357140541736368e-01,0.000000000000000000e+00
9.385744972907562877e-02,2.812621081140741497e-01,0.000000000000000000e+00
9.672092510956335765e-02,2.926042911104926314e-01,0.000000000000000000e+00
9.969885994690916298e-02,3.041803531402114680e-01,0.000000000000000000e+00
1.027936736322747763e-01,3.160081709164607733e-01,0.000000000000000000e+00
1.011379815793546216e-01,-7.461081636587296728e-01,-8.800073972314812920e+00
