-1.446475770673938399e+00,-1.744152746014971944e-01,0.000000000000000000e+00
-1.449519531525235605e+00,-4.585868524538045388e-01,-4.322631846025424274e+00
-1.455292314766795991e+00,-7.178409198230548682e-01,-4.322631846025424274e+00
-1.463548103564575653e+00,-9.528889607350855551e-01,-4.322631846025424274e+00
-1.474048216207187512e+00,-1.164489394888687190e+00,-4.322631846025424274e+00
-1.486561729677389865e+00,-1.353437861623153049e+00,-4.322631846025424274e+00
-1.501050942556016565e+00,-1.559700311333944267e+00,-8.508353581822037270e+00
-1.517458144384990826e+00,-1.733927608294784095e+00,-8.508353581822037270e+00
-1.535465953458235111e+00,-1.876825966487045916e+00,-8.508353581822037270e+00
-1.554765154652125281e+00,-1.989343072352123709e+00,-8.508353581822037270e+00
-1.575057017184165575e+00,-2.072646541295327882e+00,-8.508353581822037270e+00
-1.596066572078810086e+00,-2.131526251073509570e+00,-6.447690515677542145e+00
-1.617567824893958006e+00,-2.169062085932798922e+00,-6.447690515677542145e+00
-1.639353167213829954e+00,-2.186561282023792518e+00,-6.447690515677542145e+00
-1.661228331710813189e+00,-2.185388696382774665e+00,-6.447690515677542145e+00
-1.683012916290479444e+00,-2.166955160702227712e+00,-6.447690515677542145e+00
-1.704436886545007024e+00,-2.109204158353383374e+00,-8.052289564243292119e+00
-1.725208179642414796e+00,-2.035113257940408982e+00,-8.052289564243292119e+00
-1.745172347098288723e+00,-1.946672947083519789e+00,-8.052289564243292119e+00
-1.764194850800942405e+00,-1.845870983615801153e+00,-8.052289564243292119e+00
-1.782160940444248665e+00,-1.734671459866852672e+00,-8.052289564243292119e+00
-1.801009075013791705e+00,-2.066896572343744687e+00,9.188929574841409931e+00
-1.822700527798189141e+00,-2.293160530939877262e+00,5.694204585390167495e+00
-1.846089575388334625e+00,-2.393940563587847237e+00,1.822370409726797202e+00
-1.869746590184186319e+00,-2.330356056304990098e+00,-2.877994352136155065e+00
-1.891820983563421876e+00,-2.056964401265068076e+00,-8.489612734297303120e+00
-1.913528770269503632e+00,-2.308036002364206585e+00,4.935209656793022148e+00
-1.937704503880963935e+00,-2.549929216229157358e+00,4.935209656793022148e+00
-1.964264015185973378e+00,-2.784287679288399708e+00,4.935209656793022148e+00
-1.993138410645219238e+00,-3.012500818249105095e+00,4.935209656793022148e+00
-2.024542512923865889e+00,-3.326397962187097157e+00,4.935209656793022148e+00
-2.059803877028970387e+00,-3.770879713208486805e+00,6.597151159577537172e+00
-2.099527811016806744e+00,-4.219622476865535710e+00,6.597151159577537172e+00
-2.143764125425892786e+00,-4.674153163268167432e+00,6.597151159577537172e+00
-2.192576043043788836e+00,-5.135577873822011696e+00,6.597151159577537172e+00
-2.246035776124559291e+00,-5.604532396620475865e+00,6.597151159577537172e+00
-2.304525563887660056e+00,-6.149504184863745060e+00,7.460667943302761174e+00
-2.368507786436839790e+00,-6.703880905747432450e+00,7.460667943302761174e+00
-2.438073067914846792e+00,-7.266733299930839607e+00,7.460667943302761174e+00
-2.513298448089496873e+00,-7.836157004086610200e+00,7.460667943302761174e+00
-2.594237107441103696e+00,-8.409156617474177864e+00,7.460667943302761174e+00
-2.677225729367189277e+00,-8.162507296322159434e+00,-1.869523949177520628e-01
-2.757710193695231293e+00,-7.907546233767928534e+00,-1.869523949177520628e-01
-2.835609065102821180e+00,-7.644679044984608929e+00,-1.869523949177520628e-01
-2.910845706311495640e+00,-7.374471164728706007e+00,-1.869523949177520628e-01
-2.983349752052898207e+00,-7.097620218342751031e+00,-1.869523949177520628e-01
-3.054517214625440236e+00,-7.137149565337593593e+00,2.461844172900935490e+00
-3.126005466611214700e+00,-7.159930640238006738e+00,2.461844172900935490e+00
-3.197642518886820273e+00,-7.164988823898045034e+00,2.461844172900935490e+00
-3.269247324275209809e+00,-7.151506208001087828e+00,2.461844172900935490e+00
-3.340631433724456034e+00,-7.118840842379799305e+00,2.461844172900935490e+00
-3.409198900871680760e+00,-6.538542231237758351e+00,-1.961540696201795608e+00
-3.472018387117981497e+00,-5.970793617348389759e+00,-1.961540696201795608e+00
-3.529222865165827283e+00,-5.417186583248664533e+00,-1.961540696201795608e+00
-3.580959569399223330e+00,-4.878950556793583360e+00,-1.961540696201795608e+00
-3.627386516560898055e+00,-4.356985439175307562e+00,-1.961540696201795608e+00
-3.664593480257847258e+00,-2.956556148349567703e+00,-1.029655071654145360e+01
-3.688526984771930639e+00,-1.716242217876389864e+00,-9.444760288692425121e+00
-3.700722739936944450e+00,-6.217496482923294820e-01,-8.603217451717666719e+00
-3.702660992469710255e+00,3.218393645054351548e-01,-7.606735160114336480e+00
-3.695838416758755685e+00,1.116949176311702097e+00,-6.544367596701608392e+00
-3.679724009066466905e+00,2.208664159887316902e+00,-9.664710265062694816e+00
-3.652860038213429750e+00,3.264127213135779471e+00,-9.664710265062694816e+00
-3.615586525387826100e+00,4.288096169964847881e+00,-9.664710265062694816e+00
-3.568202256290888830e+00,5.283867644048831913e+00,-9.664710265062694816e+00
-3.510980629378313012e+00,6.253006533855952398e+00,-9.664710265062694816e+00
-3.443960123148232189e+00,7.245602926528073695e+00,-1.010134089917174016e+01
-3.367095827063035340e+00,8.219191153758197643e+00,-1.019887620320784727e+01
-3.280865829898680364e+00,9.109527907714847217e+00,-9.806596462126988101e+00
-3.186175275999498346e+00,9.900160312918579564e+00,-9.338636523862732020e+00
-3.084188620555273541e+00,1.055390499415837802e+01,-8.634704361036993348e+00
-2.976124354244521708e+00,1.110387205281603684e+01,-8.258243502066317632e+00
-2.862751091995688224e+00,1.160911430959770918e+01,-8.441662095348158701e+00
-2.744691734790931648e+00,1.203084066889346282e+01,-8.409612474305385277e+00
-2.622938226140137719e+00,1.233477398190458274e+01,-8.167107614652591607e+00
-2.498785778876305042e+00,1.249570522845582943e+01,-7.735577885313960067e+00
-2.374677722841914917e+00,1.229520166053926822e+01,-4.957418024371098575e+00
-2.252866044967552828e+00,1.202992286910356512e+01,-4.957418024371098575e+00
-2.133996811218089373e+00,1.170055942564769325e+01,-4.957418024371098575e+00
-2.018701598266877006e+00,1.130946210077305381e+01,-4.957418024371098575e+00
-1.908859081164632654e+00,1.050235169015497405e+01,-4.957418024371098575e+00
-1.807828098263590366e+00,9.615611881618056245e+00,-5.277099795780067382e+00
-1.715643252075233827e+00,8.734779597526985739e+00,-5.277099795780067382e+00
-1.632216773223914785e+00,7.866175787016107535e+00,-5.277099795780067382e+00
-1.557399447402846748e+00,7.015681748842037990e+00,-5.277099795780067382e+00
-1.490986030538585139e+00,6.188531205286416537e+00,-5.277099795780067382e+00
-1.432106034081035872e+00,5.539586061933927219e+00,6.399054578437954888e+00
-1.379270089598135574e+00,4.987289619595508761e+00,6.399054578437954888e+00
-1.331566658034198269e+00,4.519712012293905623e+00,6.399054578437954888e+00
-1.288196782114883865e+00,4.126392748263001842e+00,6.399054578437954888e+00
-1.248459983617361990e+00,3.798207362401789133e+00,6.399054578437954888e+00
-1.211186291274590765e+00,3.651291615197776785e+00,9.490098633253204241e+00
-1.175461031483188812e+00,3.485401832714924097e+00,7.840619633084951801e+00
-1.141779531427467465e+00,3.232935878517829487e+00,5.066271190323431206e+00
-1.111270255476277891e+00,2.836091583165690988e+00,1.469237101733696260e+00
-1.085667519997861152e+00,2.231351262634220234e+00,-3.049012825297359175e+00
-1.062793769128691279e+00,2.358531864576824066e+00,8.976980088822617887e+00
-1.038637440735543649e+00,2.488195935312334850e+00,8.773379027484057957e+00
-1.013361679783182145e+00,2.578833279193295969e+00,7.905296966648767132e+00
-9.874482718757753297e-01,2.610157216611626030e+00,6.735305235827602210e+00
-9.616185145213447250e-01,2.553815721333788424e+00,5.163803140465221375e+00
-9.369439830483534681e-01,2.366807122419475995e+00,2.999030712052002112e+00
-9.138210172638240314e-01,2.249638914976087367e+00,3.614541435157592630e+00
-8.915495037068342787e-01,2.202733866121653339e+00,4.282541687023052823e+00
-8.694142544745570023e-01,2.228922074920500762e+00,5.028827127313622469e+00
-8.466579380784035047e-01,2.334104667963580404e+00,5.885201779281587164e+00
-8.221408981663201887e-01,2.595381298837873718e+00,7.723195009328765792e+00
-7.950099088990937313e-01,2.857273653713396033e+00,7.722452758726211286e+00
-7.654360767155345968e-01,3.080714915088983208e+00,7.244091787219670842e+00
-7.338461179278621405e-01,3.256300418021358389e+00,6.635295749771751517e+00
-7.007341414001850843e-01,3.380500760101398328e+00,5.970232977535373742e+00
-6.656793964264509089e-01,3.658979243542307191e+00,7.497573160602186704e+00
-6.274548776687811635e-01,4.022450811411616201e+00,8.333921789758775844e+00
-5.851924503175129910e-01,4.475031341847251376e+00,9.215225246554435756e+00
-5.380596709904073016e-01,5.003890914682116886e+00,9.968266822538858207e+00
-4.854511286275721149e-01,5.614981222206784750e+00,1.033548272253172584e+01
-4.297955056448560240e-01,5.509408844205403888e+00,2.100023449215167481e+00
-3.751314375522020184e-01,5.417815749967827443e+00,2.026014420675403382e+00
-3.213173985528912646e-01,5.340604611048719086e+00,1.969903594090064658e+00
-2.682227731743297428e-01,5.274868921923876464e+00,1.901843930691496709e+00
-2.157498004626872690e-01,5.216864457386507503e+00,1.813756605064245520e+00
-1.659750573981540744e-01,4.690635793357907701e+00,-2.216274030792582561e+00
-1.216138716116431928e-01,4.130905692528150652e+00,-2.744125852187877079e+00
-8.301443098772688656e-02,3.534767362718308270e+00,-3.297419962530902637e+00
-5.055721019299387609e-02,2.898586825175210713e+00,-3.883711796046574349e+00
-2.465781427730800307e-02,2.218981416749774560e+00,-4.501839658491899598e+00
-5.445366318745236897e-03,1.563210984923187219e+00,-4.576048897616466604e+00
7.349555137104618260e-03,9.381001253067418055e-01,-4.576048897616466604e+00
1.402152965627432094e-02,3.409860413575918070e-01,-4.576048897616466604e+00
1.483878565088362668e-02,-2.307210576511639633e-01,-4.576048897616466604e+00
1.004419316712999895e-02,-7.794819312612919493e-01,-4.576048897616466604e+00
2.402608678813411384e-03,-7.460304625653396693e-01,0.000000000000000000e+00
-4.918899925436445372e-03,-7.157488843730224204e-01,0.000000000000000000e+00
-1.195110394283873181e-02,-6.884339888858094225e-01,0.000000000000000000e+00
-1.872281284469586027e-02,-6.638979771546891229e-01,0.000000000000000000e+00
-2.526102349878370235e-02,-6.419673916702323124e-01,0.000000000000000000e+00
-3.159105905345982457e-02,-6.224821227455071826e-01,0.000000000000000000e+00
-3.773669820114763235e-02,-6.052944842119617475e-01,0.000000000000000000e+00
-4.372029549470665688e-02,-5.902683540984399180e-01,0.000000000000000000e+00
-4.956289334766826593e-02,-5.772783761375456235e-01,0.000000000000000000e+00
-5.528432630860027897e-02,-5.662092181328004514e-01,0.000000000000000000e+00
-6.090331816108335988e-02,-5.569548834177057151e-01,0.000000000000000000e+00
-6.643757236399649990e-02,-5.494180718387620121e-01,0.000000000000000000e+00
-7.190385631203240202e-02,-5.435095868948444098e-01,0.000000000000000000e+00
-7.731807986357829010e-02,-5.391477858622202302e-01,0.000000000000000000e+00
-8.269536855225559369e-02,-5.362580699258236994e-01,0.000000000000000000e+00
-8.805013186945474801e-02,-5.347724115217280527e-01,0.000000000000000000e+00
-9.339612697805080299e-02,-5.346289162720353483e-01,0.000000000000000000e+00
-9.874651819205877701e-02,-5.357714170610528015e-01,0.000000000000000000e+00
-1.041139325331987830e-01,-5.381490979602445712e-01,0.000000000000000000e+00
-1.096969504901457310e-01,-5.828351141175521777e-01,-3.369820210135543448e-01
-1.157246077019920272e-01,-6.270503039375050491e-01,-3.369820210135543448e-01
-1.221927436704673964e-01,-6.709151743769027343e-01,-3.369820210135543448e-01
-1.290983737657254715e-01,-7.145438330682840622e-01,-3.369820210135543448e-01
-1.364396273798654524e-01,-7.580444580133046673e-01,-3.369820210135543448e-01
-1.385519522049361019e-01,4.476589037068072208e-01,9.940627661968484574e+00
-1.304510803076587011e-01,1.247444045212268593e+00,6.997429089368331745e+00
-1.161668719639833425e-01,1.647341145340436963e+00,3.948946114288826692e+00
-9.968992776150516211e-02,1.648883546148154355e+00,7.789152990666993182e-01
-8.500882515747280876e-02,1.250798958056752452e+00,-2.524645977231400273e+00
-6.790250291520405490e-02,2.265888932761047858e+00,8.871123884837711415e+00
-4.308636668292366995e-02,2.742883617934143814e+00,4.762960760830647899e+00
-1.595234546686362734e-02,2.679088289454883753e+00,4.547363441622048197e-01
8.078924611079615209e-03,2.071575281665145596e+00,-4.050118305869761848e+00
2.354933508490613878e-02,9.155644940483854688e-01,-8.764972459420283357e+00
3.256353465265492131e-02,8.847741058052998042e-01,0.000000000000000000e+00
4.128527573037930193e-02,8.573767107550243072e-01,0.000000000000000000e+00
4.974754725670135769e-02,8.331662467175138254e-01,0.000000000000000000e+00
5.798135069515567008e-02,8.119526966412725644e-01,0.000000000000000000e+00
6.601585545192283078e-02,7.935609844610896912e-01,0.000000000000000000e+00
7.387854359945918159e-02,7.778299472739892417e-01,0.000000000000000000e+00
8.159534464817208566e-02,7.646113791826038009e-01,0.000000000000000000e+00
8.919076106240149404e-02,7.537691422988775924e-01,0.000000000000000000e+00
9.668798517264864945e-02,7.451783405718001019e-01,0.000000000000000000e+00
1.041090080934649054e-01,7.387245522909562379e-01,0.000000000000000000e+00
1.066059855025121017e-01,-3.395481513907522286e-01,-8.800073972314812920e+00
9.851959553689049187e-02,-1.374547393002190532e+00,-8.800073972314812920e+00
8.025811809132184227e-02,-2.371594103748923654e+00,-8.800073972314812920e+00
5.217980437052475995e-02,-3.335253066064689964e+00,-8.800073972314812920e+00
1.460159652807870023e-02,-4.269081883215703144e+00,-8.800073972314812920e+00
-2.402770132467338393e-02,-3.375139779669568796e+00,5.871200675311132322e+00
-5.392453965672959482e-02,-2.526584533761433438e+00,5.871200675311132322e+00
-7.552744307177296224e-02,-1.719949738107926063e+00,5.871200675311132322e+00
-8.923916656142577564e-02,-9.515582058653587749e-01,5.871200675311132322e+00
-9.542538425993726814e-02,-2.176916072318300088e-01,5.871200675311132322e+00
-9.766646127918567066e-02,-2.319406105376685678e-01,0.000000000000000000e+00
-1.000498594913045158e-01,-2.461586830072903243e-01,0.000000000000000000e+00
-1.027619614932349240e-01,-3.015230593765712563e-01,-3.369820210135543448e-01
-1.060204878554461272e-01,-3.553190848849185901e-01,-3.369820210135543448e-01
-1.098106205562009163e-01,-4.077369127239697244e-01,-3.369820210135543448e-01
-1.141193909209980151e-01,-4.589552586472677720e-01,-3.369820210135543448e-01
-1.189355690648384589e-01,-5.091422376756915558e-01,-3.369820210135543448e-01
-1.185724724716460399e-01,6.937493527322433629e-01,9.940627661968484574e+00
-1.080238652008111006e-01,1.490758622332684746e+00,6.997429089368331745e+00
-9.132080296945636888e-02,1.887605357576989107e+00,3.948946114288826692e+00
-7.245702530392955643e-02,1.885765510079827179e+00,7.789152990666993182e-01
-5.542393245577553057e-02,1.484091255154547540e+00,-2.524645977231400273e+00
-3.492210238641924730e-02,2.733633018798961256e+00,1.078446819932408829e+01
-4.414690445785168088e-03,3.434410425476048356e+00,6.667633321874342656e+00
3.060518428330601809e-02,3.584980502642191702e+00,2.350166215166129113e+00
6.463324108120585554e-02,3.184827498528322920e+00,-2.159980692594662521e+00
