8.032346495677942233e-01,2.916152502287708836e-01,0.000000000000000000e+00
8.031013547496665961e-01,-3.657624568617666716e-01,-9.636270175371867808e+00
7.968577207364726522e-01,-9.243730286231317539e-01,-9.636270175371867808e+00
7.853945251417329132e-01,-1.404926376096534701e+00,-9.636270175371867808e+00
7.694143809962216141e-01,-1.824078314330180195e+00,-9.636270175371867808e+00
7.494687313040857557e-01,-2.195190831854073377e+00,-9.636270175371867808e+00
7.267130623357290764e-01,-2.371875908066334748e+00,-7.806796230395807612e+00
7.022338918088726345e-01,-2.539417039467560588e+00,-7.806796230395807612e+00
6.761114701115459313e-01,-2.700199485116297815e+00,-7.806796230395807612e+00
6.484045347284926875e-01,-2.856106300554415167e+00,-7.806796230395807612e+00
6.191549263148612425e-01,-3.008604958388580553e+00,-7.806796230395807612e+00
5.908308593398915454e-01,-2.630607800253475403e+00,-2.274212025857929032e+00
5.659728427295935838e-01,-2.320047066301053285e+00,-2.274212025857929032e+00
5.439603103843831944e-01,-2.065368681165434595e+00,-2.274212025857929032e+00
5.242789537314038739e-01,-1.857012079292332141e+00,-2.274212025857929032e+00
5.065023936847052877e-01,-1.687065104803590732e+00,-2.274212025857929032e+00
4.875355896013011670e-01,-2.208840233471144554e+00,-7.334327878463691164e+00
4.627451537609237886e-01,-2.807581595430468813e+00,-7.334327878463691164e+00
4.320040971971748633e-01,-3.398793295539442205e+00,-7.334327878463691164e+00
3.953726621234219252e-01,-3.985714130194967453e+00,-7.334327878463691164e+00
3.528813896502933090e-01,-4.570976402155348062e+00,-7.334327878463691164e+00
3.116183815633268850e-01,-3.590153670433260391e+00,6.169953645218587468e+00
2.785091622034188696e-01,-2.975025076073032348e+00,3.393220642055471803e+00
2.498142987139002624e-01,-2.743449620897583596e+00,3.958927187040056639e-01
2.216387227928288961e-01,-2.908523780671836256e+00,-2.798972266734783609e+00
1.899653368766402728e-01,-3.481581967177832748e+00,-6.177930469689961512e+00
1.592041030504449950e-01,-2.588050040823034692e+00,5.871200675311132322e+00
1.371974192235354550e-01,-1.734286853893888480e+00,5.871200675311132322e+00
1.235579523640507049e-01,-9.179374296481053186e-01,5.871200675311132322e+00
1.179229642580709864e-01,-1.364492546475282730e-01,5.871200675311132322e+00
1.199554846471498765e-01,6.127555757532476832e-01,5.871200675311132322e+00
1.212415260830350394e-01,-4.548396531701200396e-01,-8.800073972314812920e+00
1.120469965061404449e-01,-1.480060768769356105e+00,-8.800073972314812920e+00
9.277086644598708798e-02,-2.468291798813311289e+00,-8.800073972314812920e+00
6.376160531232152873e-02,-3.424127287700164946e+00,-8.800073972314812920e+00
2.532619225998574905e-02,-4.351130076850609818e+00,-8.800073972314812920e+00
-1.409722627849361275e-02,-3.451355053045938703e+00,5.871200675311132322e+00
-4.473060167900359818e-02,-2.597148026050335901e+00,5.871200675311132322e+00
-6.701461118063581357e-02,-1.785113744324654528e+00,5.871200675311132322e+00
-8.135476709807534790e-02,-1.011623415370063617e+00,5.871200675311132322e+00
-8.811990107388706361e-02,-2.729893312148549134e-01,5.871200675311132322e+00
-9.089592858379012819e-02,-2.832867710260589811e-01,0.000000000000000000e+00
-9.377606556650897041e-02,-2.938391267177158372e-01,0.000000000000000000e+00
-9.676292688273230302e-02,-3.046609989845315281e-01,0.000000000000000000e+00
-9.985927345311271242e-02,-3.157670061905044068e-01,0.000000000000000000e+00
-1.030680125772482220e-01,-3.271718157060968801e-01,0.000000000000000000e+00
-1.065786689886143307e-01,-3.800178619956362525e-01,-3.369820210135543448e-01
-1.106118733108105712e-01,-4.315826234317328702e-01,-3.369820210135543448e-01
-1.151555979899218235e-01,-4.820386762350850063e-01,-3.369820210135543448e-01
-1.201994948898731930e-01,-5.315484395877332346e-01,-3.369820210135543448e-01
-1.257347971179958446e-01,-5.802649198146844212e-01,-3.369820210135543448e-01
-1.260820530393726713e-01,6.227673556332984361e-01,9.940627661968484574e+00
-1.162420301217298585e-01,1.420016120245981783e+00,6.997429089368331745e+00
-1.002443788159098070e-01,1.817280734327829661e+00,3.948946114288826692e+00
-8.208105841777892098e-02,1.816026041626095822e+00,7.789152990666993182e-01
-6.574209949080049575e-02,1.415032581137023460e+00,-2.524645977231400273e+00
-4.593301448135193865e-02,2.664109113924038486e+00,1.078446819932408829e+01
-1.612151264192864669e-02,3.364755465532247580e+00,6.667633321874342656e+00
1.820174595594347550e-02,3.515302326978270830e+00,2.350166215166129113e+00
5.153171109925060167e-02,3.114807511920194560e+00,-2.159980692594662521e+00
7.834766602444494243e-02,2.160917097046762603e+00,-6.877830445770745982e+00
9.809903920023384238e-02,1.752207924722579024e+00,-2.793467633951368434e+00
1.128623151100874855e-01,1.144632136676936973e+00,-4.599889462270704499e+00
1.206331521707598303e-01,3.345655052599429968e-01,-6.494801005213220790e+00
1.193611752435082413e-01,-6.838323099064443911e-01,-8.487935154532580739e+00
1.069172201690233442e-01,-1.920917427937684829e+00,-1.060581354661615094e+01
8.828187439030847627e-02,-1.795191634405950198e+00,1.929616847923333323e-01
7.040576356519129275e-02,-1.779290653300506175e+00,-6.277587324483723252e-01
5.218719374346494910e-02,-1.874012415594919156e+00,-1.489968277556976473e+00
3.251562576279446587e-02,-2.080347225598960126e+00,-2.393942620567969470e+00
1.026804127562884472e-02,-2.399847841572425367e+00,-3.343145590956205115e+00
-9.667015090892794316e-03,-1.504632044049241557e+00,6.496245403587472822e+00
-2.117216538960070213e-02,-7.242383582965974398e-01,5.890743919244357585e+00
-2.537048153417411148e-02,-5.313244994791854747e-02,5.276662896507464673e+00
-2.333555800393966387e-02,5.128959397793312336e-01,4.646344885755302911e+00
-1.610052596935821964e-02,9.776827545437491995e-01,4.000414459479866736e+00
-6.519715509388069631e-03,9.348831355699385171e-01,0.000000000000000000e+00
2.651358220388866805e-03,8.960919904991626606e-01,0.000000000000000000e+00
1.145160187761671416e-02,8.610512195616990549e-01,0.000000000000000000e+00
1.991742984581280559e-02,8.295221858018344552e-01,0.000000000000000000e+00
2.808295277116836311e-02,8.012843782239714718e-01,0.000000000000000000e+00
3.598015313594826736e-02,7.761341641081215270e-01,0.000000000000000000e+00
4.363904873893609954e-02,7.538836257630023852e-01,0.000000000000000000e+00
5.108784490593119842e-02,7.343594769731310867e-01,0.000000000000000000e+00
5.835307620608717882e-02,7.174020544561489077e-01,0.000000000000000000e+00
6.545973840351178297e-02,7.028643797586447972e-01,0.000000000000000000e+00
7.243141132847578934e-02,6.906112871677193565e-01,0.000000000000000000e+00
7.929037330911786752e-02,6.805186133895501088e-01,0.000000000000000000e+00
8.605770776288901303e-02,6.724724449361103584e-01,0.000000000000000000e+00
9.275340250728182634e-02,6.663684193598838901e-01,0.000000000000000000e+00
9.939644231169603161e-02,6.621110766785195390e-01,0.000000000000000000e+00
1.060048951766198178e-01,6.596132575328444991e-01,0.000000000000000000e+00
1.077281331886875831e-01,-4.148781791758901494e-01,-8.800073972314812920e+00
9.890388864270423241e-02,-1.446520566472256464e+00,-8.800073972314812920e+00
7.993632713116810562e-02,-2.440602069686342190e+00,-8.800073972314812920e+00
5.118000405241279749e-02,-3.401635151202735852e+00,-8.800073972314812920e+00
1.294876588003967058e-02,-4.333108442422730633e+00,-8.800073972314812920e+00
-2.631090088144909245e-02,-3.437022535060779038e+00,5.871200675311132322e+00
-5.681803312179870696e-02,-2.586626148235519285e+00,5.871200675311132322e+00
-7.901416032948010981e-02,-1.778446081975750603e+00,5.871200675311132322e+00
-9.330492964414850710e-02,-1.008788800060217650e+00,5.871200675311132322e+00
-1.000587080001246465e-01,-2.739119453480551858e-01,5.871200675311132322e+00
-1.030432843292835854e-01,-3.281727100506604544e-01,-3.369820210135543448e-01
-1.065637405802511706e-01,-3.809730711171631645e-01,-3.369820210135543448e-01
-1.106063066836051878e-01,-4.324962720333450084e-01,-3.369820210135543448e-01
-1.151589950928439965e-01,-4.829146172538063553e-01,-3.369820210135543448e-01
-1.202114950505208252e-01,-5.323902736837773375e-01,-3.369820210135543448e-01
-1.200789048711934370e-01,6.709200460213058381e-01,9.940627661968484574e+00
-1.097567671680838158e-01,1.468319731617199420e+00,6.997429089368331745e+00
-9.327628835643943239e-02,1.865555261393887942e+00,3.948946114288826692e+00
-7.463118678235974857e-02,1.864108330778083689e+00,7.789152990666993182e-01
-5.781286264962399307e-02,1.462820601399238196e+00,-2.524645977231400273e+00
-3.752322069750421013e-02,2.712476681955303004e+00,1.078446819932408829e+01
-7.226626371974157956e-03,3.413420631222644275e+00,6.667633321874342656e+00
2.758412883816158470e-02,3.564158611785642528e+00,2.350166215166129113e+00
6.140433305487976584e-02,3.164071650024663729e+00,-2.159980692594662521e+00
8.871714677767893187e-02,2.211181408260763259e+00,-6.877830445770745982e+00
1.089747047989117618e-01,1.803291468620585425e+00,-2.793467633951368434e+00
1.242543201518805929e-01,1.196975248436890515e+00,-4.599889462270704499e+00
1.325564076583792272e-01,3.886800238932948681e-01,-6.494801005213220790e+00
1.318358172065093037e-01,-6.274225464649713091e-01,-8.487935154532580739e+00
1.199683201172206115e-01,-1.861774044815617257e+00,-1.060581354661615094e+01
1.019276060324135064e-01,-1.735314671671010389e+00,1.929616847923333323e-01
8.465458884845596110e-02,-1.718435070177287471e+00,-6.277587324483723252e-01
6.704983120018248588e-02,-1.811976844935071496e+00,-1.489968277556976473e+00
4.800456918250644439e-02,-2.016984998226507120e+00,-2.393942620567969470e+00
2.639692778819629007e-02,-2.335087320095797114e+00,-3.343145590956205115e+00
4.503975179418595771e-03,-2.014535965571190079e+00,1.803014311856426133e+00
-1.412640883232041920e-02,-1.681275105063810393e+00,2.053266154957180234e+00
-2.935700837773277602e-02,-1.333061666353697827e+00,2.320250433965075576e+00
-4.102874293681959411e-02,-9.677749862485496291e-01,2.603249001358412862e+00
-4.896012204820048008e-02,-5.830269966199588261e-01,2.904547467598544763e+00
-5.473733542046123335e-02,-5.715841568941892881e-01,0.000000000000000000e+00
-6.040850000433527212e-02,-5.619844572681294004e-01,0.000000000000000000e+00
-6.599159330856520234e-02,-5.541285989216399033e-01,0.000000000000000000e+00
-7.150363745320900688e-02,-5.479255318721987233e-01,0.000000000000000000e+00
-7.696077910225755658e-02,-5.432918947658499365e-01,0.000000000000000000e+00
-8.237836397984250880e-02,-5.401514953929166252e-01,0.000000000000000000e+00
-8.777100636434725933e-02,-5.384348290873938181e-01,0.000000000000000000e+00
-9.315265392713106829e-02,-5.380786323472704913e-01,0.000000000000000000e+00
-9.853664825672144023e-02,-5.390254691828129108e-01,0.000000000000000000e+00
-1.039357813851305296e-01,-5.412233478606707227e-01,0.000000000000000000e+00
-1.095487908022105550e-01,-5.857450566888837695e-01,-3.369820210135543448e-01
-1.156048585787383676e-01,-6.298095791653726128e-01,-3.369820210135543448e-01
-1.220999563645309288e-01,-6.735364901320318731e-01,-3.369820210135543448e-01
-1.290312226617473801e-01,-7.170390319837519622e-01,-3.369820210135543448e-01
-1.363969016251819211e-01,-7.604245795321755708e-01,-3.369820210135543448e-01
-1.385325193482559725e-01,4.453891421981728271e-01,9.940627661968484574e+00
-1.304539025504251326e-01,1.245270395846795219e+00,6.997429089368331745e+00
-1.161910392993712321e-01,1.645252641652646952e+00,3.948946114288826692e+00
-9.973462649298731053e-02,1.646872086457691564e+00,7.789152990666993182e-01
-8.507331313892760316e-02,1.248858423654934491e+00,-2.524645977231400273e+00
-6.798613991673477241e-02,2.264004011675629258e+00,8.871123884837711415e+00
-4.318861426972932932e-02,2.741050615054292816e+00,4.762960760830647899e+00
-1.607270088260681282e-02,2.677303500929115287e+00,4.547363441622048197e-01
7.940918385295163764e-03,2.069832884931156247e+00,-4.050118305869761848e+00
2.339406334620495326e-02,9.138557513920743114e-01,-8.764972459420283357e+00
3.239131813219638112e-02,8.830960657745723363e-01,0.000000000000000000e+00
4.109639743092637076e-02,8.557240890546450318e-01,0.000000000000000000e+00
4.954223863511063308e-02,8.315340428764236291e-01,0.000000000000000000e+00
5.775979439473374888e-02,8.103361707769187738e-01,0.000000000000000000e+00
6.577818780951520672e-02,7.919556356015675647e-01,0.000000000000000000e+00
7.362485694242287826e-02,7.762314931437296339e-01,0.000000000000000000e+00
8.132568939545629927e-02,7.630157373609471883e-01,0.000000000000000000e+00
8.890514764307233531e-02,7.521724126650627396e-01,0.000000000000000000e+00
9.638638577434971433e-02,7.435767889544518949e-01,0.000000000000000000e+00
1.037913582525074319e-01,7.371145952449535965e-01,0.000000000000000000e+00
1.062720196445340881e-01,-3.412071010933317994e-01,-8.800073972314812920e+00
9.816880715881314001e-02,-1.376258320776549748e+00,-8.800073972314812920e+00
7.988998835795863007e-02,-2.373356049282200342e+00,-8.800073972314812920e+00
5.179384294285969970e-02,-3.337060806615915975e+00,-8.800073972314812920e+00
1.419738583563432549e-02,-4.270925558273503952e+00,-8.800073972314812920e+00
-2.445044856969069355e-02,-3.377008454541916116e+00,5.871200675311132322e+00
-5.436613929426378083e-02,-2.528492401062905071e+00,5.871200675311132322e+00
-7.598834211687785500e-02,-1.721908604179457125e+00,5.871200675311132322e+00
-8.971991940378948316e-02,-9.535775028789542640e-01,5.871200675311132322e+00
-9.592662891674381964e-02,-2.197783872480108536e-01,5.871200675311132322e+00
-9.818873685713300214e-02,-2.340642935275533687e-01,0.000000000000000000e+00
-1.005935509825806456e-01,-2.483228053958932424e-01,0.000000000000000000e+00
-1.033274786140929435e-01,-3.037287833248709101e-01,-3.369820210135543448e-01
-1.066082618020336992e-01,-3.575697713706561531e-01,-3.369820210135543448e-01
-1.104211158392817832e-01,-4.100358585329266781e-01,-3.369820210135543448e-01
-1.147531047572531160e-01,-4.613057036109582398e-01,-3.369820210135543448e-01
-1.195930308370137668e-01,-5.115473711271203427e-01,-3.369820210135543448e-01
-1.192546981073493162e-01,6.911852851430805300e-01,9.940627661968484574e+00
-1.087323146051690781e-01,1.488065404714332907e+00,6.997429089368331745e+00
-9.205662475599693528e-02,1.884814608059106833e+00,3.948946114288826692e+00
-7.322107238330348433e-02,1.882903576201441442e+00,7.789152990666993182e-01
-5.621683408547660521e-02,1.481175465176908235e+00,-2.524645977231400273e+00
-3.574473916931523304e-02,2.730592156889770639e+00,1.078446819932408829e+01
-5.268162636131773838e-03,3.431277770923671699e+00,6.667633321874342656e+00
2.972003176937518601e-02,3.581770071033712810e+00,2.350166215166129113e+00
6.371556328487183729e-02,3.181521256904970674e+00,-2.159980692594662521e+00
9.120283914699579830e-02,2.228643544503972063e+00,-6.877830445770745982e+00
1.116349053472045633e-01,1.820740605470952067e+00,-2.793467633951368434e+00
1.270895027135426347e-01,1.214546739350522486e+00,-4.599889462270704499e+00
1.355684985668589582e-01,4.065295351275762803e-01,-6.494801005213220790e+00
1.350283393075230043e-01,-6.091334970702697582e-01,-8.487935154532580739e+00
1.233463470405265217e-01,-1.842903057394059241e+00,-1.060581354661615094e+01
1.054945135180371113e-01,-1.716397166821657772e+00,1.929616847923333323e-01
8.841121345532400311e-02,-1.699389953127825592e+00,-6.277587324483723252e-01
