-2.942818643807821211e+00,4.997318453132389982e-01,0.000000000000000000e+00
-2.942885171184504767e+00,-6.170210422395135952e-01,8.720747125349493700e+00
-2.953347211516642368e+00,-1.563416189743638940e+00,7.685907122869146235e+00
-2.972457058028799448e+00,-2.329598381950753971e+00,6.520792160717697072e+00
-2.998403389756771009e+00,-2.913444790295553144e+00,5.293404583631378557e+00
-3.029346453677741469e+00,-3.311305684930004656e+00,3.994690810125151703e+00
-3.066943237928209331e+00,-4.299199350928572194e+00,9.010355803651822981e+00
-3.114208646788759083e+00,-5.240062654467223524e+00,9.010355803651822981e+00
-3.170663325805223920e+00,-6.131644922065885517e+00,9.010355803651822981e+00
-3.235799409007312111e+00,-6.970347966657287841e+00,9.010355803651822981e+00
-3.309066856164742276e+00,-7.751202152601697648e+00,9.010355803651822981e+00
-3.383866043852676864e+00,-7.150315506442588287e+00,-1.961540696201795608e+00
-3.452707760563332950e+00,-6.561239761407557936e+00,-1.961540696201795608e+00
-3.515719082859444011e+00,-5.985891631318682293e+00,-1.961540696201795608e+00
-3.573044420683724631e+00,-5.425785042478500131e+00,-1.961540696201795608e+00
-3.624841618288778378e+00,-4.882061293059127394e+00,-1.961540696201795608e+00
-3.667200001106338814e+00,-3.460104327922586265e+00,-1.029655071654145360e+01
-3.696082462300930960e+00,-2.201091291344963174e+00,-9.444760288692425121e+00
-3.713050947487651410e+00,-1.090233784000778750e+00,-8.603217451717666719e+00
-3.719605550497402824e+00,-1.318085642371392696e-01,-7.606735160114336480e+00
-3.717254256184237438e+00,6.775009502930801064e-01,-6.544367596701608392e+00
-3.709751589100340752e+00,8.377467710223334141e-01,-5.595965440593620999e-01
-3.700872266239035646e+00,9.481064665484171261e-01,-1.546509150588684933e-01
-3.691113104895801023e+00,1.009036651222105174e+00,2.587925687742714254e-01
-3.680970616676356055e+00,1.020061450557669502e+00,6.896590332155552172e-01
-3.670948690716354879e+00,9.801351746041994106e-01,1.144131443430901118e+00
-3.660511910646373490e+00,1.119934207021121564e+00,-5.595965440593620999e-01
-3.648907543054505709e+00,1.208826425991162301e+00,-1.546509150588684933e-01
-3.636642877900023940e+00,1.247214530189740822e+00,2.587925687742714254e-01
-3.624225413654992067e+00,1.234573896753452527e+00,6.896590332155552172e-01
-3.612170467215267688e+00,1.169819898367900235e+00,1.144131443430901118e+00
-3.595421833004861956e+00,2.284553622532508488e+00,-9.615678316165380934e+00
-3.567716473746733730e+00,3.357754229365765841e+00,-9.593561725725015421e+00
-3.529517617026564746e+00,4.378595984551732379e+00,-9.441365080063986781e+00
-3.481403419184489589e+00,5.334699780376276124e+00,-9.160319714378363898e+00
-3.424092740721239814e+00,6.209912515209037309e+00,-8.735616108931763435e+00
-3.358122919626939318e+00,7.064000400183203077e+00,-8.823751153388158741e+00
-3.285225671854643981e+00,7.560471084868243707e+00,-6.148131640746408166e+00
-3.209101508141536829e+00,7.672263721268328673e+00,-3.237880765435354302e+00
-3.133718957065640520e+00,7.373360833599157615e+00,-5.625353563129475987e-02
-3.063217761384190663e+00,6.657554861320092776e+00,3.301021041277625301e+00
-2.999789793521802750e+00,5.961082601721308549e+00,3.266666836927467621e+00
-2.943249890168685212e+00,5.282041193112494426e+00,3.266666836927467621e+00
-2.893414896061293540e+00,4.622287950041350513e+00,3.266666836927467621e+00
-2.850085641544601422e+00,3.983125627692553739e+00,3.266666836927467621e+00
-2.813052137845781786e+00,3.365380774410527298e+00,3.266666836927467621e+00
-2.784583059979340192e+00,2.222524078055357677e+00,8.000427723213059394e+00
-2.767730566292843086e+00,1.038170306878725579e+00,8.793612702452582752e+00
-2.762837687944460718e+00,-1.720956495102690387e-01,9.462104341783067696e+00
-2.770169201887712873e+00,-1.409706159486233457e+00,1.013446509360562686e+01
-2.790003708101913560e+00,-2.675885966478497302e+00,1.079963830521280244e+01
-2.821022478970530933e+00,-3.615989632303514334e+00,8.379684687678871313e+00
-2.861283499192385449e+00,-4.520997827743436837e+00,8.379684687678871313e+00
-2.910438809788896908e+00,-5.391353668698135593e+00,8.379684687678871313e+00
-2.968139210040536824e+00,-6.226214449885588920e+00,8.379684687678871313e+00
-3.034020848509671353e+00,-7.023338268908038806e+00,8.379684687678871313e+00
-3.104412470974756033e+00,-7.055400590868834421e+00,2.461844172900935490e+00
-3.175047230545556154e+00,-7.070076328697642687e+00,2.461844172900935490e+00
-3.245747363639279293e+00,-7.066527406962235247e+00,2.461844172900935490e+00
-3.316327442756312305e+00,-7.044078453822435470e+00,2.461844172900935490e+00
-3.386596082540549446e+00,-7.002233742737390187e+00,2.461844172900935490e+00
-3.453982635063922668e+00,-6.418868263541000374e+00,-1.961540696201795608e+00
-3.515596027440380134e+00,-5.849246993904460012e+00,-1.961540696201795608e+00
-3.571580540521634539e+00,-5.294820305072061473e+00,-1.961540696201795608e+00
-3.622093303468383318e+00,-4.756676960626296413e+00,-1.961540696201795608e+00
-3.667300838485520575e+00,-4.235580660057214786e+00,-1.961540696201795608e+00
-3.703390735421704605e+00,-2.856782208492134600e+00,-1.029655071654145360e+01
-3.726414925599651262e+00,-1.636090826503761253e+00,-9.444760288692425121e+00
-3.737886724391357607e+00,-5.587399237341239555e-01,-8.603217451717666719e+00
-3.739258444919803637e+00,3.708505124760195781e-01,-7.606735160114336480e+00
-3.731994089402787651e+00,1.155357335024345122e+00,-6.544367596701608392e+00
-3.715574013302304301e+00,2.229923690943336201e+00,-9.664710265062694816e+00
-3.688568643957832460e+00,3.269896671379230124e+00,-9.664710265062694816e+00
-3.651300072028344168e+00,4.280333198530956729e+00,-9.664710265062694816e+00
-3.604046137433245978e+00,5.264836630931545081e+00,-9.664710265062694816e+00
-3.547056155593410143e+00,6.225295104237014598e+00,-9.664710265062694816e+00
-3.480344379029777002e+00,7.211463194672599109e+00,-1.010134089917174016e+01
-3.403838458652789889e+00,8.181954905922797394e+00,-1.019887620320784727e+01
-3.317978875936344441e+00,9.073440529227994489e+00,-9.806596462126988101e+00
-3.223627944082175123e+00,9.869525986289271913e+00,-9.338636523862732020e+00
-3.121907645770479078e+00,1.053285361924354113e+01,-8.634704361036993348e+00
-3.016063169940311539e+00,1.064118626189193684e+01,-4.538751796557023432e+00
-2.909297491033617789e+00,1.071261366157212080e+01,-4.538751796557023432e+00
-2.802000389654017098e+00,1.074264098763576492e+01,-4.538751796557023432e+00
-2.694603638575207682e+00,1.072745817922534606e+01,-4.538751796557023432e+00
-2.587573498008208794e+00,1.066408208680917724e+01,-4.538751796557023432e+00
-2.479820967863227477e+00,1.089425016310522842e+01,-7.944077762906216478e+00
-2.370188807206530690e+00,1.102969218319017131e+01,-7.944077762906216478e+00
-2.259644837775963477e+00,1.106616761265733118e+01,-7.944077762906216478e+00
-2.149190727029353543e+00,1.100139683716141548e+01,-7.944077762906216478e+00
-2.039841124611040613e+00,1.083531451385812439e+01,-7.944077762906216478e+00
-1.932862019275405352e+00,1.039265719501909224e+01,-9.647871169985663187e+00
-1.832023695366027161e+00,9.694329172525282701e+00,-9.647871169985663187e+00
-1.738446103740744597e+00,8.936741793490718067e+00,-9.647871169985663187e+00
-1.652661921642263998e+00,8.133322888122247463e+00,-9.647871169985663187e+00
-1.575067736092745196e+00,7.297782768870979098e+00,-9.647871169985663187e+00
-1.505811146061388772e+00,6.489867412586535877e+00,4.087947565537639605e+00
-1.444183123329976892e+00,5.780007579670138007e+00,4.087947565537639605e+00
-1.389252607970625331e+00,5.157389160017420870e+00,4.087947565537639605e+00
-1.340192135502731752e+00,4.612207508856896787e+00,4.087947565537639605e+00
-1.296267816337219436e+00,4.135644307524453112e+00,4.087947565537639605e+00
-1.255992370542635905e+00,3.907883477668775196e+00,9.490098633253204241e+00
-1.217990561801160831e+00,3.679112766680101121e+00,7.840619633084951801e+00
-1.182568591597549679e+00,3.383829720735652913e+00,5.066271190323431206e+00
-1.150653222691442101e+00,2.964511160713189764e+00,1.469237101733696260e+00
-1.123772560636200124e+00,2.358271867275941513e+00,-3.049012825297359175e+00
-1.100358623881843689e+00,2.325083384140744780e+00,6.912414130066269813e+00
-1.077156486766094101e+00,2.318156475620076318e+00,6.980944977792788109e+00
-1.053935201864990567e+00,2.330555410273140282e+00,6.963795339580225452e+00
-1.030605742248139389e+00,2.339321170679099282e+00,6.595517562959748226e+00
-1.007243705315550741e+00,2.335799487992115342e+00,6.114302824816287618e+00
-9.829854882813499062e-01,2.537535552253366689e+00,8.976980088822617887e+00
-9.567296760095634900e-01,2.735185909656585146e+00,8.773379027484057957e+00
-9.287254287084556470e-01,2.882751315405963854e+00,7.905296966648767132e+00
-8.995717016347062334e-01,2.958459713692837667e+00,6.735305235827602210e+00
-8.701267635854610383e-01,2.931390864772279503e+00,5.163803140465221375e+00
-8.399414878714539512e-01,3.126957099955490094e+00,7.723195009328765792e+00
-8.077528519858169220e-01,3.333201326197561709e+00,7.722452758726211286e+00
-7.736356311267951202e-01,3.510094777007296329e+00,7.244091787219670842e+00
-7.379326766094692625e-01,3.646684781641547080e+00,6.635295749771751517e+00
-7.010691809079738768e-01,3.738014503868441807e+00,5.970232977535373742e+00
-6.623318365146235731e-01,4.040836175129193464e+00,8.055135777383991780e+00
-6.201588245832567736e-01,4.433636261030848402e+00,8.914488005734572340e+00
-5.737431949111665430e-01,4.896060245378652809e+00,9.570203350070450199e+00
-5.224479765522852537e-01,5.415067831687647271e+00,1.009306818608538237e+01
-4.654931331397653138e-01,6.105308915301734807e+00,1.055732095515616109e+01
-4.049933650767934545e-01,5.986961285786605025e+00,2.100023449215167481e+00
-3.456046747766198246e-01,5.884381664813193247e+00,2.026014420675403382e+00
-2.871685225724041057e-01,5.797781326200794005e+00,1.969903594090064658e+00
-2.295392817850864520e-01,5.724042554190499565e+00,1.901843930691496709e+00
-1.726062433451105715e-01,5.659221296255487310e+00,1.813756605064245520e+00
-1.219611059393708730e-01,4.348459624215252006e+00,-8.603420559097914477e+00
-8.415998403728515431e-02,3.095981980131182087e+00,-8.603420559097914477e+00
-5.862950050380934947e-02,1.899422903837227006e+00,-8.603420559097914477e+00
-4.482544619602363972e-02,7.553070522415105126e-01,-8.603420559097914477e+00
-4.224120717138375725e-02,-3.403770006291057526e-01,-8.603420559097914477e+00
-4.562889462655545653e-02,-3.369814920373553901e-01,0.000000000000000000e+00
-4.898693723611119433e-02,-3.345351719879534058e-01,0.000000000000000000e+00
-5.232462075713432970e-02,-3.329929962684609612e-01,0.000000000000000000e+00
-5.565079881162007802e-02,-3.323139384213337766e-01,0.000000000000000000e+00
-5.897393185475546806e-02,-3.324607247769262863e-01,0.000000000000000000e+00
-6.230212358370312148e-02,-3.333995892585234766e-01,0.000000000000000000e+00
-6.564315497821213152e-02,-3.351000465564531461e-01,0.000000000000000000e+00
-6.900451615079671031e-02,-3.375346823663350482e-01,0.000000000000000000e+00
-7.239343617158973399e-02,-3.406789594778240615e-01,0.000000000000000000e+00
-7.581691102122971315e-02,-3.445110385851667956e-01,0.000000000000000000e+00
-7.928172981421251209e-02,-3.490116127698623671e-01,0.000000000000000000e+00
-8.279449942497731085e-02,-3.541637546790504798e-01,0.000000000000000000e+00
-8.636166763954228331e-02,-3.599527754912686950e-01,0.000000000000000000e+00
-8.998954494670943771e-02,-3.663660948242455362e-01,0.000000000000000000e+00
-9.368432507467178150e-02,-3.733931207977235767e-01,0.000000000000000000e+00
-9.745210437123071057e-02,-3.810251395182265854e-01,0.000000000000000000e+00
-1.012989001187294263e-01,-3.892552133024441141e-01,0.000000000000000000e+00
-1.054171692557745038e-01,-4.392121631125772696e-01,-3.369820210135543448e-01
-1.100302714043790153e-01,-4.881459255712748413e-01,-3.369820210135543448e-01
-1.151286820425414803e-01,-5.362119892678903765e-01,-3.369820210135543448e-01
-1.207043907805494393e-01,-5.835569116622587593e-01,-3.369820210135543448e-01
-1.267508150488628749e-01,-6.303189760860536950e-01,-3.369820210135543448e-01
-1.275913799427180750e-01,5.742717128427389239e-01,9.940627661968484574e+00
-1.182298869060332824e-01,1.372909568012150361e+00,6.997429089368331745e+00
-1.026973797184045079e-01,1.771457654618148858e+00,3.948946114288826692e+00
-8.498669518931814548e-02,1.771416573109256376e+00,7.789152990666993182e-01
-6.908851200238808055e-02,1.371575318131448729e+00,-2.524645977231400273e+00
-4.971101642662417025e-02,2.621300523270751803e+00,1.078446819932408829e+01
-2.032448389261211352e-02,3.322630413138425887e+00,6.667633321874342656e+00
1.358057957216761077e-02,3.473840321867748049e+00,2.350166215166129113e+00
4.649831220646988977e-02,3.073845340540465987e+00,-2.159980692594662521e+00
7.290552271316337596e-02,2.120104525147121333e+00,-6.877830445770745982e+00
9.224960535501501580e-02,1.711552590841476595e+00,-2.793467633951368434e+00
1.066058867524313225e-01,1.103848145299412220e+00,-4.599889462270704499e+00
1.139669700987914619e-01,2.933271333358462574e-01,-6.494801005213220790e+00
1.122791620893569126e-01,-7.258575047307782580e-01,-8.487935154532580739e+00
9.941015330479682777e-02,-1.964011136201571306e+00,-1.060581354661615094e+01
8.034367033109153511e-02,-1.838349716220927688e+00,1.929616847923333323e-01
6.203500482681108957e-02,-1.822681634497171022e+00,-6.277587324483723252e-01
4.338090395234728974e-02,-1.917776271317696235e+00,-1.489968277556976473e+00
2.326958607611486277e-02,-2.124587848109821930e+00,-2.393942620567969470e+00
5.772067063405800225e-04,-2.444619816469986606e+00,-3.343145590956205115e+00
-1.980798853708206145e-02,-1.549988012226931167e+00,6.496245403587472822e+00
-3.177009746317181749e-02,-7.703822567675314703e-01,5.890743919244357585e+00
-3.643386808413480449e-02,-1.001903871315386607e-01,5.276662896507464673e+00
-3.487388443098386054e-02,4.648554473836293832e-01,4.646344885755302911e+00
-2.812378114551043057e-02,9.286289741283288990e-01,4.000414459479866736e+00
-1.903766277407409335e-02,8.848910309359473425e-01,0.000000000000000000e+00
-1.037103433159486561e-02,8.450795841467346747e-01,0.000000000000000000e+00
-2.085803529337751806e-03,8.089376891066665243e-01,0.000000000000000000e+00
5.853640084517005605e-03,7.762276190917242191e-01,0.000000000000000000e+00
1.348061127667579163e-02,7.467295424578072049e-01,0.000000000000000000e+00
2.082630245273721717e-02,7.202402879830996918e-01,0.000000000000000000e+00
2.791994501429265543e-02,6.965721937200787250e-01,0.000000000000000000e+00
3.478895956309203952e-02,6.755520346684796840e-01,0.000000000000000000e+00
4.145909571959602996e-02,6.570200246442141623e-01,0.000000000000000000e+00
4.795456227746469624e-02,6.408288878335187677e-01,0.000000000000000000e+00
5.429814837107709707e-02,6.268429956717121998e-01,0.000000000000000000e+00
6.051133629033803030e-02,6.149375648603071509e-01,0.000000000000000000e+00
6.661440653601036210e-02,6.049979125259480339e-01,0.000000000000000000e+00
7.262653566973335806e-02,5.969187647228881843e-01,0.000000000000000000e+00
7.856588747581026710e-02,5.906036146822370991e-01,0.000000000000000000e+00
8.444969791678692828e-02,5.859641274120979126e-01,0.000000000000000000e+00
9.029435433177614156e-02,5.829195874500645580e-01,0.000000000000000000e+00
9.611546929536501915e-02,5.813963867612231828e-01,0.000000000000000000e+00
