1.268113518092793823e+00,-2.687242742039630539e-02,0.000000000000000000e+00
1.267612096424039381e+00,-7.712454255565025230e-02,-7.844441271352979861e+00
1.266641461987031425e+00,-1.202813787960968356e-01,-7.844441271352979861e+00
1.265265517746342772e+00,-1.578510631441174261e-01,-7.844441271352979861e+00
1.263534428518218178e+00,-1.910546734620297005e-01,-7.844441271352979861e+00
1.261487229109862884e+00,-2.208823217005096706e-01,-7.844441271352979861e+00
1.259153922551337956e+00,-2.481383510921090496e-01,-7.844441271352979861e+00
1.256557167389191099e+00,-2.734777618590605863e-01,-7.844441271352979861e+00
1.253713633783944736e+00,-2.974355697961508227e-01,-7.844441271352979861e+00
1.250635092657386593e+00,-3.204504712551874968e-01,-7.844441271352979861e+00
1.247329289648088757e+00,-3.428839213124230678e-01,-7.844441271352979861e+00
1.243800645571577990e+00,-3.650355168759384372e-01,-7.844441271352979861e+00
1.240050816974732406e+00,-3.871554031830797826e-01,-7.844441271352979861e+00
1.236079143842831796e+00,-4.094542824675400650e-01,-7.844441271352979861e+00
1.231883006256432767e+00,-4.321114910187057734e-01,-7.844441271352979861e+00
1.227458107557322098e+00,-4.552815201500122755e-01,-7.844441271352979861e+00
1.222990923662109042e+00,-4.375278347457221551e-01,-6.787593001395404002e+00
1.218671756774719839e+00,-4.261140831692056263e-01,-6.787593001395404002e+00
1.214442260626913406e+00,-4.199602063965239274e-01,-6.787593001395404002e+00
1.210253903784084040e+00,-4.181970837006785402e-01,-6.787593001395404002e+00
1.206066046980836637e+00,-4.201265868696987815e-01,-6.787593001395404002e+00
1.201226841677311752e+00,-5.587288084698776025e-01,-9.992852442804656121e+00
1.195072977367088507e+00,-6.822420177239685302e-01,-9.992852442804656121e+00
1.187737667363085281e+00,-7.944457613455031542e-01,-9.992852442804656121e+00
1.179319731479905320e+00,-8.983938521184666737e-01,-9.992852442804656121e+00
1.169890160335739004e+00,-9.965622703564348539e-01,-9.992852442804656121e+00
1.159462248234452542e+00,-1.098575000118863887e+00,-1.015875595227453587e+01
1.148206537850493980e+00,-1.159122341501777731e+00,-9.340957019809103201e+00
1.136661374813337400e+00,-1.151252847540774393e+00,-7.857487016908376809e+00
1.125592693660270482e+00,-1.057097543425607800e+00,-5.871375197434761439e+00
1.115986876791901006e+00,-8.498361474316294961e-01,-3.192625486282569813e+00
1.106937910867690222e+00,-9.703143381025703951e-01,-8.868982533740442875e+00
1.096726173851531261e+00,-1.081961455855718679e+00,-8.868982533740442875e+00
1.085428357236186470e+00,-1.187265126502655699e+00,-8.868982533740442875e+00
1.073098441850253604e+00,-1.288250436767326645e+00,-8.868982533740442875e+00
1.059771894485637578e+00,-1.386571482138138300e+00,-8.868982533740442875e+00
1.045987031291494507e+00,-1.371298094198800666e+00,-6.915119735926915645e+00
1.032292344143699525e+00,-1.369488604874334214e+00,-6.915119735926915645e+00
1.018563243324013490e+00,-1.378995785072045566e+00,-6.915119735926915645e+00
1.004694635460046337e+00,-1.398095055289498179e+00,-6.915119735926915645e+00
9.905970753485371372e-01,-1.425403546734940186e+00,-6.915119735926915645e+00
9.753474819065057755e-01,-1.643157049399189829e+00,-9.764723482698688173e+00
9.579982669476861945e-01,-1.844524662714587926e+00,-9.764723482698688173e+00
9.386919801317024081e-01,-2.034060333386516373e+00,-9.764723482698688173e+00
9.175297986182848753e-01,-2.215427183188626525e+00,-9.764723482698688173e+00
8.945796311842847404e-01,-2.391568930644234037e+00,-9.764723482698688173e+00
8.714983318490974185e-01,-2.214343750956674128e+00,-5.008340652349763111e+00
8.499999641053453958e-01,-2.077730658651182782e+00,-5.008340652349763111e+00
8.297120436734741755e-01,-1.974523415473190102e+00,-5.008340652349763111e+00
8.103279589040359721e-01,-1.898841671081426652e+00,-5.008340652349763111e+00
7.915948552368602398e-01,-1.845886067613150772e+00,-5.008340652349763111e+00
7.717715140434056043e-01,-2.143469154077674688e+00,-9.037586075026382559e+00
7.491001398255601185e-01,-2.413944240021608234e+00,-9.037586075026382559e+00
7.238222339091054947e-01,-2.663622636761038720e+00,-9.037586075026382559e+00
6.961222154600154033e-01,-2.897523785574575239e+00,-9.037586075026382559e+00
6.661392324565679202e-01,-3.119611696565251613e+00,-9.037586075026382559e+00
6.368583120928789088e-01,-2.708668572657377815e+00,-2.274212025857929032e+00
6.113474021900873190e-01,-2.370637908005893912e+00,-2.274212025857929032e+00
5.889355887995728622e-01,-2.093017802113340320e+00,-2.274212025857929032e+00
5.690669349657193621e-01,-1.865462946858001292e+00,-2.274212025857929032e+00
5.512806505484224573e-01,-1.679411828325664713e+00,-2.274212025857929032e+00
5.328676454419167818e-01,-2.030652443714330513e+00,-7.334327878463691164e+00
5.111377164743458046e-01,-2.340107875893635114e+00,-7.334327878463691164e+00
4.861583664559424589e-01,-2.773118551969981471e+00,-7.334327878463691164e+00
4.558216023725741306e-01,-3.351219875715981455e+00,-7.334327878463691164e+00
4.197219055862645987e-01,-3.925847957539853272e+00,-7.334327878463691164e+00
3.786120788916392255e-01,-4.337965072453818571e+00,-5.903261863139852572e+00
3.333624874697839191e-01,-4.754360506164275968e+00,-5.903261863139852572e+00
2.839272969919613976e-01,-5.175640965764232604e+00,-5.903261863139852572e+00
2.302564151459398356e-01,-5.602003410352404345e+00,-5.903261863139852572e+00
1.722997862833183513e-01,-6.033190326313402352e+00,-5.903261863139852572e+00
1.141940738535008604e-01,-5.544487642937701466e+00,1.706479087410271323e+00
6.181482293273112688e-02,-4.870379890702939640e+00,3.485140841538708401e+00
1.704494790582795904e-02,-4.004604898689314574e+00,5.358577775020417988e+00
-1.817611806980061820e-02,-2.942124011963571650e+00,7.325577754079847459e+00
-4.185462239384339644e-02,-1.676892891001271257e+00,9.395538632898503550e+00
-5.304104084176609890e-02,-4.464068959090842781e-01,9.575908319037525374e+00
-5.216146657172027884e-02,7.320658886612921856e-01,9.575908319037525374e+00
-3.971023313393634568e-02,1.864185824147360337e+00,9.575908319037525374e+00
-1.612748210180766500e-02,2.954999406964211595e+00,9.575908319037525374e+00
1.819288328105405847e-02,4.008547789675566797e+00,9.575908319037525374e+00
5.502170136236537307e-02,3.292138952625184967e+00,-4.576048897616466604e+00
8.486138042418900351e-02,2.614077333113161483e+00,-4.576048897616466604e+00
1.080821654297297041e-01,1.971401014519573280e+00,-4.576048897616466604e+00
1.250242742252143657e-01,1.361075152920279141e+00,-4.576048897616466604e+00
1.359975702248466256e-01,7.800772216692536398e-01,-4.576048897616466604e+00
1.389540428279976980e-01,-2.880064441638175987e-01,-8.800073972314812920e+00
1.314279441959863848e-01,-1.313117569004103036e+00,-8.800073972314812920e+00
1.138231343863928130e-01,-2.300890130823173951e+00,-8.800073972314812920e+00
8.649030792226250486e-02,-3.256205446426528205e+00,-8.800073972314812920e+00
4.973563153354974148e-02,-4.182951071841173984e+00,-8.800073972314812920e+00
1.198776717813355118e-02,-3.284348626006494243e+00,5.871200675311132322e+00
-1.697674089832105007e-02,-2.430219780289707643e+00,5.871200675311132322e+00
-3.758826480574282980e-02,-1.617313232666112155e+00,5.871200675311132322e+00
-5.024349670742226520e-02,-8.421538972592000905e-01,5.871200675311132322e+00
-5.530402439714878632e-02,-1.012164267422918651e-01,5.871200675311132322e+00
-5.635798903630313827e-02,-1.104816362793383661e-01,0.000000000000000000e+00
-5.750406201134160289e-02,-1.196310353649849972e-01,0.000000000000000000e+00
-5.874120655893101672e-02,-1.286913361922082943e-01,0.000000000000000000e+00
-6.006864701118622835e-02,-1.376879334933902577e-01,0.000000000000000000e+00
-6.148585614360484175e-02,-1.466450192032149602e-01,0.000000000000000000e+00
-6.299254363471069873e-02,-1.555856894690312020e-01,0.000000000000000000e+00
-6.458864556345814134e-02,-1.645320445736474790e-01,0.000000000000000000e+00
-6.627431487591320391e-02,-1.735052822949345874e-01,0.000000000000000000e+00
-6.804991275779972981e-02,-1.825257851888490157e-01,0.000000000000000000e+00
-6.991600085420396349e-02,-1.916132022473440166e-01,0.000000000000000000e+00
-7.187333428209712050e-02,-2.007865253499225566e-01,0.000000000000000000e+00
-7.392285538538391487e-02,-2.100641608971181851e-01,0.000000000000000000e+00
-7.606568818593828496e-02,-2.194639969858071804e-01,0.000000000000000000e+00
-7.830313348756638703e-02,-2.290034664597886405e-01,0.000000000000000000e+00
-8.063666459305857126e-02,-2.386996061443798500e-01,0.000000000000000000e+00
-8.306792359747405818e-02,-2.485691125507132337e-01,0.000000000000000000e+00
-8.559871822356189541e-02,-2.586283943138636965e-01,0.000000000000000000e+00
-8.823101916776958376e-02,-2.688936216087513542e-01,0.000000000000000000e+00
-9.096695792764525335e-02,-2.793807727688396580e-01,0.000000000000000000e+00
-9.380882508360813277e-02,-2.901056783148719398e-01,0.000000000000000000e+00
-9.675906901005824901e-02,-3.010840625841520457e-01,0.000000000000000000e+00
-9.982029499262971839e-02,-3.123315831350811922e-01,0.000000000000000000e+00
-1.029952647300713120e-01,-3.238638680867113595e-01,0.000000000000000000e+00
-1.064733682174011237e-01,-3.768246184218061456e-01,-3.369820210135543448e-01
-1.104751111628496929e-01,-4.284918973105388273e-01,-3.369820210135543448e-01
-1.149883476281044620e-01,-4.790390441310461989e-01,-3.369820210135543448e-01
-1.200026184720732192e-01,-5.286291859336766930e-01,-3.369820210135543448e-01
-1.255090526417301233e-01,-5.774159856179161832e-01,-3.369820210135543448e-01
-1.258279321500898051e-01,6.255935015497680052e-01,9.940627661968484574e+00
-1.159597628626770072e-01,1.422818293427332570e+00,6.997429089368331745e+00
-9.993422432613448259e-02,1.820054363050735313e+00,3.948946114288826692e+00
-8.174332420591014225e-02,1.818766335096873688e+00,7.789152990666993182e-01
-6.537713274257091201e-02,1.417736744816572747e+00,-2.524645977231400273e+00
-4.554096608366620114e-02,2.666821930537627061e+00,1.078446819932408829e+01
-1.570234753888569493e-02,3.367465307042202038e+00,6.667633321874342656e+00
1.864797564554371290e-02,3.518005126605171728e+00,2.350166215166129113e+00
5.200497694170434088e-02,3.117514095050077927e+00,-2.159980692594662521e+00
7.884812855402625886e-02,2.163656058262343862e+00,-6.877830445770745982e+00
9.862700156229950443e-02,1.754973178711611403e+00,-2.793467633951368434e+00
1.134181385087833782e-01,1.147445725541095696e+00,-4.599889462270704499e+00
1.212174351728075722e-01,3.374528958409115376e-01,-6.494801005213220790e+00
1.199747759213388998e-01,-6.808451573300691173e-01,-8.487935154532580739e+00
1.075612405979937264e-01,-1.917808929059656053e+00,-1.060581354661615094e+01
8.895710383027644053e-02,-1.792054303462570664e+00,1.929616847923333323e-01
7.111254731863400624e-02,-1.776112095962852910e+00,-6.277587324483723252e-01
5.292599095455940983e-02,-1.870782515220657860e+00,-1.489968277556976473e+00
3.328698429585279228e-02,-2.077058719879708359e+00,-2.393942620567969470e+00
1.107256479673009511e-02,-2.396497367936686551e+00,-3.343145590956205115e+00
-8.828734752036816041e-03,-1.501222006777109819e+00,6.496245403587472822e+00
-2.029945719890355327e-02,-7.207531430324650712e-01,5.890743919244357585e+00
-2.446254804834457897e-02,-4.956279840212524102e-02,5.276662896507464673e+00
-2.239153105070348579e-02,5.165546631130826238e-01,4.646344885755302911e+00
-1.511950531844772835e-02,9.814322246915961889e-01,4.000414459479866736e+00
-5.500814889822035203e-03,9.387192650361613211e-01,0.000000000000000000e+00
3.709030974652795416e-03,9.000204547605052952e-01,0.000000000000000000e+00
1.254899552871487425e-02,8.650776616922477569e-01,0.000000000000000000e+00
2.105554949682353696e-02,8.336522316164768354e-01,0.000000000000000000e+00
2.926285975851082230e-02,8.055236505705697381e-01,0.000000000000000000e+00
3.720296506110260665e-02,7.804882963706494259e-01,0.000000000000000000e+00
4.490593963185961213e-02,7.583582746337079739e-01,0.000000000000000000e+00
5.240004551310557812e-02,7.389603345473496621e-01,0.000000000000000000e+00
5.971187439664805974e-02,7.221348596988280688e-01,0.000000000000000000e+00
6.686647968738144987e-02,7.077349293870108804e-01,0.000000000000000000e+00
7.388749948084324948e-02,6.956254459898645326e-01,0.000000000000000000e+00
8.079727109598752732e-02,6.856823241340929131e-01,0.000000000000000000e+00
8.761693776275000789e-02,6.777917376034751085e-01,0.000000000000000000e+00
9.436654802423470600e-02,6.718494201211756556e-01,0.000000000000000000e+00
1.010651483756130065e-01,6.677600163434301850e-01,0.000000000000000000e+00
1.028604905297674371e-01,-4.087937794138528647e-01,-8.800073972314812920e+00
9.408824054559231098e-02,-1.442376505650184493e+00,-8.800073972314812920e+00
7.515396892808236251e-02,-2.438236040824557804e+00,-8.800073972314812920e+00
4.641402342443217560e-02,-3.400847597575027415e+00,-8.800073972314812920e+00
8.184408698049983055e-03,-4.333663755806023588e+00,-8.800073972314812920e+00
-3.108591444422080519e-02,-3.438729013306776050e+00,5.871200675311132322e+00
-6.161558856079003138e-02,-2.589561116421923881e+00,5.871200675311132322e+00
-8.384678157180033842e-02,-1.782657688417716546e+00,5.871200675311132322e+00
-9.818550515333133999e-02,-1.014299813742988832e+00,5.871200675311132322e+00
-1.050002505743193315e-01,-2.807226035545649090e-01,5.871200675311132322e+00
-1.080569541475716322e-01,-3.358730066185636187e-01,-3.369820210135543448e-01
-1.116583436217052777e-01,-3.895434112743393351e-01,-3.369820210135543448e-01
-1.157904648854160973e-01,-4.419196753254370225e-01,-3.369820210135543448e-01
-1.204411717361090622e-01,-4.931765509958595528e-01,-3.369820210135543448e-01
-1.256000185225578103e-01,-5.434784955930486161e-01,-3.369820210135543448e-01
-1.255858174332231680e-01,6.581671990073110212e-01,9.940627661968484574e+00
-1.153974384306549195e-01,1.454192898191546401e+00,6.997429089368331745e+00
-9.906311440065182494e-02,1.850350797172181094e+00,3.948946114288826692e+00
-8.057379594423116909e-02,1.848073747054979510e+00,7.789152990666993182e-01
-6.391874207608107261e-02,1.446128312071052191e+00,-2.524645977231400273e+00
-4.380170239560440132e-02,2.694551459501048019e+00,1.078446819932408829e+01
-1.368870646804463964e-02,3.394556607884972266e+00,6.667633321874342656e+00
2.092979495453380079e-02,3.544501359891385928e+00,2.350166215166129113e+00
5.454949182373301092e-02,3.143526470826256247e+00,-2.159980692594662521e+00
8.165140148816943388e-02,2.189392664055709758e+00,-6.877830445770745982e+00
1.016863712727233970e-01,1.780446206384538543e+00,-2.793467633951368434e+00
1.167317424086010691e-01,1.172828294604810973e+00,-4.599889462270704499e+00
1.247852557931132672e-01,3.629414809301539924e-01,-6.494801005213220790e+00
1.237988047689678600e-01,-6.550479400608326674e-01,-8.487935154532580739e+00
1.116454106533686375e-01,-1.891525314409737035e+00,-1.060581354661615094e+01
9.330369472767513495e-02,-1.765850039330516319e+00,1.929616847923333323e-01
7.572125250493007276e-02,-1.749880887976825061e+00,-6.277587324483723252e-01
5.779749958918174030e-02,-1.844433286985773135e+00,-1.489968277556976473e+00
3.842281149547305957e-02,-2.050519882649052050e+00,-2.393942620567969470e+00
1.647482562618356530e-02,-2.369724237923318100e+00,-3.343145590956205115e+00
-3.157892654518835648e-03,-1.474233073322959608e+00,6.496245403587472822e+00
-1.435728733739456003e-02,-6.934253826779797070e-01,5.890743919244357585e+00
