-2.484922994580288869e+00,-3.878322055270500002e-01,0.000000000000000000e+00
-2.492042170579059857e+00,-1.102874493166833725e+00,6.004331853536156061e+00
-2.506189594631734074e+00,-1.791290068710136296e+00,6.004331853536156061e+00
-2.527111309256021343e+00,-2.455742825147166020e+00,6.004331853536156061e+00
-2.554578135481595957e+00,-3.098470319761772895e+00,6.004331853536156061e+00
-2.588381106115446695e+00,-3.721218005338657875e+00,6.004331853536156061e+00
-2.628992503853325502e+00,-4.472778519244880790e+00,7.402997085301901592e+00
-2.677324925004505030e+00,-5.269964941916541079e+00,8.012841335973657664e+00
-2.733826465270167816e+00,-6.110815338663448948e+00,8.594171187145674295e+00
-2.798902790545499730e+00,-6.988214876011464405e+00,9.111742691916731474e+00
-2.872864243754620794e+00,-7.889583681872665011e+00,9.535245049045508736e+00
-2.955247519308600967e+00,-8.658849695486692255e+00,8.684759347455674572e+00
-3.043998115547139616e+00,-9.133683090491373946e+00,6.542882536404230009e+00
-3.135984460724384970e+00,-9.273304783096179449e+00,4.080790028534354796e+00
-3.227780614427736339e+00,-9.062477632652008452e+00,1.444959678183663776e+00
-3.315883301523609550e+00,-8.502686265788508280e+00,-1.305587195883718188e+00
-3.398841939523915556e+00,-8.043143680156369157e+00,-5.103212361593119084e-01
-3.476391865016761784e+00,-7.405385591420299285e+00,-2.038914090398597612e+00
-3.546834843885232846e+00,-6.608175139438825063e+00,-3.564412440246510272e+00
-3.608665534709103895e+00,-5.671177634492744701e+00,-5.082805635887588380e+00
-3.660573034344297483e+00,-4.613316657510660335e+00,-6.587957897660915663e+00
-3.700358984630237824e+00,-3.216848656457130140e+00,-1.029655071654145360e+01
-3.726913138470028919e+00,-1.980837194468559659e+00,-9.444760288692425121e+00
-3.741770966419058375e+00,-8.901882179038249632e-01,-8.603217451717666719e+00
-3.746402804794398023e+00,5.118916045203961152e-02,-7.606735160114336480e+00
-3.742285033413194739e+00,8.465871220327375601e-01,-6.544367596701608392e+00
-3.728918701094523058e+00,1.928416564475398776e+00,-9.664710265062694816e+00
-3.704900869569731636e+00,2.974295848683623067e+00,-9.664710265062694816e+00
-3.670565337901500413e+00,3.989710077087875728e+00,-9.664710265062694816e+00
-3.626197008842054981e+00,4.978771181035767768e+00,-9.664710265062694816e+00
-3.572046821657030691e+00,5.943953864062612169e+00,-9.664710265062694816e+00
-3.508126886608406103e+00,6.935141918096852542e+00,-1.010134089917174016e+01
-3.434356424083645276e+00,7.912179329734293276e+00,-1.019887620320784727e+01
-3.351154630195509743e+00,8.813060451114923310e+00,-9.806596462126988101e+00
-3.259352286533380827e+00,9.622043647230347219e+00,-9.338636523862732020e+00
-3.160034142211435526e+00,1.030221235597908702e+01,-8.634704361036993348e+00
-3.056408286549174846e+00,1.043043096770054134e+01,-4.538751796557023432e+00
-2.951653122523843820e+00,1.052379568145392774e+01,-4.538751796557023432e+00
-2.846138133810033111e+00,1.057774583257527823e+01,-4.538751796557023432e+00
-2.740275889694553157e+00,1.058830903126037981e+01,-4.538751796557023432e+00
-2.634515492170811601e+00,1.055224730815123380e+01,-4.538751796557023432e+00
-2.527706272585306557e+00,1.082179365329080589e+01,-7.944077762906216478e+00
-2.418612739921542243e+00,1.099891189408488934e+01,-7.944077762906216478e+00
-2.308183039754241328e+00,1.107859639937385765e+01,-7.944077762906216478e+00
-2.197407508033823564e+00,1.105765765561387681e+01,-7.944077762906216478e+00
-2.087299004552457315e+00,1.093503392236774729e+01,-7.944077762906216478e+00
-1.978427295608072622e+00,1.076080602006895859e+01,-9.647871169985663187e+00
-1.873804171940254948e+00,1.008439430029197226e+01,-9.647871169985663187e+00
-1.776248829364893256e+00,9.342829496502934816e+00,-9.647871169985663187e+00
-1.686354090115543158e+00,8.549331473553108296e+00,-9.647871169985663187e+00
-1.604577354714399773e+00,7.717706216025664645e+00,-9.647871169985663187e+00
-1.531350416989401886e+00,6.862454142175201888e+00,5.569829215079263207e+00
-1.466143243208364089e+00,6.122967600672719612e+00,5.569829215079263207e+00
-1.407860579411055468e+00,5.485640811753830448e+00,5.569829215079263207e+00
-1.355536834754768716e+00,4.938284392719018534e+00,5.569829215079263207e+00
-1.308322112253655245e+00,4.470072834829702302e+00,5.569829215079263207e+00
-1.265190536342733374e+00,4.134182723901377976e+00,7.437396833710200994e+00
-1.225115975221932940e+00,3.863813709824918785e+00,7.437396833710200994e+00
-1.187479840088357941e+00,3.651051041562040744e+00,7.437396833710200994e+00
-1.151737426944553944e+00,3.489121263353634372e+00,7.437396833710200994e+00
-1.117407174949369919e+00,3.372245738801871617e+00,7.437396833710200994e+00
-1.084795062488593809e+00,3.132830107969400757e+00,4.448642759426232551e+00
-1.054392695311297201e+00,2.933549152748863076e+00,4.491618357963455210e+00
-1.025833290137434961e+00,2.766842346645832063e+00,4.479168240798378164e+00
-9.988736565939738687e-01,2.614552656165867628e+00,4.240520242622151770e+00
-9.734072069237048597e-01,2.468448755719648169e+00,3.928909451016527221e+00
-9.495787092170520083e-01,2.283043535544801994e+00,2.999030712052002112e+00
-9.272914740714127690e-01,2.166219085069134298e+00,3.614541435157592630e+00
-9.058581371310738817e-01,2.118363692430864198e+00,4.282541687023052823e+00
-8.845767989748610782e-01,2.142230020364678467e+00,5.028827127313622469e+00
-8.627044364535518817e-01,2.243587748928410619e+00,5.885201779281587164e+00
-8.391229172740397591e-01,2.498104800953123927e+00,7.723195009328765792e+00
-8.129954053046694051e-01,2.753157396961073200e+00,7.722452758726211286e+00
-7.844903629711271753e-01,2.970439126659111473e+00,7.244091787219670842e+00
-7.540267555231198182e-01,3.140755538503859690e+00,6.635295749771751517e+00
-7.220893850043338391e-01,3.260666437390211669e+00,5.970232977535373742e+00
-6.892685637957646216e-01,3.311100793299030620e+00,5.085405055715746414e+00
-6.558754543613954935e-01,3.376400482402286851e+00,5.085405055715746414e+00
-6.217669244991060884e-01,3.455364493764825795e+00,5.085405055715746414e+00
-5.868112552652714475e-01,3.546919519598470405e+00,5.085405055715746414e+00
-5.508869816981918355e-01,3.650094192082959932e+00,5.085405055715746414e+00
-5.165489959307766332e-01,3.177792157299743625e+00,-5.695216761038768283e-01
-4.866631332144336075e-01,2.796157021985789637e+00,-5.695216761038768283e-01
-4.600039985687646160e-01,2.509831363782581981e+00,-5.695216761038768283e-01
-4.361334954866802338e-01,2.239887753879629351e+00,-5.695216761038768283e-01
-4.148926897096783528e-01,1.985247548652097738e+00,-5.695216761038768283e-01
-3.917424945498888533e-01,2.715086411905838215e+00,8.033043202168615338e+00
-3.614557516529361969e-01,3.409876584596887916e+00,7.848818670281586307e+00
-3.243222941821300997e-01,4.082873005447940962e+00,7.742560276331969860e+00
-2.805647636243619458e-01,4.732882447664769288e+00,7.599174841192295915e+00
-2.304396511581676688e-01,5.353852421770549874e+00,7.385788126348850291e+00
-1.828021430208089382e-01,4.052629249066034056e+00,-8.603420559097914477e+00
-1.479293481594643467e-01,2.806250420199571050e+00,-8.603420559097914477e+00
-1.252789077829417064e-01,1.613111046036884266e+00,-8.603420559097914477e+00
-1.143298121389250133e-01,4.705407033399652272e-01,-8.603420559097914477e+00
-1.145904436898289580e-01,-6.246341896350390277e-01,-8.603420559097914477e+00
-1.153538550916469868e-01,5.844436867025019078e-01,9.940627661968484574e+00
-1.058735551781789935e-01,1.386840224581995962e+00,6.997429089368331745e+00
-9.018794958640476145e-02,1.788421810745879581e+00,3.948946114288826692e+00
-7.229663856413168221e-02,1.790808467757658784e+00,7.789152990666993182e-01
-5.619560054806046340e-02,1.392958582031371018e+00,-2.524645977231400273e+00
-3.658961003755443336e-02,2.645870873418250557e+00,1.078446819932408829e+01
-6.945811912671168327e-03,3.349705083809521255e+00,6.667633321874342656e+00
2.723972539277271648e-02,3.503048012040592241e+00,2.350166215166129113e+00
6.045957970544935806e-02,3.105304050267513105e+00,-2.159980692594662521e+00
8.719412420140319753e-02,2.154450771527026021e+00,-6.877830445770745982e+00
1.068928343580863999e-01,1.748395766304200016e+00,-2.793467633951368434e+00
1.216306175961049535e-01,1.143616705510100084e+00,-4.599889462270704499e+00
1.294047684377247764e-01,3.365304973941943278e-01,-6.494801005213220790e+00
1.281667587726195712e-01,-6.787088798117291155e-01,-8.487935154532580739e+00
1.157889347434843397e-01,-1.912528526605345780e+00,-1.060581354661615094e+01
9.724546486741009188e-02,-1.785035859304221706e+00,1.929616847923333323e-01
7.947907036647394730e-02,-1.767332342031415093e+00,-6.277587324483723252e-01
6.138829945937483712e-02,-1.860241404177568780e+00,-1.489968277556976473e+00
4.186258342493655304e-02,-2.064783271644854867e+00,-2.393942620567969470e+00
1.977853436292502029e-02,-2.382550508595631555e+00,-3.343145590956205115e+00
2.335229879076006730e-05,-1.485776116592465668e+00,6.496245403587472822e+00
-1.128584382285872934e-02,-7.037271973172560813e-01,5.890743919244357585e+00
-1.527149320386753106e-02,-3.093992308122743562e-02,5.276662896507464673e+00
-1.300715555494533042e-02,5.367486913620168609e-01,4.646344885755302911e+00
-5.526306291909555482e-03,1.003147681986098050e+00,4.000414459479866736e+00
4.128553787514578806e-03,9.205237973991543532e-01,-3.369820210135543448e-01
1.298278808263884053e-02,8.435132125863621377e-01,-3.369820210135543448e-01
2.109064580080516685e-02,7.717027392317594714e-01,-3.369820210135543448e-01
2.850237475807030837e-02,7.047078266779516209e-01,-3.369820210135543448e-01
3.526449905489830589e-02,6.421706475419819427e-01,-3.369820210135543448e-01
4.160743286153456566e-02,6.250820643513114172e-01,0.000000000000000000e+00
4.778951128226582162e-02,6.101982377424628456e-01,0.000000000000000000e+00
5.383220236867489183e-02,5.973923207026139437e-01,0.000000000000000000e+00
5.975575212228272093e-02,5.865476488911732789e-01,0.000000000000000000e+00
6.557928313440163082e-02,5.775570419790290178e-01,0.000000000000000000e+00
7.132088646828881051e-02,5.703221552118244997e-01,0.000000000000000000e+00
7.699770727030973150e-02,5.647528777826317237e-01,0.000000000000000000e+00
8.262602456356850367e-02,5.607667747972826522e-01,0.000000000000000000e+00
8.822132564616730344e-02,5.582885698082132864e-01,0.000000000000000000e+00
9.379837548685630855e-02,5.572496650783895777e-01,0.000000000000000000e+00
9.937128148325981292e-02,5.575876969146575934e-01,0.000000000000000000e+00
1.049535539220238234e-01,5.592461235789727425e-01,0.000000000000000000e+00
1.056896153314792475e-01,-5.116731871152263578e-01,-8.800073972314812920e+00
9.591170368359228093e-02,-1.540223593880796438e+00,-8.800073972314812920e+00
7.601949925429878074e-02,-2.531618339525879779e+00,-8.800073972314812920e+00
4.636393133154879942e-02,-3.490271073567082993e+00,-8.800073972314812920e+00
7.256306366298815626e-03,-4.419550229502694272e+00,-8.800073972314812920e+00
-3.285823536199648787e-02,-3.521431491952556225e+00,5.871200675311132322e+00
-6.420203916399529198e-02,-2.669470052764412848e+00,5.871200675311132322e+00
-8.722118690126386131e-02,-1.860162778123940486e+00,5.871200675311132322e+00
-1.023255315592378062e-01,-1.089776130317936520e+00,5.871200675311132322e+00
-1.098872077766726019e-01,-3.545195460655258257e-01,5.871200675311132322e+00
-1.079903053545766822e-01,8.457394522060939224e-01,9.940627661968484574e+00
-9.593334569453516869e-02,1.640276081595249735e+00,6.997429089368331745e+00
-7.774661033078193728e-02,2.034646165999526968e+00,3.948946114288826692e+00
-5.742403162080755852e-02,2.030309558789137103e+00,7.789152990666993182e-01
-3.895681442258358551e-02,1.626215906096695196e+00,-2.524645977231400273e+00
-2.808660210061194457e-02,4.375395082249295409e-01,-9.087263668763416291e+00
-2.651761098647403489e-02,-1.812903777906451630e-01,-4.847433048813915235e+00
-2.854942924081109445e-02,-2.296576510701049678e-01,-4.011344784516389650e-01
-2.847264701132138157e-02,2.937404594399729563e-01,4.248253466646917609e+00
-2.055086260302490392e-02,1.393335086564465142e+00,9.114470045798936937e+00
-1.194925530732310510e-02,2.178829213937378273e-01,-9.087263668763416291e+00
-1.251995701199141130e-02,-3.884943736307813200e-01,-4.847433048813915235e+00
-1.657079346994030228e-02,-4.252589648436875813e-01,-4.011344784516389650e-01
-1.840063405514662936e-02,1.089429345147243655e-01,4.248253466646917609e+00
-1.228102323061786190e-02,1.218537477715415873e+00,9.114470045798936937e+00
-5.189396760989627849e-04,1.125714062879133337e+00,-3.369820210135543448e-01
1.034467188825702495e-02,1.039414953406291975e+00,-3.369820210135543448e-01
2.037290624853120916e-02,9.591689414384612089e-01,-3.369820210135543448e-01
2.962429480843657356e-02,8.845374656288813586e-01,-3.369820210135543448e-01
3.815312244936380076e-02,8.151124951197749047e-01,-3.369820210135543448e-01
4.619705411195326739e-02,7.918321986779547350e-01,0.000000000000000000e+00
5.402119529679170334e-02,7.714116016205241344e-01,0.000000000000000000e+00
6.165337834183829552e-02,7.536833057745216946e-01,0.000000000000000000e+00
6.911982221843332441e-02,7.384932092656187885e-01,0.000000000000000000e+00
7.644526132636764171e-02,7.256995925307166972e-01,0.000000000000000000e+00
8.365306544276029932e-02,7.151722688060175859e-01,0.000000000000000000e+00
9.076535145044332953e-02,7.067917948908211123e-01,0.000000000000000000e+00
9.780308743042338826e-02,7.004487381816569824e-01,0.000000000000000000e+00
1.047861896638357382e-01,6.960429961721497083e-01,0.000000000000000000e+00
1.068651686404819418e-01,-3.803124598331746320e-01,-8.800073972314812920e+00
9.837893643934948751e-02,-1.413617569795914353e+00,-8.800073972314812920e+00
7.973362553222325400e-02,-2.409172565043743219e+00,-8.800073972314812920e+00
5.128559537328127027e-02,-3.371511030019950450e+00,-8.800073972314812920e+00
1.335025002302934333e-02,-4.304150330802347213e+00,-8.800073972314812920e+00
-2.562468497547288476e-02,-3.409118142157276932e+00,5.871200675311132322e+00
-5.585703139346880064e-02,-2.559643763838362229e+00,5.871200675311132322e+00
-7.778700142335120971e-02,-1.752254898350336765e+00,5.871200675311132322e+00
-9.181895554119728908e-02,-9.832635187931076937e-01,5.871200675311132322e+00
-9.832004633935309545e-02,-2.489364617624965359e-01,5.871200675311132322e+00
-1.008710097437808956e-01,-2.626341765873487777e-01,0.000000000000000000e+00
-1.037457335664730695e-01,-3.175352073759306060e-01,-3.369820210135543448e-01
-1.071625053457097299e-01,-3.709243650280774074e-01,-3.369820210135543448e-01
-1.111070563787515675e-01,-4.229884147688713347e-01,-3.369820210135543448e-01
-1.155669345623935446e-01,-4.739029325538541282e-01,-3.369820210135543448e-01
-1.205313962354092189e-01,-5.238331238438539428e-01,-3.369820210135543448e-01
-1.203153417114335572e-01,6.790184681185287285e-01,9.940627661968484574e+00
-1.099140528799371769e-01,1.476019184409236740e+00,6.997429089368331745e+00
-9.335818747858010136e-02,1.872904333021198964e+00,3.948946114288826692e+00
-7.464102809404438155e-02,1.871144732889219231e+00,7.789152990666993182e-01
-5.775363585897162755e-02,1.469574049530625759e+00,-2.524645977231400273e+00
-3.739760339496060043e-02,2.718981189586850977e+00,1.078446819932408829e+01
-7.036998890350471339e-03,3.419699307795893262e+00,6.667633321874342656e+00
2.783560308673693751e-02,3.570232316905939118e+00,2.350166215166129113e+00
