-3.912893036022332183e+00,3.409032435944944206e-01,0.000000000000000000e+00
-3.908504863515747552e+00,5.567477678737664526e-01,-7.090828356072220728e-01
-3.902000803379901850e+00,7.631612310072141137e-01,-7.090828356072220728e-01
-3.893474528841935456e+00,9.602844912488169848e-01,-7.090828356072220728e-01
-3.883018326914982499e+00,1.148253051932054847e+00,-7.090828356072220728e-01
-3.870723160580430200e+00,1.327195243708139127e+00,-7.090828356072220728e-01
-3.852950334438188573e+00,2.321726955167714213e+00,-9.664710265062694816e+00
-3.825361500205882948e+00,3.288723973367496445e+00,-9.664710265062694816e+00
-3.788204270047504263e+00,4.234118073551770500e+00,-9.664710265062694816e+00
-3.741672925946361250e+00,5.162471014744014930e+00,-9.664710265062694816e+00
-3.685923097561794037e+00,6.076755880399670851e+00,-9.664710265062694816e+00
-3.621321272396989421e+00,6.926469623682310228e+00,-9.180782601352822425e+00
-3.548071978718044583e+00,7.809166581607652091e+00,-9.602734010163322509e+00
-3.465854243930286405e+00,8.722449324859820052e+00,-1.001931593533252496e+01
-3.374432810257958604e+00,9.650111279818190724e+00,-1.033702804347006499e+01
-3.273825641622424953e+00,1.055568574385191738e+01,-1.041984759130572513e+01
-3.167602507514768018e+00,1.069882472860532019e+01,-4.538751796557023432e+00
-3.060076925856694885e+00,1.081227845967841361e+01,-4.538751796557023432e+00
-2.951570518685617817e+00,1.089061938916817063e+01,-4.538751796557023432e+00
-2.842457059913754414e+00,1.092892262586047991e+01,-4.538751796557023432e+00
-2.733156698575852861e+00,1.092293160090642345e+01,-4.538751796557023432e+00
-2.622413790214850327e+00,1.124344750786072389e+01,-7.944077762906216478e+00
-2.508865642857938116e+00,1.147370214543994749e+01,-7.944077762906216478e+00
-2.393447028614273719e+00,1.160682170253001821e+01,-7.944077762906216478e+00
-2.277154044434395175e+00,1.163766889890463574e+01,-7.944077762906216478e+00
-2.161024705621549469e+00,1.156327575932639462e+01,-7.944077762906216478e+00
-2.045613295559514544e+00,1.149002679116957459e+01,-9.647871169985663187e+00
-1.932226833082264728e+00,1.100824709542545854e+01,-9.647871169985663187e+00
-1.825470576000960632e+00,1.025651134053762981e+01,-9.647871169985663187e+00
-1.726520871953504122e+00,9.443064979978441187e+00,-9.647871169985663187e+00
-1.635930821659679957e+00,8.582265739625054124e+00,-9.647871169985663187e+00
-1.554436767395378505e+00,7.642999819231020453e+00,4.426432350409445604e+00
-1.481798778595574406e+00,6.820538186442540507e+00,4.426432350409445604e+00
-1.416907174306396122e+00,6.102108234186671254e+00,4.426432350409445604e+00
-1.358775064796450494e+00,5.476044500100433865e+00,4.426432350409445604e+00
-1.306527126530120819e+00,4.931810554317515027e+00,4.426432350409445604e+00
-1.258934762328138612e+00,4.562427647173636913e+00,7.437396833710200994e+00
-1.214703608216307185e+00,4.265233655569539373e+00,7.437396833710200994e+00
-1.173152197590810575e+00,4.031490428033169593e+00,7.437396833710200994e+00
-1.133680681029221704e+00,3.853710346497289496e+00,7.437396833710200994e+00
-1.095759048303766914e+00,3.725497286322856372e+00,7.437396833710200994e+00
-1.059683678026126286e+00,3.471299297596758926e+00,4.448642759426232551e+00
-1.025950949912189936e+00,3.260486028636635059e+00,4.491618357963455210e+00
-9.941638694589982617e-01,3.084995701607056606e+00,4.479168240798378164e+00
-9.640565866174179988e-01,2.925606080171230250e+00,4.240520242622151770e+00
-9.355083545445120885e-01,2.773499798535827399e+00,3.928909451016527221e+00
-9.086650049949553942e-01,2.580530904912828216e+00,2.999030712052002112e+00
-8.834187380129543410e-01,2.460497145284779474e+00,3.614541435157592630e+00
-8.590382211674110202e-01,2.413882483145540103e+00,4.282541687023052823e+00
-8.347760117570161009e-01,2.443671763123405061e+00,5.028827127313622469e+00
-8.098404381266017804e-01,2.556039017139778657e+00,5.885201779281587164e+00
-7.830415664900547412e-01,2.831267024819016154e+00,7.723195009328765792e+00
-7.534877029802564685e-01,3.107442322395642886e+00,7.722452758726211286e+00
-7.213545568201031877e-01,3.343751243695652242e+00,7.244091787219670842e+00
-6.870852766060543404e-01,3.530285332335945991e+00,6.635295749771751517e+00
-6.511941664741479618e-01,3.663293833131147537e+00,5.970232977535373742e+00
-6.117770283825237909e-01,4.279739346911414444e+00,1.082413868574262850e+01
-5.677121616059727094e-01,4.562980095707128037e+00,7.590483374718902887e+00
-5.225267796406626308e-01,4.469479104865760277e+00,3.846316514511697093e+00
-4.801322569181649125e-01,4.012443058827017239e+00,-4.924813922582328418e-01
-4.438771752571706863e-01,3.158603026077272169e+00,-5.305808984703702436e+00
-4.092841686462649342e-01,3.825742943316200240e+00,8.033043202168615338e+00
-3.681358993664295975e-01,4.467741664141525071e+00,7.848818670281586307e+00
-3.206297664833472894e-01,5.096384677484227410e+00,7.742560276331969860e+00
-2.669102777514981706e-01,5.709083995296606595e+00,7.599174841192295915e+00
-2.071700063825379357e-01,6.298334037651454054e+00,7.385788126348850291e+00
-1.502601464621672045e-01,4.959423643857117980e+00,-8.603420559097914477e+00
-1.064756522377790920e-01,3.679016432910459322e+00,-8.603420559097914477e+00
-7.523683427222171982e-02,2.455599076385879265e+00,-8.603420559097914477e+00
-5.598613085360187175e-02,1.286229428165498234e+00,-8.603420559097914477e+00
-4.819947988290643887e-02,1.671638167960814436e-01,-8.603420559097914477e+00
-4.661089480705286198e-02,1.489190488243677946e-01,0.000000000000000000e+00
-4.519969667771168292e-02,1.317824113414449994e-01,0.000000000000000000e+00
-4.395519958541357214e-02,1.156671832020473717e-01,0.000000000000000000e+00
-4.286755739919743263e-02,1.004926559220459120e-01,0.000000000000000000e+00
-4.192770564406711475e-02,8.618369424451227667e-02,0.000000000000000000e+00
-4.112730763088960628e-02,7.267032782298651905e-02,0.000000000000000000e+00
-4.045870453754853158e-02,5.988737183044341716e-02,0.000000000000000000e+00
-3.991486916141757241e-02,4.777407444842879380e-02,0.000000000000000000e+00
-3.948936308304754755e-02,3.627378932862142247e-02,0.000000000000000000e+00
-3.917629699944759347e-02,2.533367124879297438e-02,0.000000000000000000e+00
-3.897029400256664389e-02,1.490439330699758029e-02,0.000000000000000000e+00
-3.886645559462272720e-02,4.939884112090592305e-03,0.000000000000000000e+00
-3.886033024685907333e-02,-4.602916464335837440e-03,0.000000000000000000e+00
-3.894788432219978280e-02,-1.376428430947265052e-02,0.000000000000000000e+00
-3.912547519520031408e-02,-2.258192210569952632e-02,0.000000000000000000e+00
-3.938982641470527291e-02,-3.109115553610980465e-02,0.000000000000000000e+00
-3.973800476579750218e-02,-3.932511573208317263e-02,0.000000000000000000e+00
-4.016739909800663699e-02,-4.731490896007515407e-02,0.000000000000000000e+00
-4.067570079639513253e-02,-5.508977447423986373e-02,0.000000000000000000e+00
-4.126088578110662097e-02,-6.267723139583179781e-02,0.000000000000000000e+00
-4.192119792929222682e-02,-7.010321541923081323e-02,0.000000000000000000e+00
-4.265513382106998763e-02,-7.739220608760287445e-02,0.000000000000000000e+00
-4.346142871836135985e-02,-8.456734532836610030e-02,0.000000000000000000e+00
-4.433904369212671170e-02,-9.165054788950713349e-02,0.000000000000000000e+00
-4.528715381972381326e-02,-9.866260427213591200e-02,0.000000000000000000e+00
-4.630513737987377448e-02,-1.056232767122362165e-01,0.000000000000000000e+00
-4.739256597806863064e-02,-1.125513887251456541e-01,0.000000000000000000e+00
-4.854919554022308487e-02,-1.194649086896658607e-01,0.000000000000000000e+00
-4.977495811698644940e-02,-1.263810279146705406e-01,0.000000000000000000e+00
-5.106995444541594098e-02,-1.333162335994568515e-01,0.000000000000000000e+00
-5.243444721869003344e-02,-1.402863770697045376e-01,0.000000000000000000e+00
-5.386885501823551747e-02,-1.473067376436040521e-01,0.000000000000000000e+00
-5.537374686607127172e-02,-1.543920824573405404e-01,0.000000000000000000e+00
-5.694983735835643796e-02,-1.615567225555336328e-01,0.000000000000000000e+00
-5.859798234408632178e-02,-1.688145655302994430e-01,0.000000000000000000e+00
-6.031917511562330525e-02,-1.761791649722024566e-01,0.000000000000000000e+00
-6.211454308029600718e-02,-1.836637669773833748e-01,0.000000000000000000e+00
-6.398534488466225967e-02,-1.912813539374735583e-01,0.000000000000000000e+00
-6.593296796522260528e-02,-1.990446858224454441e-01,0.000000000000000000e+00
-6.795892650140233915e-02,-2.069663391511965267e-01,0.000000000000000000e+00
-7.006485974850323872e-02,-2.150587438303425414e-01,0.000000000000000000e+00
-7.225253073006943083e-02,-2.233342180283115208e-01,0.000000000000000000e+00
-7.452382527072609619e-02,-2.318050012393151060e-01,0.000000000000000000e+00
-7.688075135204197608e-02,-2.404832856800450391e-01,0.000000000000000000e+00
-7.932543877534484200e-02,-2.493812461509354594e-01,0.000000000000000000e+00
-8.186013911669094700e-02,-2.585110684834785455e-01,0.000000000000000000e+00
-8.448722596035918020e-02,-2.678849766853188541e-01,0.000000000000000000e+00
-8.720919539831649414e-02,-2.775152588856181213e-01,0.000000000000000000e+00
-9.002866678408637247e-02,-2.874142921744253787e-01,0.000000000000000000e+00
-9.294838373035088641e-02,-2.975945664214445507e-01,0.000000000000000000e+00
-9.597121534043566438e-02,-3.080687071516125530e-01,0.000000000000000000e+00
-9.910015766456548025e-02,-3.188494975472370707e-01,0.000000000000000000e+00
-1.023383353724431899e-01,-3.299498996390336503e-01,0.000000000000000000e+00
-1.058754880712116514e-01,-3.825138511186843004e-01,-3.369820210135543448e-01
-1.099324482369216233e-01,-4.338141544440837216e-01,-3.369820210135543448e-01
-1.144973586089473860e-01,-4.840220537980353122e-01,-3.369820210135543448e-01
-1.195600284485915099e-01,-5.332987294651577725e-01,-3.369820210135543448e-01
-1.251118362675635309e-01,-5.817960357594839094e-01,-3.369820210135543448e-01
-1.254730183525340215e-01,6.215407806908994637e-01,9.940627661968484574e+00
-1.156440870889990785e-01,1.419046886951942810e+00,6.997429089368331745e+00
-9.965515706166802601e-02,1.816524379684373303e+00,3.948946114288826692e+00
-8.149859835715900225e-02,1.815446062620335477e+00,7.789152990666993182e-01
-6.516476296864164020e-02,1.414602111343851831e+00,-2.524645977231400273e+00
-4.535906463539027961e-02,2.663878211438647003e+00,1.078446819932408829e+01
-1.554912306172521325e-02,3.364687068288788385e+00,6.667633321874342656e+00
1.877409324433768067e-02,3.515374387926571309e+00,2.350166215166129113e+00
5.210540877380885616e-02,3.115019435364012157e+00,-2.159980692594662521e+00
7.892419985792377413e-02,2.161289685530887184e+00,-6.877830445770745982e+00
9.867993288198276258e-02,1.752721225309915143e+00,-2.793467633951368434e+00
1.134490311207833196e-01,1.145298649938662372e+00,-4.599889462270704499e+00
1.212272929589368886e-01,3.354006820686925017e-01,-6.494801005213220790e+00
1.199644994054020475e-01,-6.828132064475302965e-01,-8.487935154532580739e+00
1.075316210614404716e-01,-1.919703898773905681e+00,-1.060581354661615094e+01
8.890884876973181861e-02,-1.793880815155921571e+00,1.929616847923333323e-01
7.104630657199814681e-02,-1.777877795735693045e+00,-6.277587324483723252e-01
5.284233956504608837e-02,-1.872494658037696658e+00,-1.489968277556976473e+00
3.318642730413073894e-02,-2.078723968079744466e+00,-2.393942620567969470e+00
1.095554433652383246e-02,-2.398121518572214672e+00,-3.343145590956205115e+00
-8.961825716803213659e-03,-1.502809534976020212e+00,6.496245403587472822e+00
-2.044828446361657975e-02,-7.223109770557573084e-01,5.890743919244357585e+00
-2.462684143071386736e-02,-5.109670025579250707e-02,5.276662896507464673e+00
-2.257107318566679496e-02,5.150399801076745998e-01,4.646344885755302911e+00
-1.531412206276280136e-02,9.799328869536306774e-01,4.000414459479866736e+00
-5.710363535980424524e-03,9.372328166284717987e-01,0.000000000000000000e+00
3.484660668482293926e-03,8.985427881845862164e-01,0.000000000000000000e+00
1.230987361877387311e-02,8.636048638583144754e-01,0.000000000000000000e+00
2.080170772006440308e-02,8.321805667623737301e-01,0.000000000000000000e+00
2.899429323302780970e-02,8.040495442676188764e-01,0.000000000000000000e+00
3.691963383128785137e-02,7.790083205552834622e-01,0.000000000000000000e+00
4.460777006826875668e-02,7.568691336044416351e-01,0.000000000000000000e+00
5.208693157641992866e-02,7.374588518681921556e-01,0.000000000000000000e+00
5.938367877454021893e-02,7.206179659523808123e-01,0.000000000000000000e+00
6.652303481253524220e-02,7.061996507230613451e-01,0.000000000000000000e+00
7.352860843784952971e-02,6.940688934181400427e-01,0.000000000000000000e+00
8.042270842433722755e-02,6.841016835128637119e-01,0.000000000000000000e+00
8.722645016267739637e-02,6.761842602788332712e-01,0.000000000000000000e+00
9.395985497172566758e-02,6.702124141749900010e-01,0.000000000000000000e+00
1.006419426524880201e-01,6.660908384111555725e-01,0.000000000000000000e+00
1.024202251467156016e-01,-4.105453861425595319e-01,-8.800073972314812920e+00
9.363008144868389948e-02,-1.444211820390029155e+00,-8.800073972314812920e+00
7.467709147624668198e-02,-2.440151361037439237e+00,-8.800073972314812920e+00
4.591766351751828956e-02,-3.402833929256401824e+00,-8.800073972314812920e+00
7.667917421566827242e-03,-4.335706415607379682e+00,-8.800073972314812920e+00
-3.162302832524636204e-02,-3.440818631377334569e+00,5.871200675311132322e+00
-6.217387368267801584e-02,-2.591714693581642415e+00,5.871200675311132322e+00
-8.442694279804981161e-02,-1.784889178954703448e+00,5.871200675311132322e+00
-9.878837347092010723e-02,-1.016620201179395888e+00,5.871200675311132322e+00
-1.056267536067478779e-01,-2.831399417760859794e-01,5.871200675311132322e+00
-1.030218125163483572e-01,9.158963450448505128e-01,9.940627661968484574e+00
-9.026864396790901246e-02,1.709283205700719677e+00,6.997429089368331745e+00
-7.139714774772673578e-02,2.102508493796982236e+00,3.948946114288826692e+00
-5.040123116888020616e-02,2.097035053836109775e+00,7.789152990666993182e-01
-3.127178020767838046e-02,1.691870179315125400e+00,-2.524645977231400273e+00
-1.974987239735384592e-02,5.021695103295362728e-01,-9.087263668763416291e+00
-1.753781652428584512e-02,-1.173446402036118080e-01,-4.847433048813915235e+00
-1.893210595361486878e-02,-1.661090398252864087e-01,-4.011344784516389650e-01
-1.822039752172523175e-02,3.571952772402215981e-01,4.248253466646917609e+00
-9.663311631302736598e-03,1.456970278641692707e+00,9.114470045798936937e+00
-4.257573451253429328e-04,2.814778484232265954e-01,-9.087263668763416291e+00
-3.597354531018534789e-04,-3.247006117901919398e-01,-4.847433048813915235e+00
-3.771039437167084118e-03,-3.610854141282622276e-01,-4.011344784516389650e-01
-4.956565198940761884e-03,1.737169982461220785e-01,4.248253466646917609e+00
1.814365181586556196e-03,1.284114338465880190e+00,9.114470045798936937e+00
9.367378374381311532e-03,1.182737289796294139e-01,-9.087263668763416291e+00
7.841947387597220098e-03,-4.790261184744115663e-01,-4.847433048813915235e+00
2.924506276372549306e-03,-5.072929061424232833e-01,-4.011344784516389650e-01
3.109140353666234465e-04,3.494663042212285686e-02,4.248253466646917609e+00
5.725254086685277813e-03,1.152139382410793944e+00,9.114470045798936937e+00
1.685511091647159607e-02,1.066292005179203306e+00,-3.369820210135543448e-01
2.715432845298026282e-02,9.865465528591979005e-01,-3.369820210135543448e-01
