7.549842494637980517e-01,5.843011060594160977e-02,0.000000000000000000e+00
7.524715958270390415e-01,-6.096173836850858896e-01,-9.636270175371867808e+00
7.437394466534954507e-01,-1.179406331267983887e+00,-9.636270175371867808e+00
7.296743719717714294e-01,-1.671457012925067653e+00,-9.636270175371867808e+00
7.109765587320578950e-01,-2.102258532878165553e+00,-9.636270175371867808e+00
6.881966344173011674e-01,-2.485016787883425504e+00,-9.636270175371867808e+00
6.645681282005879709e-01,-2.223438806931873568e+00,-2.933957044413844084e+00
6.433262137142863324e-01,-2.011076323020829282e+00,-2.933957044413844084e+00
6.240184065306161321e-01,-1.839414034013523436e+00,-2.933957044413844084e+00
6.062704296872124532e-01,-1.701427277010807648e+00,-2.933957044413844084e+00
5.897725283307246880e-01,-1.591320008109883499e+00,-2.933957044413844084e+00
5.737770583811386826e-01,-1.610436197739482544e+00,-4.028610858234111802e+00
5.575709640600632344e-01,-1.633752654374786895e+00,-4.028610858234111802e+00
5.411151292991598361e-01,-1.660649496666859237e+00,-4.028610858234111802e+00
5.243761390588255189e-01,-1.690613501391620144e+00,-4.028610858234111802e+00
5.073253042883953956e-01,-1.723218461999885376e+00,-4.028610858234111802e+00
4.881352681609414934e-01,-2.218377497421290201e+00,-7.334327878463691164e+00
4.632528694719268980e-01,-2.816379382542534948e+00,-7.334327878463691164e+00
4.324268102933916946e-01,-3.406946439043758712e+00,-7.334327878463691164e+00
3.957164265808474912e-01,-3.993308162634740643e+00,-7.334327878463691164e+00
3.531514450363955060e-01,-4.578087804707455355e+00,-7.334327878463691164e+00
3.118186106407803138e-01,-3.596979346785332599e+00,6.169953645218587468e+00
2.786424871470064568e-01,-2.981553306400392067e+00,3.393220642055471803e+00
2.498836668782257187e-01,-2.749688077257362639e+00,3.958927187040056639e-01
2.216469389270120660e-01,-2.914494060658845420e+00,-2.798972266734783609e+00
1.899149438469037998e-01,-3.487315259807659551e+00,-6.177930469689961512e+00
1.590974081288412945e-01,-2.593557448005288535e+00,5.871200675311132322e+00
1.370366007560078481e-01,-1.739586366601783229e+00,5.871200675311132322e+00
1.233450079799380816e-01,-9.230470139439844734e-01,5.871200675311132322e+00
1.176597158392608811e-01,-1.413858388569394220e-01,5.871200675311132322e+00
1.196435925967628544e-01,6.079769368613308078e-01,5.871200675311132322e+00
1.208821906151868741e-01,-4.595460237900834688e-01,-8.800073972314812920e+00
1.116408507267905859e-01,-1.484713791928690352e+00,-8.800073972314812920e+00
9.231838001676220817e-02,-2.472904468445090043e+00,-8.800073972314812920e+00
6.326314860680171126e-02,-3.428705591274650466e+00,-8.800073972314812920e+00
2.478211118959040143e-02,-4.355671940757630090e+00,-8.800073972314812920e+00
-1.468646533043519234e-02,-3.455844428501527954e+00,5.871200675311132322e+00
-4.536460321318695754e-02,-2.601613130113379579e+00,5.871200675311132322e+00
-6.769324815834662501e-02,-1.789579677424736115e+00,5.871200675311132322e+00
-8.207814817595453227e-02,-1.016111819362046864e+00,5.871200675311132322e+00
-8.888833468353528333e-02,-2.775180983390914680e-01,5.871200675311132322e+00
-9.170965777057549229e-02,-2.878192877816737050e-01,0.000000000000000000e+00
-9.463517610834029647e-02,-2.983860427429916862e-01,0.000000000000000000e+00
-9.766760916066072329e-02,-3.092325508966831671e-01,0.000000000000000000e+00
-1.008098185060926910e-01,-3.203730581831903956e-01,0.000000000000000000e+00
-1.042513227987550001e-01,-3.729593678491209263e-01,-3.369820210135543448e-01
-1.082127539353261586e-01,-4.242590744553588755e-01,-3.369820210135543448e-01
-1.126820299333802650e-01,-4.744444791624584656e-01,-3.369820210135543448e-01
-1.176487455256413628e-01,-5.236777368180718373e-01,-3.369820210135543448e-01
-1.231040740949090606e-01,-5.721116006276775190e-01,-3.369820210135543448e-01
-1.233666041630890053e-01,6.316314125117287182e-01,9.940627661968484574e+00
-1.134353152211921983e-01,1.429460957552310951e+00,6.997429089368331745e+00
-9.734120978630167453e-02,1.827169289906113159e+00,3.948946114288826692e+00
-7.907753810295697905e-02,1.826241725829029328e+00,7.789152990666993182e-01
-6.263534403036991050e-02,1.425493296139066723e+00,-2.524645977231400273e+00
-4.271905613763002374e-02,2.675133760239015057e+00,1.078446819932408829e+01
-1.279537528162946920e-02,3.376197333172145765e+00,6.667633321874342656e+00
2.164386363585471540e-02,3.527087544858574120e+00,2.350166215166129113e+00
5.509340346311675241e-02,3.126983726976305000e+00,-2.159980692594662521e+00
8.203361647723148020e-02,2.173665733892638841e+00,-6.877830445770745982e+00
1.019146490363458946e-01,1.765446730634539385e+00,-2.793467633951368434e+00
1.168130619668708292e-01,1.158490510952946417e+00,-4.599889462270704499e+00
1.247259213896612234e-01,3.491956628042037769e-01,-6.494801005213220790e+00
1.236044008154123797e-01,-6.682762261467483089e-01,-8.487935154532580739e+00
1.113207646906559101e-01,-1.904312355754626207e+00,-1.060581354661615094e+01
9.285316469277149487e-02,-1.778204632870809654e+00,1.929616847923333323e-01
7.514892757412304503e-02,-1.761854801101749857e+00,-6.277587324483723252e-01
5.710696342771508227e-02,-1.856075445116569522e+00,-1.489968277556976473e+00
3.761717672766213411e-02,-2.061874976379184154e+00,-2.393942620567969470e+00
1.555678449138693173e-02,-2.380830779760704896e+00,-3.343145590956205115e+00
-4.185938785684481175e-03,-1.485113453732873623e+00,6.496245403587472822e+00
-1.549329761425962716e-02,-7.041272247232245318e-01,5.890743919244357585e+00
-1.948764657839062789e-02,-3.237886298910341853e-02,5.276662896507464673e+00
-1.724222013132368364e-02,5.343125628331483190e-01,4.646344885755302911e+00
-9.790032381830049077e-03,9.997647025542634180e-01,4.000414459479866736e+00
1.444781518054709391e-05,9.576036622615888838e-01,0.000000000000000000e+00
9.415704776389253669e-03,9.194795239992055169e-01,0.000000000000000000e+00
1.845293072267760459e-02,8.851344840025218152e-01,0.000000000000000000e+00
2.716282882928222966e-02,8.543302603898238479e-01,0.000000000000000000e+00
3.557980233939619930e-02,8.268467532733834169e-01,0.000000000000000000e+00
4.373613068523685143e-02,8.024807943053443582e-01,0.000000000000000000e+00
5.166213348955510376e-02,7.810449808989218257e-01,0.000000000000000000e+00
5.938632327284743689e-02,7.623665903541629874e-01,0.000000000000000000e+00
6.693554764404596735e-02,7.462865691779987376e-01,0.000000000000000000e+00
7.433512170583007894e-02,7.326585930010096614e-01,0.000000000000000000e+00
8.160895136037558950e-02,7.213481926429167190e-01,0.000000000000000000e+00
8.877964815764655127e-02,7.122319420533800294e-01,0.000000000000000000e+00
9.586863628644738677e-02,7.051967040450016766e-01,0.000000000000000000e+00
1.028962522685123449e-01,7.001389299344187300e-01,0.000000000000000000e+00
1.050124272176825163e-01,-3.770449699677766997e-01,-8.800073972314812920e+00
9.655532272758807211e-02,-1.411127582439060113e+00,-8.800073972314812920e+00
7.793164896962236077e-02,-2.407394305340575080e+00,-8.800073972314812920e+00
4.949848435374087918e-02,-3.370365305172611681e+00,-8.800073972314812920e+00
1.157208252100505944e-02,-4.303545206825187819e+00,-8.800073972314812920e+00
-2.739884266656052517e-02,-3.408972377681952270e+00,5.871200675311132322e+00
-5.763189556018933485e-02,-2.559982455457579853e+00,5.871200675311132322e+00
-7.956748868940421993e-02,-1.753092210334897594e+00,5.871200675311132322e+00
-9.361008081362583166e-02,-9.846042279239555217e-01,5.871200675311132322e+00
-1.001268344799353532e-01,-2.507771212546437978e-01,5.871200675311132322e+00
-1.028843596006745326e-01,-3.059755965225827712e-01,-3.369820210135543448e-01
-1.061867286725387827e-01,-3.596229818751913165e-01,-3.369820210135543448e-01
-1.100192913413214624e-01,-4.119083472172844207e-01,-3.369820210135543448e-01
-1.143692361251069933e-01,-4.630094035031495081e-01,-3.369820210135543448e-01
-1.192254806160755187e-01,-5.130933338699118496e-01,-3.369820210135543448e-01
-1.189016863043104305e-01,6.898414551973492959e-01,9.940627661968484574e+00
-1.083919548096338448e-01,1.486893642305841867e+00,6.997429089368331745e+00
-9.172732231562129301e-02,1.883787392123529969e+00,3.948946114288826692e+00
-7.290148457315989705e-02,1.881998779510779984e+00,7.789152990666993182e-01
-5.590581177549361347e-02,1.480377044514695095e+00,-2.524645977231400273e+00
-3.544112114774451011e-02,2.729919721173182712e+00,1.078446819932408829e+01
-4.970783949369399386e-03,3.430710629506353193e+00,6.667633321874342656e+00
3.001216524549836506e-02,3.581296132428135603e+00,2.350166215166129113e+00
6.400337590463214821e-02,3.181139881461484631e+00,-2.159980692594662521e+00
9.148729951172160368e-02,2.228364975873407428e+00,-6.877830445770745982e+00
1.119169823630776772e-01,1.820550986536505711e+00,-2.793467633951368434e+00
1.273701073362424607e-01,1.214450933400034183e+00,-4.599889462270704499e+00
1.358485974614160319e-01,4.065337987315374990e-01,-6.494801005213220790e+00
1.353089624500559696e-01,-6.090229906375113078e-01,-8.487935154532580739e+00
1.236285781504307818e-01,-1.842682254647790341e+00,-1.060581354661615094e+01
1.057792143515328687e-01,-1.716118495802057886e+00,1.929616847923333323e-01
8.869896905519880637e-02,-1.699052076087566476e+00,-6.277587324483723252e-01
7.128917668493101045e-02,-1.792336462310048395e+00,-1.489968277556976473e+00
5.244171340498947342e-02,-1.997031744786625929e+00,-2.393942620567969470e+00
3.103516885822306046e-02,-2.314786675778499614e+00,-3.343145590956205115e+00
9.346467219540056937e-03,-1.993947551452457834e+00,1.803014311856426133e+00
-9.076519641445936204e-03,-1.660339440005197176e+00,2.053266154957180234e+00
-2.409597298171314850e-02,-1.311717621277372903e+00,2.320250433965075576e+00
-3.555219685747995628e-02,-9.459607234748494964e-01,2.603249001358412862e+00
-4.326308441899624768e-02,-5.606814068755056057e-01,2.904547467598544763e+00
-4.881471545380370453e-02,-5.487596326279483572e-01,0.000000000000000000e+00
-5.425535192375029181e-02,-5.386462929022266533e-01,0.000000000000000000e+00
-5.960262554717004474e-02,-5.302423533083489016e-01,0.000000000000000000e+00
-6.487321489376676742e-02,-5.234569393751224986e-01,0.000000000000000000e+00
-7.008292444996065684e-02,-5.182067811466745111e-01,0.000000000000000000e+00
-7.524675831433043360e-02,-5.144156981646779148e-01,0.000000000000000000e+00
-8.037898891420747205e-02,-5.120141220249787573e-01,0.000000000000000000e+00
-8.549322110717068324e-02,-5.109386538748226236e-01,0.000000000000000000e+00
-9.060245200562079548e-02,-5.111316543858624994e-01,0.000000000000000000e+00
-9.571912683869217287e-02,-5.125408638982412723e-01,0.000000000000000000e+00
-1.008551911434008158e-01,-5.151190505820900656e-01,0.000000000000000000e+00
-1.062086429828890399e-01,-5.599572269479665687e-01,-3.369820210135543448e-01
-1.120079893802828908e-01,-6.042659613375902516e-01,-3.369820210135543448e-01
-1.182484971409709373e-01,-6.481687097532121689e-01,-3.369820210135543448e-01
-1.249266374238311023e-01,-6.917823089402437287e-01,-3.369820210135543448e-01
-1.320400217796930675e-01,-7.352174646392181101e-01,-3.369820210135543448e-01
-1.339201533300759250e-01,4.713710307393330634e-01,9.940627661968484574e+00
-1.255790306988753824e-01,1.271856370931339963e+00,6.997429089368331745e+00
-1.110485378058733985e-01,1.672237765243007823e+00,3.948946114288826692e+00
-9.432137949150225242e-02,1.674065828412147461e+00,7.789152990666993182e-01
-7.938792887512749474e-02,1.276112021509987926e+00,-2.524645977231400273e+00
-6.096327476538113133e-02,2.526221853822330221e+00,1.078446819932408829e+01
-3.252447738030055796e-02,3.228226284976938754e+00,6.667633321874342656e+00
4.401913499547755945e-04,3.380220130074896634e+00,2.350166215166129113e+00
3.242422509140683445e-02,2.980713092889897720e+00,-2.159980692594662521e+00
5.789919768355231144e-02,2.026662257585117644e+00,-6.877830445770745982e+00
7.630791453211936692e-02,1.617838560860425989e+00,-2.793467633951368434e+00
8.972318506451122666e-02,1.009206457059850459e+00,-4.599889462270704499e+00
9.613059110958918629e-02,1.970096388220598238e-01,-6.494801005213220790e+00
9.346887444586542137e-02,-8.245992439655216444e-01,-8.487935154532580739e+00
7.959880739493439827e-02,-2.065771030156511312e+00,-1.060581354661615094e+01
5.951195577259325159e-02,-1.940768650422079800e+00,1.929616847923333323e-01
4.017465106301139344e-02,-1.926124024916846755e+00,-6.277587324483723252e-01
2.048035255545884586e-02,-2.022526175740914756e+00,-1.489968277556976473e+00
-6.851249490963935533e-04,-2.230829287062111366e+00,-2.393942620567969470e+00
-2.444688366029713206e-02,-2.552402148960740025e+00,-3.343145590956205115e+00
-4.420658331884730341e-02,-1.282233375345670279e+00,9.575908319037525374e+00
-5.152131942397738390e-02,-6.805593043741575698e-02,9.575908319037525374e+00
-4.692493994428593995e-02,1.095912803409738512e+00,9.575908319037525374e+00
-3.089442200319540005e-02,2.215154395661175446e+00,9.575908319037525374e+00
-3.854938535717304313e-03,3.294407201762940218e+00,9.575908319037525374e+00
2.593774880821556050e-02,2.600796265046876332e+00,-4.576048897616466604e+00
4.895471633959949664e-02,1.942310653344665017e+00,-4.576048897616466604e+00
6.553442375888780813e-02,1.316096961569169332e+00,-4.576048897616466604e+00
7.598666470606343926e-02,7.192875037496976320e-01,-4.576048897616466604e+00
8.059276625291310336e-02,1.490730445292097750e-01,-4.576048897616466604e+00
8.214407270277851447e-02,1.625008902460527149e-01,0.000000000000000000e+00
8.382889242500644877e-02,1.757659240189991257e-01,0.000000000000000000e+00
8.564577186890572069e-02,1.889065759923755916e-01,0.000000000000000000e+00
8.759363312281556735e-02,2.019593824433833507e-01,0.000000000000000000e+00
8.967175572254280913e-02,2.149591497054189615e-01,0.000000000000000000e+00
9.187976004866967028e-02,2.279391070519223295e-01,0.000000000000000000e+00
9.421759220598673046e-02,2.409310493406809084e-01,0.000000000000000000e+00
9.668551028603894482e-02,2.539654701600301823e-01,0.000000000000000000e+00
9.928407192093784139e-02,2.670716861637749129e-01,0.000000000000000000e+00
1.020141230432289187e-01,2.802779532306312604e-01,0.000000000000000000e+00
1.000063667613176749e-01,-7.807058705930304265e-01,-8.800073972314812920e+00
8.757793225838723938e-02,-1.800634177993542862e+00,-8.800073972314812920e+00
6.511628552668566328e-02,-2.784503038568389766e+00,-8.800073972314812920e+00
3.296261550698175585e-02,-3.736443254405614756e+00,-8.800073972314812920e+00
-8.578413645257305931e-03,-4.659481570819602680e+00,-8.800073972314812920e+00
-4.916855222698095218e-02,-3.337326604169763122e+00,9.283256309199357403e+00
-7.664336879671466984e-02,-2.038153315894779105e+00,9.619343716321090199e+00
-9.120887344866944468e-02,-7.564857151817355740e-01,9.968230600402991470e+00
-9.300791338593494828e-02,5.149133837250698953e-01,1.033812301895968844e+01
-8.211742009703494605e-02,1.781758349455687895e+00,1.071488927702608507e+01
-5.979362979437261028e-02,2.776823595794234212e+00,8.871123884837711415e+00
-2.995117528505592333e-02,3.235730704928676982e+00,4.762960760830647899e+00
2.035774658141934357e-03,3.155489731592583169e+00,4.547363441622048197e-01
3.076375271984334650e-02,2.533395103301817386e+00,-4.050118305869761848e+00
5.079573156313036547e-02,1.365214893847443101e+00,-8.764972459420283357e+00
6.473645521245219303e-02,1.429460030236741952e+00,8.683798017837106586e-01
