-3.540694363694977920e+00,4.762742429994555327e-01,0.000000000000000000e+00
-3.530642499592150596e+00,1.643118766699485978e+00,-9.660565104990459062e+00
-3.510411708632431793e+00,2.481440538173101285e+00,-7.165758417927808210e+00
-3.483345505749091853e+00,2.977870795398724901e+00,-4.470709336417215241e+00
-3.452941605883352860e+00,3.114811864567733846e+00,-1.560605977531009270e+00
-3.422856228958207403e+00,2.878843180574777172e+00,1.526811683348922033e+00
-3.390769553885336407e+00,3.606112218685078474e+00,-6.604838596328491462e+00
-3.351290525601628101e+00,4.359627112820289696e+00,-7.083671192431008734e+00
-3.304137185076683192e+00,5.143553223288933829e+00,-7.611127831511161901e+00
-3.249034970163696912e+00,5.951152905877308719e+00,-8.105656556108225885e+00
-3.185783249897909730e+00,6.774166772223940036e+00,-8.565111416166343972e+00
-3.123658578498484495e+00,5.532450310521070058e+00,7.894907501885496615e+00
-3.073411865369938045e+00,4.410701563368115252e+00,7.224827475709726166e+00
-3.033820710033108714e+00,3.413530917470970927e+00,6.512676839827332920e+00
-3.003620340469935091e+00,2.544872127324264710e+00,5.746910093429486999e+00
-2.981515057932515589e+00,1.806910420905013748e+00,4.931203665947617054e+00
-2.968745318725078075e+00,6.380712030237537524e-01,8.720747125349493700e+00
-2.966882786950654438e+00,-3.583737096856563498e-01,7.685907122869146235e+00
-2.974161256889432448e+00,-1.173060373414545943e+00,6.520792160717697072e+00
-2.988757518161808679e+00,-1.804682280339012124e+00,5.293404583631378557e+00
-3.008828233581648970e+00,-2.250401419788887747e+00,3.994690810125151703e+00
-3.036024684837824950e+00,-3.284722092700812279e+00,9.010355803651822981e+00
-3.073356690094387389e+00,-4.272805006431575237e+00,9.010355803651822981e+00
-3.120358040758888674e+00,-5.213591119291318243e+00,9.010355803651822981e+00
-3.176546591314923340e+00,-6.104804473854202662e+00,9.010355803651822981e+00
-3.241411502830464197e+00,-6.942837449987761644e+00,9.010355803651822981e+00
-3.304154101963994616e+00,-5.467357723334350439e+00,-9.540974845577474994e+00
-3.352353223327875664e+00,-4.039344865873104595e+00,-9.622021323512310431e+00
-3.386484582457970127e+00,-2.658559107016252643e+00,-9.717323483283992758e+00
-3.407028328970486353e+00,-1.326402707300476713e+00,-9.795123679551869245e+00
-3.414483489026876040e+00,-4.548339558051808784e-02,-9.832184524103109169e+00
-3.411923357363221054e+00,6.193925248999506694e-01,-5.063791609183935449e+00
-3.402378065689775966e+00,1.358413771673794734e+00,-5.923239898778128065e+00
-3.385099269590026605e+00,2.173139851153573332e+00,-6.820233196721562585e+00
-3.359342635983671332e+00,3.060766101563179298e+00,-7.715755169035891647e+00
-3.324382419751760853e+00,4.020507340676690688e+00,-8.625705014241221491e+00
-3.280579061670749308e+00,4.813359743620044817e+00,-7.585503780774892846e+00
-3.229706906724283400e+00,5.415908603512432862e+00,-6.331801207912861607e+00
-3.173734144780554711e+00,5.813795146959005677e+00,-4.935471008766814549e+00
-3.114741254372198398e+00,5.999733638478384812e+00,-3.443220872722035253e+00
-3.054868613581139591e+00,5.969426267969160982e+00,-1.861683992520243969e+00
-2.998200270746429474e+00,5.300054893246332277e+00,3.266666836927467621e+00
-2.948147970850809152e+00,4.648267239327517508e+00,3.266666836927467621e+00
-2.904528683907376951e+00,4.015568124802304517e+00,3.266666836927467621e+00
-2.867146525672569002e+00,3.402988160760776370e+00,3.266666836927467621e+00
-2.835797170899812425e+00,2.811156882827847259e+00,3.266666836927467621e+00
-2.812776976549311136e+00,1.688673132223966311e+00,8.000427723213059394e+00
-2.801183007625699162e+00,5.217258106836305531e-01,8.793612702452582752e+00
-2.801387604291886380e+00,-6.739667899937923368e-01,9.462104341783067696e+00
-2.813682763084248695e+00,-1.899537596935005013e+00,1.013446509360562686e+01
-2.838369698932751373e+00,-3.155548408655747483e+00,1.079963830521280244e+01
-2.874117327539396527e+00,-4.080459260728074966e+00,8.379684687678871313e+00
-2.918950785938482895e+00,-4.969117921677660199e+00,8.379684687678871313e+00
-2.972506571446326795e+00,-5.821074202839092493e+00,8.379684687678871313e+00
-3.034410811498525984e+00,-6.634554406274333793e+00,8.379684687678871313e+00
-3.104265629940864635e+00,-7.406383515656713712e+00,8.379684687678871313e+00
-3.178344281032819296e+00,-7.406358786131288952e+00,2.461844172900935490e+00
-3.252339992070617303e+00,-7.387801662359223087e+00,2.461844172900935490e+00
-3.326063884620729549e+00,-7.349958955967996310e+00,2.461844172900935490e+00
-3.399320471726502202e+00,-7.292285404594191611e+00,2.461844172900935490e+00
-3.471909797710254875e+00,-7.214456253440369338e+00,2.461844172900935490e+00
-3.538577503859935192e+00,-6.007712458279772960e+00,-7.205448533925771670e+00
-3.594354412274251231e+00,-5.059912753528294616e+00,-5.394769066199611274e+00
-3.641776032640884342e+00,-4.359016906986647122e+00,-3.520195854807355751e+00
-3.683230314203326472e+00,-3.887135483806411163e+00,-1.636533127683547972e+00
-3.720917072150675242e+00,-3.624355217402517315e+00,2.277282429043535061e-01
-3.751118842905933448e+00,-2.294842951475629889e+00,-1.029655071654145360e+01
-3.768721541627558125e+00,-1.117532128159070437e+00,-9.444760288692425121e+00
-3.775179387276842657e+00,-7.772162201071251830e-02,-8.603217451717666719e+00
-3.771886033625334811e+00,8.201676893688421011e-01,-7.606735160114336480e+00
-3.760249527838439132e+00,1.578240391964486733e+00,-6.544367596701608392e+00
-3.739737065440966290e+00,2.623170836831210995e+00,-9.664710265062694816e+00
-3.708919102515017219e+00,3.637153578345881044e+00,-9.664710265062694816e+00
-3.668082282667404215e+00,4.625004933838091858e+00,-9.664710265062694816e+00
-3.617471778176324371e+00,5.590007614630604138e+00,-9.664710265062694816e+00
-3.557307754833452407e+00,6.533661626258646216e+00,-9.664710265062694816e+00
-3.487580350152621911e+00,7.505096733515273399e+00,-1.010134089917174016e+01
-3.408197527227307067e+00,8.462669697768461674e+00,-1.019887620320784727e+01
-3.319583808102871014e+00,9.342543786399367889e+00,-9.806596462126988101e+00
-3.222591550884319034e+00,1.012763395074376049e+01,-9.338636523862732020e+00
-3.118339520610498461e+00,1.077993882311194263e+01,-8.634704361036993348e+00
-3.010075173824595662e+00,1.087685302185968617e+01,-4.538751796557023432e+00
-2.901006291409952365e+00,1.093627501377139311e+01,-4.538751796557023432e+00
-2.791529302689195191e+00,1.095354790867367889e+01,-4.538751796557023432e+00
-2.682083971881026319e+00,1.092476202611120861e+01,-4.538751796557023432e+00
-2.573145256069084397e+00,1.084689935523343784e+01,-4.538751796557023432e+00
-2.463648637876920233e+00,1.105807520285548051e+01,-7.944077762906216478e+00
-2.352469686564745643e+00,1.117291060180000706e+01,-7.944077762906216478e+00
-2.240591596233245664e+00,1.118735792883006930e+01,-7.944077762906216478e+00
-2.129028969789411363e+00,1.109944048726937638e+01,-7.944077762906216478e+00
-2.018805939994252618e+00,1.090948520095694008e+01,-7.944077762906216478e+00
-1.911790735018475518e+00,1.035164552366018142e+01,-9.647871169985663187e+00
-1.811460067377741456e+00,9.632030464797352920e+00,-9.647871169985663187e+00
-1.718592977248934339e+00,8.855442266095048254e+00,-9.647871169985663187e+00
-1.633698024739317356e+00,8.035564616146356087e+00,-9.647871169985663187e+00
-1.557145682162010436e+00,7.186240011191830312e+00,-9.647871169985663187e+00
-1.488923521993287480e+00,6.396003511562971866e+00,4.087947565537639605e+00
-1.428160817022159135e+00,5.702142085046543407e+00,4.087947565537639605e+00
-1.373942673145548854e+00,5.093985025875566564e+00,4.087947565537639605e+00
-1.325456334123586988e+00,4.561874830501182032e+00,4.087947565537639605e+00
-1.281981155691934493e+00,4.097137495971660215e+00,4.087947565537639605e+00
-1.242001288724511987e+00,3.888884108494604419e+00,9.490098633253204241e+00
-1.204120726366042504e+00,3.675127248930167401e+00,7.840619633084951801e+00
-1.168695716954962993e+00,3.389231691992089068e+00,5.066271190323431206e+00
-1.136712098925362735e+00,2.973042947323315310e+00,1.469237101733696260e+00
-1.109764148074438905e+00,2.362881165304464570e+00,-3.049012825297359175e+00
-1.086251300342263137e+00,2.341257573229959199e+00,6.912414130066269813e+00
-1.062838123864267903e+00,2.345141641926348441e+00,6.980944977792788109e+00
-1.039301133150372092e+00,2.367612978281430802e+00,6.963795339580225452e+00
-1.015560521165519647e+00,2.385307848343416026e+00,6.595517562959748226e+00
-9.917034739780633545e-01,2.389534250962536355e+00,6.114302824816287618e+00
-9.668534652020893683e-01,2.603271204037538755e+00,8.976980088822617887e+00
-9.398895717733446453e-01,2.812122303183560490e+00,8.773379027484057957e+00
-9.110734264628665979e-01,2.969100227591913388e+00,7.905296966648767132e+00
-8.810236648804053994e-01,3.052031814281655819e+00,6.735305235827602210e+00
-8.506232016158872256e-01,3.029387119988713906e+00,5.163803140465221375e+00
-8.194166367926617456e-01,3.234111005956536111e+00,7.723195009328765792e+00
-7.861157445137629818e-01,3.449381470776266223e+00,7.722452758726211286e+00
-7.508006301988326969e-01,3.634284396620682589e+00,7.244091787219670842e+00
-7.138252806933027550e-01,3.777652230233942365e+00,6.635295749771751517e+00
-6.756275217062177596e-01,3.874457420999165347e+00,5.970232977535373742e+00
-6.354823758780193677e-01,4.186861540198401954e+00,8.055135777383991780e+00
-5.917995244090555884e-01,4.590585936253200217e+00,8.914488005734572340e+00
-5.437614717188973268e-01,5.064633392589623639e+00,9.570203350070450199e+00
-4.907266656380068759e-01,5.618511883555228792e+00,1.009306818608538237e+01
-4.308607524257065391e-01,6.439030988176815740e+00,1.055732095515616109e+01
-3.670331207233248350e-01,6.318763166822491506e+00,2.100023449215167481e+00
-3.043326400372072804e-01,6.214935643084360528e+00,2.026014420675403382e+00
-2.425944284444920551e-01,6.127675557208264401e+00,1.969903594090064658e+00
-1.816675505752691488e-01,6.053739435087603482e+00,1.901843930691496709e+00
-1.214372107587508437e-01,5.989066015138351240e+00,1.813756605064245520e+00
-6.753129644280372879e-02,4.670620226418194854e+00,-8.603420559097914477e+00
-2.653021665896054815e-02,3.413907686321609791e+00,-8.603420559097914477e+00
2.171069206453349939e-03,2.215922592941454550e+00,-8.603420559097914477e+00
1.914176901591613245e-02,1.072494160588932877e+00,-8.603420559097914477e+00
2.490633709163244530e-02,-2.112868643367217525e-02,-8.603420559097914477e+00
2.472606360098401207e-02,-1.429737776631445460e-02,0.000000000000000000e+00
2.461265972220136669e-02,-7.781411831287550311e-03,0.000000000000000000e+00
2.456310248523829384e-02,-1.552153928318865698e-03,0.000000000000000000e+00
2.457464674528415244e-02,4.417163733861808120e-03,0.000000000000000000e+00
2.464480715697333832e-02,1.015158310117287091e-02,0.000000000000000000e+00
2.477134151387963210e-02,1.567455139692313162e-02,0.000000000000000000e+00
2.495223535717752683e-02,2.100804302525365042e-02,0.000000000000000000e+00
2.518568776433438572e-02,2.617267292547407337e-02,0.000000000000000000e+00
2.547009823518116278e-02,3.118780199971071115e-02,0.000000000000000000e+00
2.580405459873118604e-02,3.607163519189451883e-02,0.000000000000000000e+00
2.618632186970884165e-02,4.084131275488399326e-02,0.000000000000000000e+00
2.661583198894315605e-02,4.551299520422320832e-02,0.000000000000000000e+00
2.709167438660407129e-02,5.010194242147437277e-02,0.000000000000000000e+00
2.761308731173811593e-02,5.462258733704619673e-02,0.000000000000000000e+00
2.817944987571944018e-02,5.908860459178578994e-02,0.000000000000000000e+00
2.879027476109513248e-02,6.351297454814620880e-02,0.000000000000000000e+00
2.944520155089138530e-02,6.790804299532798849e-02,0.000000000000000000e+00
3.014399063677911106e-02,7.228557686827676021e-02,0.000000000000000000e+00
3.088651766759284087e-02,7.665681627766501860e-02,0.000000000000000000e+00
3.167276850257148141e-02,8.103252312686842762e-02,0.000000000000000000e+00
3.250283463636035458e-02,8.542302657234850105e-02,0.000000000000000000e+00
3.337690906529498097e-02,8.983826556566565369e-02,0.000000000000000000e+00
3.429528256679242187e-02,9.428782869846684400e-02,0.000000000000000000e+00
3.525834036581798614e-02,9.878099155612764248e-02,0.000000000000000000e+00
3.626655916438534938e-02,1.033267517711895789e-01,0.000000000000000000e+00
3.732050451189836138e-02,1.079338619542404704e-01,0.000000000000000000e+00
3.842082849586193199e-02,1.126108606673603685e-01,0.000000000000000000e+00
3.956826773408744086e-02,1.173661015936289520e-01,0.000000000000000000e+00
4.076364165100440640e-02,1.222077810453952723e-01,0.000000000000000000e+00
4.200785102207059418e-02,1.271439639439866098e-01,0.000000000000000000e+00
4.330187677155784148e-02,1.321826083942226060e-01,0.000000000000000000e+00
4.464677901018464234e-02,1.373315889684491864e-01,0.000000000000000000e+00
4.604369630017701026e-02,1.425987188067688871e-01,0.000000000000000000e+00
4.749384513637211480e-02,1.479917706326643323e-01,0.000000000000000000e+00
4.899851963293912205e-02,1.535184967762592556e-01,0.000000000000000000e+00
5.055909140618481540e-02,1.591866482909826408e-01,0.000000000000000000e+00
5.217700964474143027e-02,1.650039932433692569e-01,0.000000000000000000e+00
5.385380135920634498e-02,1.709783342501002001e-01,0.000000000000000000e+00
5.559107180401971077e-02,1.771175253311321751e-01,0.000000000000000000e+00
5.739050506503271670e-02,1.834294881428482904e-01,0.000000000000000000e+00
5.925386480683733637e-02,1.899222276505592721e-01,0.000000000000000000e+00
6.118299517450200703e-02,1.966038472953610672e-01,0.000000000000000000e+00
6.317982184488935005e-02,2.034825637062891990e-01,0.000000000000000000e+00
6.524635322322373809e-02,2.105667210048708105e-01,0.000000000000000000e+00
6.738468178103164397e-02,2.178648047455451209e-01,0.000000000000000000e+00
6.959698553199576698e-02,2.253854555319687591e-01,0.000000000000000000e+00
7.188552964265020051e-02,2.331374823459303192e-01,0.000000000000000000e+00
7.425266817519599050e-02,2.411298756224388162e-01,0.000000000000000000e+00
7.670084596003873267e-02,2.493718201015052149e-01,0.000000000000000000e+00
7.923260059594165738e-02,2.578727074841828393e-01,0.000000000000000000e+00
8.185056457595021873e-02,2.666421489175481163e-01,0.000000000000000000e+00
8.455746753747797606e-02,2.756899873304666237e-01,0.000000000000000000e+00
8.735613863515007127e-02,2.850263096391817963e-01,0.000000000000000000e+00
9.024950903517725553e-02,2.946614588389581679e-01,0.000000000000000000e+00
9.324061453018442358e-02,3.046060459951892563e-01,0.000000000000000000e+00
9.633259827353747584e-02,3.148709621445160423e-01,0.000000000000000000e+00
9.952871363230574031e-02,3.254673901135759495e-01,0.000000000000000000e+00
1.028323271580595111e-01,3.364068162599823109e-01,0.000000000000000000e+00
1.013769865627243971e-01,-7.264981414459706910e-01,-8.800073972314812920e+00
8.948294702072187579e-02,-1.748090284333245537e+00,-8.800073972314812920e+00
6.754004841377986290e-02,-2.733412472427692919e+00,-8.800073972314812920e+00
3.589132548507320553e-02,-3.686655393458750041e+00,-8.800073972314812920e+00
-5.157364685218252150e-03,-4.610917478261145064e+00,-8.800073972314812920e+00
-4.526665023409476296e-02,-3.289762929026578409e+00,9.283256309199357403e+00
-7.226906508409745855e-02,-1.991250984069264485e+00,9.619343716321090199e+00
