7.726661604243379999e-01,-8.703540396821118907e-02,0.000000000000000000e+00
7.688784958957042281e-01,-7.165946507858403924e-01,-9.636270175371867808e+00
7.592232554312651205e-01,-1.254948608147030686e+00,-9.636270175371867808e+00
7.445227382572304764e-01,-1.721276955445694146e+00,-9.636270175371867808e+00
7.254250846238006201e-01,-2.130982377103453285e+00,-9.636270175371867808e+00
7.024387568683155836e-01,-2.496395363695923741e+00,-9.636270175371867808e+00
6.767167913016626235e-01,-2.663536165631590347e+00,-7.806796230395807612e+00
6.493525877700284665e-01,-2.824548890150038627e+00,-7.806796230395807612e+00
6.203993698304740567e-01,-2.981145301685412363e+00,-7.806796230395807612e+00
5.898950695921537646e-01,-3.134644380533745167e+00,-7.806796230395807612e+00
5.578659574789945896e-01,-3.286035862305421329e+00,-7.806796230395807612e+00
5.252039252124709456e-01,-3.246742540765894525e+00,-5.903261863139852572e+00
4.927840793053917534e-01,-3.311743666946618259e+00,-5.903261863139852572e+00
4.578807444472874910e-01,-3.709116839556428236e+00,-5.903261863139852572e+00
4.189893016360528022e-01,-4.109921752782831561e+00,-5.903261863139852572e+00
3.760700632321135606e-01,-4.515293087152919327e+00,-5.903261863139852572e+00
3.353497703454119683e-01,-3.537443622568916091e+00,6.169953645218587468e+00
3.027687047608375592e-01,-2.922003359781176091e+00,3.393220642055471803e+00
2.746182759907795368e-01,-2.687255846532099479e+00,3.958927187040056639e-01
2.470303450942164525e-01,-2.846661521101893744e+00,-2.798972266734783609e+00
2.160109801855151501e-01,-3.411966605600920577e+00,-6.177930469689961512e+00
1.851582148973491826e-01,-2.692238230734151028e+00,4.426852060309243164e+00
1.598274923849808682e-01,-2.342180016502158235e+00,1.642513813893224706e+00
1.362606943244874247e-01,-2.375305481881747394e+00,-1.357119175815226786e+00
1.105797086181898037e-01,-2.801937871681552839e+00,-4.549205360219073846e+00
7.880855321325522245e-02,-3.631273590175175148e+00,-7.921006524378626068e+00
4.650303970623771710e-02,-2.748724247360442519e+00,5.871200675311132322e+00
2.283212241536986334e-02,-1.908055182795600935e+00,5.871200675311132322e+00
7.390689600036084821e-03,-1.106179601044938732e+00,5.871200675311132322e+00
-1.946800400174163279e-04,-3.398606576914963706e-01,5.871200675311132322e+00
-2.649683891392033111e-04,3.941279041164877373e-01,5.871200675311132322e+00
3.604079896532360119e-03,3.783717151935586109e-01,0.000000000000000000e+00
7.322661373622594075e-03,3.641734768403563915e-01,0.000000000000000000e+00
1.090590702218571621e-02,3.514349498733536636e-01,0.000000000000000000e+00
1.436799981788192820e-02,3.400654366114055360e-01,0.000000000000000000e+00
1.772224774568219655e-02,3.299812544666042013e-01,0.000000000000000000e+00
2.098115172270667572e-02,3.211052475312194399e-01,0.000000000000000000e+00
2.415646879817530748e-02,3.133663335299318731e-01,0.000000000000000000e+00
2.725927097291370310e-02,3.066990836767264361e-01,0.000000000000000000e+00
3.029999995698657092e-02,3.010433331377339039e-01,0.000000000000000000e+00
3.328851816174135947e-02,2.963438199547345775e-01,0.000000000000000000e+00
3.623415620175095969e-02,2.925498504289472668e-01,0.000000000000000000e+00
3.914575716276152278e-02,2.896149891011883248e-01,0.000000000000000000e+00
4.203171787369621576e-02,2.874967715927077561e-01,0.000000000000000000e+00
4.490002740395582226e-02,2.861564386912332503e-01,0.000000000000000000e+00
4.775830299161556297e-02,2.855586901792933618e-01,0.000000000000000000e+00
5.061382359356717681e-02,2.856714570070844617e-01,0.000000000000000000e+00
5.347356123512552600e-02,2.864656905103429296e-01,0.000000000000000000e+00
5.634421032404112600e-02,2.879151674652527526e-01,0.000000000000000000e+00
5.923221508216892223e-02,2.899963098577152953e-01,0.000000000000000000e+00
6.214379523717902115e-02,2.926880183236990618e-01,0.000000000000000000e+00
6.508497010659908266e-02,2.959715182912096010e-01,0.000000000000000000e+00
6.806158119709587728e-02,2.998302179230194486e-01,0.000000000000000000e+00
7.107931343318601991e-02,3.042495770229907692e-01,0.000000000000000000e+00
7.414371512146353260e-02,3.092169861279149279e-01,0.000000000000000000e+00
7.726021674890078128e-02,3.147216550615742348e-01,0.000000000000000000e+00
8.043414870677860484e-02,3.207545102784748470e-01,0.000000000000000000e+00
8.367075802528989303e-02,3.273081003716547532e-01,0.000000000000000000e+00
8.697522419780284730e-02,3.343765091623879249e-01,0.000000000000000000e+00
9.035267416813207164e-02,3.419552758296911521e-01,0.000000000000000000e+00
9.380819654891293935e-02,3.500413215745131756e-01,0.000000000000000000e+00
9.734685513427951409e-02,3.586328823475297134e-01,0.000000000000000000e+00
1.009737017654781382e-01,3.677294472007577308e-01,0.000000000000000000e+00
9.982296526858706887e-02,-6.970569340112290346e-01,-8.800073972314812920e+00
8.821556767091989770e-02,-1.720341229623874701e+00,-8.800073972314812920e+00
6.654322683124419546e-02,-2.707171138648102104e+00,-8.800073972314812920e+00
3.515077119560951202e-02,-3.661749857006840081e+00,-8.800073972314812920e+00
-5.654302676137861784e-03,-4.587194584424175936e+00,-8.800073972314812920e+00
-4.553126712673264548e-02,-3.267114147695563187e+00,9.283256309199357403e+00
-7.231167346029855614e-02,-1.969578261535247954e+00,9.619343716321090199e+00
-8.619725214103883537e-02,-6.891369486427925128e-01,9.968230600402991470e+00
-8.732697043270699899e-02,5.813899298380378333e-01,1.033812301895968844e+01
-7.577460476976927151e-02,1.847625003322177717e+00,1.071488927702608507e+01
-6.276104263697863950e-02,6.433269531743466274e-01,-9.087263668763416291e+00
-5.920543827867658787e-02,8.849960446004175030e-03,-4.847433048813915235e+00
-5.940586141725424235e-02,-5.487482074161632861e-02,-4.011344784516389650e-01
-5.764993705202232921e-02,4.534599417154664969e-01,4.248253466646917609e+00
-4.819795911215821183e-02,1.538407558125458152e+00,9.114470045798936937e+00
-3.819796251789448621e-02,3.514121543643170531e-01,-9.087263668763416291e+00
-3.748464119308062004e-02,-2.662187763472960711e-01,-4.847433048813915235e+00
-4.036211217542833712e-02,-3.138224518823544140e-01,-4.011344784516389650e-01
-4.112548206158195274e-02,2.098645141270486236e-01,4.248253466646917609e+00
-3.404312892389003975e-02,1.309286653831428504e+00,9.114470045798936937e+00
-2.627969380678148170e-02,1.342856891501169048e-01,-9.087263668763416291e+00
-2.768598927962622955e-02,-4.720425261425774677e-01,-4.847433048813915235e+00
-3.257351780598022328e-02,-5.091105685372101508e-01,-4.011344784516389650e-01
-3.524499390249657971e-02,2.435977907988949587e-02,4.248253466646917609e+00
-2.997639666149763682e-02,1.132787487416315297e+00,9.114470045798936937e+00
-1.907539288869566918e-02,1.039134530487043184e+00,-3.369820210135543448e-01
-9.081982846736313605e-03,9.518233257499890687e-01,-3.369820210135543448e-01
6.512806678737621119e-05,8.703881709964563784e-01,-3.369820210135543448e-01
8.422723056976258796e-03,7.943953346329858389e-01,-3.369820210135543448e-01
1.604338419433691196e-02,7.234409753708952451e-01,-3.369820210135543448e-01
2.316323488615501872e-02,6.984952912834900829e-01,0.000000000000000000e+00
3.004594431553192155e-02,6.762549142523216483e-01,0.000000000000000000e+00
3.671781191960290375e-02,6.565548110366271617e-01,0.000000000000000000e+00
4.320354538369221287e-02,6.392427976072145857e-01,0.000000000000000000e+00
4.952638508623941754e-02,6.241786516493048609e-01,0.000000000000000000e+00
5.570821995432661405e-02,6.112332877630757277e-01,0.000000000000000000e+00
6.176969533832878112e-02,6.002879912959588893e-01,0.000000000000000000e+00
6.773031347442376449e-02,5.912337069362259001e-01,0.000000000000000000e+00
7.360852706589408878e-02,5.839703783980416674e-01,0.000000000000000000e+00
7.942182647836183718e-02,5.784063357295912144e-01,0.000000000000000000e+00
8.518682101031256615e-02,5.744577269748292192e-01,0.000000000000000000e+00
9.091931466844738186e-02,5.720479911134569440e-01,0.000000000000000000e+00
9.663437684749846823e-02,5.711073693911807858e-01,0.000000000000000000e+00
1.023464082860782026e-01,5.715724523319707373e-01,0.000000000000000000e+00
1.031993385574820205e-01,-5.007500204033850100e-01,-8.800073972314812920e+00
9.352472869588482340e-02,-1.530597061395976732e+00,-8.800073972314812920e+00
7.372339873018024514e-02,-2.523166128201924874e+00,-8.800073972314812920e+00
4.414755886851451372e-02,-3.482858540748880571e+00,-8.800073972314812920e+00
5.109908699552914539e-03,-4.413032686617621714e+00,-8.800073972314812920e+00
-3.494302352259545663e-02,-3.515708921014350175e+00,5.871200675311132322e+00
-6.623320718161762599e-02,-2.664548467640804219e+00,5.871200675311132322e+00
-8.920672051423324256e-02,-1.856034620328137930e+00,5.871200675311132322e+00
-1.042732907978479867e-01,-1.086423171084473172e+00,5.871200675311132322e+00
-1.118048308243464878e-01,-3.519151174509038693e-01,5.871200675311132322e+00
-1.098856108159623063e-01,8.475241484525993796e-01,9.940627661968484574e+00
-9.781396609894447980e-02,1.641367780508493857e+00,6.997429089368331745e+00
-7.961893531442659766e-02,2.035163063174854958e+00,3.948946114288826692e+00
-5.929337753160198593e-02,2.030344211048295655e+00,7.789152990666993182e-01
-4.082771628599186908e-02,1.625828858443861824e+00,-2.524645977231400273e+00
-2.996300095018928494e-02,4.367890894349141795e-01,-9.087263668763416291e+00
-2.840327978530676409e-02,-1.824309763714693777e-01,-4.847433048813915235e+00
-3.044833948452435254e-02,-2.312035703475230630e-01,-4.011344784516389650e-01
-3.038893836598261997e-02,2.917698414343753988e-01,4.248253466646917609e+00
-2.248886325501945824e-02,1.390924567322452843e+00,9.114470045798936937e+00
-1.391285373952075473e-02,2.151384780079796666e-01,-9.087263668763416291e+00
-1.451257279312636629e-02,-3.915868822536311411e-01,-4.847433048813915235e+00
-1.859593597934655271e-02,-4.287060507392146946e-01,-4.011344784516389650e-01
-2.046191501088721540e-02,1.051260049003795577e-01,4.248253466646917609e+00
-1.438221964584582638e-02,1.214335934157766417e+00,9.114470045798936937e+00
-2.663671750155063769e-03,1.121175122926441059e+00,-3.369820210135543448e-01
8.153039623230638050e-03,1.034540566237291292e+00,-3.369820210135543448e-01
1.813102517923500384e-02,9.539602660702822812e-01,-3.369820210135543448e-01
2.732882443224857183e-02,8.789948916108681898e-01,-3.369820210135543448e-01
3.580072277085385307e-02,8.092356626686465493e-01,-3.369820210135543448e-01
4.378439560890612370e-02,7.856240126732207951e-01,0.000000000000000000e+00
5.154496016624072335e-02,7.648709805367960302e-01,0.000000000000000000e+00
5.911023473589518962e-02,7.468084554354790239e-01,0.000000000000000000e+00
6.650641723855835186e-02,7.312816492713882788e-01,0.000000000000000000e+00
7.375821427199068248e-02,7.181481805061790125e-01,0.000000000000000000e+00
8.088896129310120531e-02,7.072772226121009087e-01,0.000000000000000000e+00
8.792073455979784735e-02,6.985487129398250117e-01,0.000000000000000000e+00
9.487445541858378906e-02,6.918526179961621558e-01,0.000000000000000000e+00
1.017699874847041164e-01,6.870882513253655510e-01,0.000000000000000000e+00
1.037562280357606642e-01,-3.899784881408429049e-01,-8.800073972314812920e+00
9.517013804849915048e-02,-1.423990272101816057e+00,-8.800073972314812920e+00
7.641804607171587271e-02,-2.420213807171957221e+00,-8.800073972314812920e+00
4.785684891541645836e-02,-3.383147660022597147e+00,-8.800073972314812920e+00
9.802847665609029648e-03,-4.316271958035558853e+00,-8.800073972314812920e+00
-2.929495447910069814e-02,-3.421628411789883639e+00,5.871200675311132322e+00
-5.965455805361729452e-02,-2.572650627946802881e+00,5.871200675311132322e+00
-8.171715905352396059e-02,-1.765845209833292628e+00,5.871200675311132322e+00
-9.588789466570388220e-02,-9.975038532177893380e-01,5.871200675311132322e+00
-1.025344940559988760e-01,-2.638736390313086710e-01,5.871200675311132322e+00
-1.054231587414537624e-01,-3.191162109402812530e-01,-3.369820210135543448e-01
-1.088572377577318312e-01,-3.728362293318171483e-01,-3.369820210135543448e-01
-1.128223608063344680e-01,-4.252216026429446183e-01,-3.369820210135543448e-01
-1.173059852801905389e-01,-4.764489752791727373e-01,-3.369820210135543448e-01
-1.222972873786840747e-01,-5.266845508134436749e-01,-3.369820210135543448e-01
-1.221123341348857444e-01,6.755941507927016865e-01,9.940627661968484574e+00
-1.117474440131134839e-01,1.472119995924288549e+00,6.997429089368331745e+00
-9.523227793968053190e-02,1.868628986680566983e+00,3.948946114288826692e+00
-7.655919989357010125e-02,1.866575013200764577e+00,7.789152990666993182e-01
-5.971856539977273004e-02,1.464766548013730851e+00,-2.524645977231400273e+00
-3.941251276412258142e-02,2.713760308869258342e+00,1.078446819932408829e+01
-9.105591690846383257e-03,3.414159848034757694e+00,6.667633321874342656e+00
2.571037441661532669e-02,3.564420537415651680e+00,2.350166215166129113e+00
5.953102719110674179e-02,3.163851880642970738e+00,-2.159980692594662521e+00
8.683915465319583249e-02,2.210404607216590822e+00,-6.877830445770745982e+00
1.070867747031755274e-01,1.802033353787160674e+00,-2.793467633951368434e+00
1.223514491184796577e-01,1.195192971631179324e+00,-4.599889462270704499e+00
1.306331134933162719e-01,3.863206635109744935e-01,-6.494801005213220790e+00
1.298860803095055194e-01,-6.304119725654619977e-01,-8.487935154532580739e+00
1.179856446216321492e-01,-1.865432099195618809e+00,-1.060581354661615094e+01
9.990689414839555582e-02,-1.739295789803457781e+00,1.929616847923333323e-01
8.259253103982580613e-02,-1.722756181670891396e+00,-6.277587324483723252e-01
6.494297390067058084e-02,-1.816649234124917633e+00,-1.489968277556976473e+00
4.584937557534203567e-02,-2.022013183429807626e+00,-2.393942620567969470e+00
2.418985529079236210e-02,-2.340466677679338581e+00,-3.343145590956205115e+00
2.241727466536773839e-03,-2.020224502366185781e+00,1.803014311856426133e+00
-1.644697535385513179e-02,-1.687284381610480777e+00,2.053266154957180234e+00
-3.173916001984445484e-02,-1.339404752612049387e+00,2.320250433965075576e+00
-4.347588175257069421e-02,-9.744659763128182828e-01,2.603249001358412862e+00
-5.147579319052935504e-02,-5.900803392755316068e-01,2.904547467598544763e+00
-5.732499205209845572e-02,-5.789608977064898410e-01,0.000000000000000000e+00
-6.307139456776243713e-02,-5.696888071925116925e-01,0.000000000000000000e+00
-6.873302299726335995e-02,-5.621653530771427709e-01,0.000000000000000000e+00
-7.432694998639199913e-02,-5.563000549809110629e-01,0.000000000000000000e+00
-7.986937836136372149e-02,-5.520101082076813714e-01,0.000000000000000000e+00
-8.537571552242374795e-02,-5.492198657619502544e-01,0.000000000000000000e+00
-9.086064282987221796e-02,-5.478603581396322975e-01,0.000000000000000000e+00
-9.633818034813290687e-02,-5.478688482328378795e-01,0.000000000000000000e+00
-1.018217472876640911e-01,-5.491884188584885695e-01,0.000000000000000000e+00
-1.075107015312731645e-01,-5.928963276007533922e-01,-3.369820210135543448e-01
-1.136348091473595584e-01,-6.361980956507798934e-01,-3.369820210135543448e-01
-1.201905346082045994e-01,-6.792094313539123185e-01,-3.369820210135543448e-01
-1.271754718263921335e-01,-7.220399854476082790e-01,-3.369820210135543448e-01
-1.345882856174157871e-01,-7.647937970528168039e-01,-3.369820210135543448e-01
-1.367634869802399900e-01,4.419240592470962681e-01,9.940627661968484574e+00
