-1.017563684741481067e+00,-1.297123811275638916e-01,0.000000000000000000e+00
-1.017566332139450580e+00,1.535799769899892364e-01,7.489975637021992760e+00
-1.014836919150580608e+00,4.152567742328108769e-01,7.489975637021992760e+00
-1.009572784356390196e+00,6.594019346257244951e-01,7.489975637021992760e+00
-1.001932717492469482e+00,8.896036817565101673e-01,7.489975637021992760e+00
-9.920416043752342539e-01,1.109022149597912898e+00,7.489975637021992760e+00
-9.799944371561251089e-01,1.320447947586190995e+00,7.489975637021992760e+00
-9.658597764331580127e-01,1.526352544206263984e+00,7.489975637021992760e+00
-9.496827433693787457e-01,1.728931269088708866e+00,7.489975637021992760e+00
-9.314876123513731176e-01,1.930139645357048295e+00,7.489975637021992760e+00
-9.112800680455596103e-01,2.131723664554635356e+00,7.489975637021992760e+00
-8.905747931509550019e-01,1.999466012362583145e+00,2.999030712052002112e+00
-8.708892019113279037e-01,1.933624960543709914e+00,3.614541435157592630e+00
-8.515563420085676682e-01,1.934866284319061158e+00,4.282541687023052823e+00
-8.318912532735176502e-01,2.006370826912238670e+00,5.028827127313622469e+00
-8.111629076646055259e-01,2.154479890093800254e+00,5.885201779281587164e+00
-7.882414188092792262e-01,2.459355036437436137e+00,7.723195009328765792e+00
-7.622934586049842087e-01,2.759770175564991490e+00,7.722452758726211286e+00
-7.335436083089267312e-01,3.016067022331417213e+00,7.244091787219670842e+00
-7.024729654588713901e-01,3.219332048744558250e+00,6.635295749771751517e+00
-6.696245837213250507e-01,3.366641647011372029e+00,5.970232977535373742e+00
-6.337816796587993906e-01,3.848853628822093143e+00,9.373288219288379963e+00
-5.939059421798150717e-01,4.157894841834304245e+00,7.674678608964915938e+00
-5.518253933925673094e-01,4.272197526516863242e+00,5.703435757581098109e+00
-5.096627824460798761e-01,4.152996813016003763e+00,3.311850505881373419e+00
-4.695580429181323012e-01,3.880233056238342026e+00,5.566510930182138051e-01
-4.322425848740583665e-01,3.553619543907596601e+00,-5.695216761038768283e-01
-3.981016953516335888e-01,3.247127373939551642e+00,-5.695216761038768283e-01
-3.669396889918220550e-01,2.959533426290600566e+00,-5.695216761038768283e-01
-3.385729680820711018e-01,2.689647990668120325e+00,-5.695216761038768283e-01
-3.128296549480948374e-01,2.436321778476307376e+00,-5.695216761038768283e-01
-2.849854488597246549e-01,3.206659407583917876e+00,8.033043202168615338e+00
-2.496098225646555258e-01,3.939588529988886645e+00,7.848818670281586307e+00
-2.070174628375619219e-01,4.648061892029365261e+00,7.742560276331969860e+00
-1.574615649091038738e-01,5.329994846757061033e+00,7.599174841192295915e+00
-1.012387187564167262e-01,5.978311103760676204e+00,7.385788126348850291e+00
-4.742571821692410927e-02,4.663309073978653352e+00,-8.603420559097914477e+00
-6.478897103730427848e-03,3.410917146691130775e+00,-8.603420559097914477e+00
2.221413091351940455e-02,2.217820748622545413e+00,-8.603420559097914477e+00
3.922700558688407141e-02,1.079577834836575434e+00,-8.603420559097914477e+00
4.508604386187526486e-02,-8.803511083318102393e-03,-8.603420559097914477e+00
4.504876375135145189e-02,2.387791141229370865e-03,0.000000000000000000e+00
4.512131322356481566e-02,1.312453440563821246e-02,0.000000000000000000e+00
4.529934930611125704e-02,2.345120791839736679e-02,0.000000000000000000e+00
4.557896106513705664e-02,3.340948551987745624e-02,0.000000000000000000e+00
4.595664243469543137e-02,4.303844126500202399e-02,0.000000000000000000e+00
4.642926713311911618e-02,5.237474992230624349e-02,0.000000000000000000e+00
4.699406552055414993e-02,6.145287348167891711e-02,0.000000000000000000e+00
4.764860326237144172e-02,7.030523468600964609e-02,0.000000000000000000e+00
4.839076167299780074e-02,7.896237853016861707e-02,0.000000000000000000e+00
4.921871962383747579e-02,8.745312260389968839e-02,0.000000000000000000e+00
5.013093690743769537e-02,9.580469709299543890e-02,0.000000000000000000e+00
5.112613895793090973e-02,1.040428751952407610e-01,0.000000000000000000e+00
5.220330283510653951e-02,1.121920946537741104e-01,0.000000000000000000e+00
5.336164438626260498e-02,1.202755710604498374e-01,0.000000000000000000e+00
5.460060650630146201e-02,1.283154035352336020e-01,0.000000000000000000e+00
5.591984842239685477e-02,1.363326733443826211e-01,0.000000000000000000e+00
5.731923593500331399e-02,1.443475359799266111e-01,0.000000000000000000e+00
5.879883255203380982e-02,1.523793071855574222e-01,0.000000000000000000e+00
6.035889145772369013e-02,1.604465433792549856e-01,0.000000000000000000e+00
6.199984826205514471e-02,1.685671168906364425e-01,0.000000000000000000e+00
6.372231448065872328e-02,1.767582864009333843e-01,0.000000000000000000e+00
6.552707169886022587e-02,1.850367629455199059e-01,0.000000000000000000e+00
6.741506637702157634e-02,1.934187718128683453e-01,0.000000000000000000e+00
6.938740525755271449e-02,2.019201106495620013e-01,0.000000000000000000e+00
7.144535133696461315e-02,2.105562040584016414e-01,0.000000000000000000e+00
7.359032036910798102e-02,2.193421549555844841e-01,0.000000000000000000e+00
7.582387786831261411e-02,2.282927929332823069e-01,0.000000000000000000e+00
7.814773658352208718e-02,2.374227198555960427e-01,0.000000000000000000e+00
8.056375441671931315e-02,2.467463528987004218e-01,0.000000000000000000e+00
8.307393276097498058e-02,2.562779652299255195e-01,0.000000000000000000e+00
8.568041523532773929e-02,2.660317245054475976e-01,0.000000000000000000e+00
8.838548679543936637e-02,2.760217293520985105e-01,0.000000000000000000e+00
9.119157320056080207e-02,2.862620439854569598e-01,0.000000000000000000e+00
9.410124081881032776e-02,2.967667311037858191e-01,0.000000000000000000e+00
9.711719675410637742e-02,3.075498831854409643e-01,0.000000000000000000e+00
1.002422892793215781e-01,3.186256523060276291e-01,0.000000000000000000e+00
9.860825949420994052e-02,-7.444838610299943094e-01,-8.800073972314812920e+00
8.653329850651121646e-02,-1.766315793269674694e+00,-8.800073972314812920e+00
6.440705251228462380e-02,-2.751877076976009029e+00,-8.800073972314812920e+00
3.257273880360798263e-02,-3.705318644491008229e+00,-8.800073972314812920e+00
-8.663187171689793603e-03,-4.629695077894527167e+00,-8.800073972314812920e+00
-4.896098774690376548e-02,-3.308743793430544589e+00,9.283256309199357403e+00
-7.615487859770606049e-02,-2.010633256249746204e+00,9.619343716321090199e+00
-9.044942144857735788e-02,-7.298811814425194555e-01,9.968230600402991470e+00
-9.198600795631602101e-02,5.407436339940627779e-01,1.033812301895968844e+01
-8.084023071339728472e-02,1.806936944191774641e+00,1.071488927702608507e+01
-5.826735808848519660e-02,2.801414621146073092e+00,8.871123884837711415e+00
-2.818160441971592073e-02,3.259752795086026111e+00,4.762960760830647899e+00
4.043120138047900242e-03,3.178982411962564925e+00,4.547363441622048197e-01
3.300397862905488783e-02,2.556452886439636085e+00,-4.050118305869761848e+00
5.326519668704519928e-02,1.387999204290440325e+00,-8.764972459420283357e+00
6.743222489239369954e-02,1.451914068638546329e+00,8.683798017837106586e-01
8.164476980633093850e-02,1.384938741828177555e+00,-2.072968824453424452e-01
9.459470755976369383e-02,1.187194400344082412e+00,-1.326936911072116310e+00
1.049719662763846650e-01,8.580931047336497475e-01,-2.494026723813703939e+00
1.114559671283621989e-01,3.960076627944875138e-01,-3.714103681279747438e+00
1.105997232993044949e-01,-6.661778913933444901e-01,-8.800073972314812920e+00
9.931262978773262862e-02,-1.686925747421691879e+00,-8.800073972314812920e+00
7.798524951982542530e-02,-2.671397857282908461e+00,-8.800073972314812920e+00
4.696009245784629749e-02,-3.623916856129619557e+00,-8.800073972314812920e+00
6.541109811993940648e-03,-4.547726947913485418e+00,-8.800073972314812920e+00
-3.483260697243979742e-02,-3.644691277222714021e+00,5.871200675311132322e+00
-6.738898997367315236e-02,-2.788387870827289561e+00,5.871200675311132322e+00
-9.157991037294660464e-02,-1.975317996090915518e+00,5.871200675311132322e+00
-1.078209537847627381e-01,-1.201731065079311156e+00,5.871200675311132322e+00
-1.164897371951092719e-01,-4.638024318760264886e-01,5.871200675311132322e+00
-1.156771935197252743e-01,7.382497881490861502e-01,9.940627661968484574e+00
-1.046872255463461160e-01,1.534478104820084177e+00,6.997429089368331745e+00
-8.755055724831377340e-02,1.930551512338475328e+00,3.948946114288826692e+00
-6.826091929400322778e-02,1.927935986079808872e+00,7.789152990666993182e-01
-5.080964888765623216e-02,1.525505623018072132e+00,-2.524645977231400273e+00
-2.989483701475294242e-02,2.774790597320789143e+00,1.078446819932408829e+01
1.022586804915311728e-03,3.475218691457802933e+00,6.667633321874342656e+00
3.644896788925917203e-02,3.625448289704737981e+00,2.350166215166129113e+00
7.088099018956836583e-02,3.225166926658310285e+00,-2.159980692594662521e+00
9.880664873983238672e-02,2.272770632307492988e+00,-6.877830445770745982e+00
1.196813886561294005e-01,1.865209204796634213e+00,-2.793467633951368434e+00
1.355837737862355397e-01,1.259737957334721381e+00,-4.599889462270704499e+00
1.445197791179152202e-01,4.528853497456249988e-01,-6.494801005213220790e+00
1.444503908660352831e-01,-5.611531703522355530e-01,-8.487935154532580739e+00
1.332573483205746756e-01,-1.792892523716838937e+00,-1.060581354661615094e+01
1.159070828020171279e-01,-1.666040355661663863e+00,1.929616847923333323e-01
9.932983895333152846e-02,-1.648462941403399995e+00,-6.277587324483723252e-01
8.242904646593425533e-02,-1.741043235990299864e+00,-1.489968277556976473e+00
6.409834870440386800e-02,-1.944879016735611366e+00,-2.393942620567969470e+00
4.321766273567911876e-02,-2.261671803746528653e+00,-3.343145590956205115e+00
2.206330781414352765e-02,-1.940092833790182603e+00,1.803014311856426133e+00
4.182748897167314420e-03,-1.605593676329331920e+00,2.053266154957180234e+00
-1.028466591478322152e-02,-1.255926144813442003e+00,2.320250433965075576e+00
-2.117768753162282969e-02,-8.889679934966726593e-01,2.603249001358412862e+00
-2.831266415821725307e-02,-5.023349772115891509e-01,2.904547467598544763e+00
-3.327518979818552131e-02,-4.891430195868025632e-01,0.000000000000000000e+00
-3.811361252064758565e-02,-4.776692889060745739e-01,0.000000000000000000e+00
-4.284466481622484918e-02,-4.678153402269676353e-01,0.000000000000000000e+00
-4.748413087260036636e-02,-4.594906577231700484e-01,0.000000000000000000e+00
-5.204692338597179807e-02,-4.526121111399924457e-01,0.000000000000000000e+00
-5.654715511710853987e-02,-4.471034517422210475e-01,0.000000000000000000e+00
-6.099820557446561375e-02,-4.428948450158426420e-01,0.000000000000000000e+00
-6.541278318021644111e-02,-4.399224375601933357e-01,0.000000000000000000e+00
-6.980298325018934047e-02,-4.381279557737179364e-01,0.000000000000000000e+00
-7.418034209544208113e-02,-4.374583340944443455e-01,0.000000000000000000e+00
-7.855588753149810033e-02,-4.378653707053609123e-01,0.000000000000000000e+00
-8.294018606100847513e-02,-4.393054087551701015e-01,0.000000000000000000e+00
-8.734338697670780693e-02,-4.417390412765325736e-01,0.000000000000000000e+00
-9.177526361391465104e-02,-4.451308381071353848e-01,0.000000000000000000e+00
-9.624525196540510696e-02,-4.494490932339993416e-01,0.000000000000000000e+00
-1.007624868561807219e-01,-4.546655910887071328e-01,0.000000000000000000e+00
-1.055223441591304767e-01,-5.018904913846240490e-01,-3.369820210135543448e-01
-1.107508961821857263e-01,-5.483517023219665054e-01,-3.369820210135543448e-01
-1.164411363249068104e-01,-5.941878201268949722e-01,-3.369820210135543448e-01
-1.225874087516505145e-01,-6.395297278963719689e-01,-3.369820210135543448e-01
-1.291853338576048338e-01,-6.845011643138413371e-01,-3.369820210135543448e-01
-1.305622993247965435e-01,5.212446733982776248e-01,9.940627661968484574e+00
-1.217261463691736156e-01,1.320940306308398871e+00,6.997429089368331745e+00
-1.067085564076018372e-01,1.720518156274535526e+00,3.948946114288826692e+00
-8.950249938839355268e-02,1.721506130614878449e+00,7.789152990666993182e-01
-7.409867799208408323e-02,1.322686456482015771e+00,-2.524645977231400273e+00
-5.520867256919425453e-02,2.572714203401883726e+00,1.078446819932408829e+01
-2.630606348787875234e-02,3.274472052447357395e+00,6.667633321874342656e+00
7.119570961917651847e-03,3.426146562361118253e+00,2.350166215166129113e+00
3.956187335982663117e-02,3.026451629655384945e+00,-2.159980692594662521e+00
6.549487067753567704e-02,2.072595344734920797e+00,-6.877830445770745982e+00
8.436360149814112197e-02,1.663953715608992745e+00,-2.793467633951368434e+00
9.824212476264129745e-02,1.055821391016928956e+00,-4.599889462270704499e+00
1.051194229080109066e-01,2.444863886114204687e-01,-6.494801005213220790e+00
1.029378882935474415e-01,-7.759011509060174117e-01,-8.487935154532580739e+00
8.956158926518237307e-02,-2.015573033212466392e+00,-1.060581354661615094e+01
6.997829851840221826e-02,-1.890198185578711776e+00,1.929616847923333323e-01
5.114908059782194427e-02,-1.875007568159386739e+00,-6.277587324483723252e-01
3.196894608203876970e-02,-1.970731678888537397e+00,-1.489968277556976473e+00
1.132480536480988571e-02,-2.178276151191697707e+00,-2.393942620567969470e+00
-1.190793626722322536e-02,-2.499078731415582677e+00,-3.343145590956205115e+00
-3.112881931195887047e-02,-1.227595823483067949e+00,9.575908319037525374e+00
-3.789005389726119583e-02,-1.179520731788066823e-02,9.575908319037525374e+00
-3.272323879756459941e-02,1.153917779785506692e+00,9.575908319037525374e+00
-1.610501068069424349e-02,2.274829741373565639e+00,9.575908319037525374e+00
1.153780614496540888e-02,3.355474191189546929e+00,9.575908319037525374e+00
4.194729379201212610e-02,2.663293221792694787e+00,-4.576048897616466604e+00
6.559694245125129164e-02,2.006578790158849657e+00,-4.576048897616466604e+00
8.282837706286921842e-02,1.382422913302358669e+00,-4.576048897616466604e+00
9.395401702222005991e-02,7.879046233978759251e-01,-4.576048897616466604e+00
9.925728580257932310e-02,2.201620339993737574e-01,-4.576048897616466604e+00
1.015267746391944337e-01,2.352298857520413178e-01,0.000000000000000000e+00
9.907592999673812961e-02,-8.241521765029991009e-01,-8.800073972314812920e+00
8.621945918244014462e-02,-1.842687662295478201e+00,-8.800073972314812920e+00
6.334289335943188437e-02,-2.825336244733754665e+00,-8.800073972314812920e+00
3.078589891023402608e-02,-3.776181827555844528e+00,-8.800073972314812920e+00
-1.114787043538941966e-02,-4.698194841019502022e+00,-8.800073972314812920e+00
-5.212118073679253283e-02,-3.375209688204080738e+00,9.283256309199357403e+00
-7.997209375870238668e-02,-2.075474482656318287e+00,9.619343716321090199e+00
-9.490919641506238846e-02,-7.934867391446248641e-01,9.968230600402991470e+00
-9.707757221254927071e-02,4.780341196512859492e-01,1.033812301895968844e+01
-8.655586742506088394e-02,1.744865642122263250e+00,1.071488927702608507e+01
-6.460086309003629235e-02,2.739959771945181810e+00,8.871123884837711415e+00
-3.512625998023529567e-02,3.199037582048023243e+00,4.762960760830647899e+00
-3.505216794779122957e-03,3.119007750310078375e+00,4.547363441622048197e-01
2.485846395507030834e-02,2.496996564119909667e+00,-4.050118305869761848e+00
4.452566920218972712e-02,1.328599003111195831e+00,-8.764972459420283357e+00
5.810024737775774245e-02,1.392833119586317947e+00,8.683798017837106586e-01
7.172254111015397005e-02,1.325954205682886355e+00,-2.072968824453424452e-01
