-3.359306656912041777e+00,1.139899662597441132e-01,0.000000000000000000e+00
-3.355202200020555470e+00,7.677045310095497177e-01,-5.063791609183935449e+00
-3.344217090982638751e+00,1.497078730455064788e+00,-5.923239898778128065e+00
-3.325589448723685670e+00,2.303289060820326029e+00,-6.820233196721562585e+00
-3.298566439127170735e+00,3.182877693010702114e+00,-7.715755169035891647e+00
-3.262421247678855885e+00,4.134203291614667819e+00,-8.625705014241221491e+00
-3.217532435860661177e+00,4.915186890814520204e+00,-7.585503780774892846e+00
-3.165708648398069869e+00,5.502530429661727673e+00,-6.331801207912861607e+00
-3.108948402517650145e+00,5.882609217628735010e+00,-4.935471008766814549e+00
-3.049352926542384878e+00,6.049353778915405933e+00,-3.443220872722035253e+00
-2.989069620674217997e+00,6.000011187734641815e+00,-1.861683992520243969e+00
-2.932156102820745236e+00,5.317552357241342342e+00,3.266666836927467621e+00
-2.881980097420330011e+00,4.654727084925430525e+00,3.266666836927467621e+00
-2.838339080823781835e+00,4.012814880649737681e+00,3.266666836927467621e+00
-2.801019965783991594e+00,3.392614222573924199e+00,3.266666836927467621e+00
-2.769803548465776810e+00,2.794522982136101064e+00,3.266666836927467621e+00
-2.746914789576202942e+00,1.680022915535077876e+00,8.000427723213059394e+00
-2.735357588416196251e+00,5.242047461540012554e-01,8.793612702452582752e+00
-2.735478024546795783e+00,-6.583856313544447225e-01,9.462104341783067696e+00
-2.747552558094024544e+00,-1.869831052173140495e+00,1.013446509360562686e+01
-2.771877239001001580e+00,-3.111840578706321470e+00,1.079963830521280244e+01
-2.807164742366590193e+00,-4.032117325089919824e+00,8.379684687678871313e+00
-2.851504528341556544e+00,-4.919090637553186873e+00,8.379684687678871313e+00
-2.904565133135710298e+00,-5.772871397341440058e+00,8.379684687678871313e+00
-2.966010169917180583e+00,-6.592207742705005202e+00,8.379684687678871313e+00
-3.035484220923221788e+00,-7.374387455095098964e+00,8.379684687678871313e+00
-3.109318906476975286e+00,-7.391427252182362295e+00,2.461844172900935490e+00
-3.183245407480206790e+00,-7.390817949859385116e+00,2.461844172900935490e+00
-3.257082912021200372e+00,-7.371632591896212006e+00,2.461844172900935490e+00
-3.330642182390423311e+00,-7.333135147909898954e+00,2.461844172900935490e+00
-3.403727542843421272e+00,-7.274797218823470857e+00,2.461844172900935490e+00
-3.473775694484001253e+00,-6.677299019009698355e+00,-1.961540696201795608e+00
-3.537911874679071644e+00,-6.094119147640072676e+00,-1.961540696201795608e+00
-3.596286437799939062e+00,-5.526777196539152115e+00,-1.961540696201795608e+00
-3.649063167999174517e+00,-4.976406943754825285e+00,-1.961540696201795608e+00
-3.696415592500183145e+00,-4.443795341968265866e+00,-1.961540696201795608e+00
-3.734610501059825616e+00,-3.070473845809125191e+00,-1.029655071654145360e+01
-3.759795296789127050e+00,-1.855346521922620617e+00,-9.444760288692425121e+00
-3.773481106187925871e+00,-7.829773102910464466e-01,-8.603217451717666719e+00
-3.777109820681944452e+00,1.432272913402221071e-01,-7.606735160114336480e+00
-3.772126092183647472e+00,9.266851288859164759e-01,-6.544367596701608392e+00
-3.758038829787066160e+00,1.991006426504274396e+00,-9.664710265062694816e+00
-3.733467997331709309e+00,3.020999956051218849e+00,-9.664710265062694816e+00
-3.698730376695764210e+00,4.022325595583540192e+00,-9.664710265062694816e+00
-3.654092122452590186e+00,4.999268725929450596e+00,-9.664710265062694816e+00
-3.599783656924411268e+00,5.954486500283916683e+00,-9.664710265062694816e+00
-3.535797478867837906e+00,6.937460914469856910e+00,-1.010134089917174016e+01
-3.462031528111403134e+00,7.908863006393644923e+00,-1.019887620320784727e+01
-3.378875774459048742e+00,8.807424327054496516e+00,-9.806596462126988101e+00
-3.287127652843688796e+00,9.617430644122579864e+00,-9.338636523862732020e+00
-3.187838723261005480e+00,1.030188036195232826e+01,-8.634704361036993348e+00
-3.084186151274171284e+00,1.043701777122519658e+01,-4.538751796557023432e+00
-2.979329291768555876e+00,1.053856116862988124e+01,-4.538751796557023432e+00
-2.873625742988650256e+00,1.060178502470726158e+01,-4.538751796557023432e+00
-2.767477989198961819e+00,1.062251891409080784e+01,-4.538751796557023432e+00
-2.661327161995421520e+00,1.059729804547304433e+01,-4.538751796557023432e+00
-2.553991796728118935e+00,1.088383253590002475e+01,-7.944077762906216478e+00
-2.444198439521354960e+00,1.107870146859633742e+01,-7.944077762906216478e+00
-2.332889693203026305e+00,1.117642625950984936e+01,-7.944077762906216478e+00
-2.221055288483811285e+00,1.117330368264638452e+01,-7.944077762906216478e+00
-2.109712683705391889e+00,1.106774973172387355e+01,-7.944077762906216478e+00
-1.999423037345239074e+00,1.095848677288132578e+01,-9.647871169985663187e+00
-1.892786800830075888e+00,1.028965962827863301e+01,-9.647871169985663187e+00
-1.793154667315355111e+00,9.552942944951100301e+00,-9.647871169985663187e+00
-1.701147380111702967e+00,8.761463128918451915e+00,-9.647871169985663187e+00
-1.617250491733921436e+00,7.929083851438278430e+00,-9.647871169985663187e+00
-1.542008068214796745e+00,7.050575159062008268e+00,4.426432350409445604e+00
-1.475050132542647274e+00,6.281000743158921651e+00,4.426432350409445604e+00
-1.415342511924870372e+00,5.608299518300813524e+00,4.426432350409445604e+00
-1.361966711107989614e+00,5.021510747322034618e+00,4.426432350409445604e+00
-1.314108890827776710e+00,4.510768550165986213e+00,4.426432350409445604e+00
-1.270609323350244457e+00,4.166415972306270810e+00,7.437396833710200994e+00
-1.230246795258847392e+00,3.888578610563470317e+00,7.437396833710200994e+00
-1.192393439566919344e+00,3.669197820420277090e+00,7.437396833710200994e+00
-1.156496630752339216e+00,3.501374243604937320e+00,7.437396833710200994e+00
-1.122068070609703705e+00,3.379219663357329484e+00,7.437396833710200994e+00
-1.089401184016405510e+00,3.136535742746033861e+00,4.448642759426232551e+00
-1.058975475447772485e+00,2.934257143455667016e+00,4.491618357963455210e+00
-1.030421502001034995e+00,2.764813188768982855e+00,4.479168240798378164e+00
-1.003493144381904179e+00,2.610117845838198836e+00,4.240520242622151770e+00
-9.780805338905729229e-01,2.461932853485160777e+00,3.928909451016527221e+00
-9.543240504286067960e-01,2.275021726426960100e+00,2.999030712052002112e+00
-9.321247881880472264e-01,2.156493278262610502e+00,3.614541435157592630e+00
-9.107974389248596481e-01,2.106718790714285028e+00,4.282541687023052823e+00
-8.896423972377968115e-01,2.128419056804125908e+00,5.028827127313622469e+00
-8.679193305892775046e-01,2.227314817147590276e+00,5.885201779281587164e+00
-8.445152025440542110e-01,2.478604632515726269e+00,7.723195009328765792e+00
-8.185966339483699006e-01,2.730584985928178110e+00,7.722452758726211286e+00
-7.903295752630169480e-01,2.945161521386139292e+00,7.244091787219670842e+00
-7.601291626442984173e-01,3.113175549296753442e+00,6.635295749771751517e+00
-7.284761658243068538e-01,3.231188496880675221e+00,5.970232977535373742e+00
-6.937011309715017671e-01,3.776834102133693971e+00,1.053433660784801518e+01
-6.536252536856970163e-01,4.289040736815318056e+00,1.025131329170221584e+01
-6.085931424608044260e-01,4.765335316157045753e+00,9.895282943479307036e+00
-5.590348380627701008e-01,5.189873830690012291e+00,9.348967432366622532e+00
-5.054852778771632416e-01,5.558611164589531306e+00,8.743090735384402734e+00
-4.506183912104290701e-01,5.426291367254882481e+00,2.100023449215167481e+00
-3.968007762539025873e-01,5.331306464816576884e+00,2.026014420675403382e+00
-3.438667509441226677e-01,5.250784971278275037e+00,1.969903594090064658e+00
-2.916848126386061280e-01,5.181836344040692488e+00,1.901843930691496709e+00
-2.401561446748111672e-01,5.120734035947034357e+00,1.813756605064245520e+00
-1.913446895188463670e-01,4.593963656188845945e+00,-2.216274030792582561e+00
-1.479533744779145954e-01,4.033427450512798274e+00,-2.744125852187877079e+00
-1.103333816720561827e-01,3.436143320191972439e+00,-3.297419962530902637e+00
-7.886885880495596302e-02,2.798419411721924543e+00,-3.883711796046574349e+00
-5.397956886343115157e-02,2.116837409114588286e+00,-4.501839658491899598e+00
-3.830613191143882046e-02,9.055860703099346543e-01,-9.087263668763416291e+00
-3.215247841353490593e-02,2.658138378447281180e-01,-4.847433048813915235e+00
-2.980097981381331015e-02,1.982950788452979840e-01,-4.011344784516389650e-01
-2.552415947432979532e-02,7.043624821862197738e-01,4.248253466646917609e+00
-1.356738664797855695e-02,1.788438668380519125e+00,9.114470045798936937e+00
-1.079779678118896000e-03,5.988284220934163571e-01,-9.087263668763416291e+00
2.101108606824935755e-03,-2.014234748695109545e-02,-4.847433048813915235e+00
1.682478652668115788e-03,-6.806144832971884606e-02,-4.011344784516389650e-01
3.379672850305948280e-03,4.563905689337935390e-01,4.248253466646917609e+00
1.293480051966176131e-02,1.557514742262156915e+00,9.114470045798936937e+00
2.318468188369829722e-02,3.836358659635097368e-01,-9.087263668763416291e+00
2.428015242136861984e-02,-2.207577175511261924e-01,-4.847433048813915235e+00
2.191623306132836277e-02,-2.553418063138127581e-01,-4.011344784516389650e-01
2.179632905558733999e-02,2.813148251463280514e-01,4.248253466646917609e+00
2.965145621380722851e-02,1.393532097849793150e+00,9.114470045798936937e+00
3.831169428332049237e-02,2.306734726008117242e-01,-9.087263668763416291e+00
3.792319089852710240e-02,-3.637233070595494722e-01,-4.847433048813915235e+00
3.417067197685745572e-02,-3.893159512916822274e-01,-4.011344784516389650e-01
3.274806756683792258e-02,1.554558056693174650e-01,4.248253466646917609e+00
3.937798918421164807e-02,1.274973773153197598e+00,9.114470045798936937e+00
5.242061249524307409e-02,1.340133939629743587e+00,8.683798017837106586e-01
6.551931191004110866e-02,1.273980619858335883e+00,-2.072968824453424452e-01
7.736145766363057563e-02,1.076573353913991227e+00,-1.326936911072116310e+00
8.663182251031850689e-02,7.472571189535198721e-01,-2.494026723813703939e+00
9.200403451556239676e-02,2.843475473935344056e-01,-3.714103681279747438e+00
9.489578883518325070e-02,2.951230469878793894e-01,0.000000000000000000e+00
9.789647047365890309e-02,3.061618850000532022e-01,0.000000000000000000e+00
1.010087820576898304e-01,3.174794461443310456e-01,0.000000000000000000e+00
9.936470785843155851e-02,-7.453182522301058377e-01,-8.800073972314812920e+00
8.728273220866548943e-02,-1.766859197156990913e+00,-8.800073972314812920e+00
6.515226483927021028e-02,-2.752156487180867916e+00,-8.800073972314812920e+00
3.331622686988461313e-02,-3.705366841945643142e+00,-8.800073972314812920e+00
-7.919279564327388193e-03,-4.629550505479446798e+00,-8.800073972314812920e+00
-4.821477269292741286e-02,-3.308402659000198032e+00,9.283256309199357403e+00
-7.540427493409361526e-02,-2.010071856122302325e+00,9.619343716321090199e+00
-8.969215472281251433e-02,-7.290855104206576121e-01,9.968230600402991470e+00
-9.121970863312330036e-02,5.417775407221425699e-01,1.033812301895968844e+01
-8.006253874130224435e-02,1.808201998730720295e+00,1.071488927702608507e+01
-5.747611148998808817e-02,2.802876411541093571e+00,8.871123884837711415e+00
-2.737503943926292843e-02,3.261367281290493469e+00,4.762960760830647899e+00
4.866418537840666927e-03,3.180727185161648318e+00,4.547363441622048197e-01
3.384532765973782137e-02,2.558333678457155980e+00,-4.050118305869761848e+00
5.412609103104654151e-02,1.390047153889891085e+00,-8.764972459420283357e+00
6.831413808220443418e-02,1.454081596704700052e+00,8.683798017837106586e-01
8.254892916734743458e-02,1.387233184377139272e+00,-2.072968824453424452e-01
9.552243238092329725e-02,1.189627223039631643e+00,-1.326936911072116310e+00
1.059247089707525125e-01,8.606797839150026608e-01,-2.494026723813703939e+00
1.124353501997409910e-01,3.987668809299836914e-01,-3.714103681279747438e+00
1.116077985325549110e-01,-6.631742432958785960e-01,-8.800073972314812920e+00
1.003518263309994552e-01,-1.683682962532603300e+00,-8.800073972314812920e+00
7.905789585319555890e-02,-2.667931907127740310e+00,-8.800073972314812920e+00
4.806830748653195817e-02,-3.620254911133102826e+00,-8.800073972314812920e+00
7.686687665916653624e-03,-4.543908124643963653e+00,-8.800073972314812920e+00
-3.364827109628283630e-02,-3.640738529638722021e+00,5.871200675311132322e+00
-6.616438765871023031e-02,-2.784264891678753795e+00,5.871200675311132322e+00
-9.031320118895165561e-02,-1.970995314397156140e+00,5.871200675311132322e+00
-1.065100321381641513e-01,-1.197185724679378227e+00,5.871200675311132322e+00
-1.151322963810844369e-01,-4.590177691503884438e-01,5.871200675311132322e+00
-1.142704285428572941e-01,7.433636923073665415e-01,9.940627661968484574e+00
-1.032281093933685862e-01,1.539860227588897734e+00,6.997429089368331745e+00
-8.603669714388374745e-02,1.936137882903803842e+00,3.948946114288826692e+00
-6.669051594468849986e-02,1.933674388285882451e+00,7.789152990666993182e-01
-4.918133894153804697e-02,1.531363347907612305e+00,-2.524645977231400273e+00
-2.820679880332730566e-02,2.780897221447633516e+00,1.078446819932408829e+01
2.772551100447279669e-03,3.481509904856535442e+00,6.667633321874342656e+00
3.826257784962666664e-02,3.631900629772856881e+00,2.350166215166129113e+00
7.276002443134917119e-02,3.231824013899059267e+00,-2.159980692594662521e+00
1.007536615661027979e-01,2.279750357785489179e+00,-6.877830445770745982e+00
1.216993582331686724e-01,1.872450715006765964e+00,-2.793467633951368434e+00
1.376756720320687633e-01,1.267320788123998065e+00,-4.599889462270704499e+00
1.466894427091696429e-01,4.609032010978026950e-01,-6.494801005213220790e+00
1.467026189012608783e-01,-5.526029951573929733e-01,-8.487935154532580739e+00
1.355978677291586609e-01,-1.783725890813709025e+00,-1.060581354661615094e+01
1.183400930632682452e-01,-1.656687430769930858e+00,1.929616847923333323e-01
1.018574038467311149e-01,-1.638879925771436152e+00,-6.277587324483723252e-01
8.505363876679016000e-02,-1.731192852362952062e+00,-1.489968277556976473e+00
6.682277833224709029e-02,-1.934732178456618046e+00,-2.393942620567969470e+00
4.604498136847711559e-02,-2.251210861768897509e+00,-3.343145590956205115e+00
2.499629626690303211e-02,-1.929390872603715223e+00,1.803014311856426133e+00
7.223938711151438145e-03,-1.594623804099758235e+00,2.053266154957180234e+00
-7.132469659669670239e-03,-1.244660537290368740e+00,2.320250433965075576e+00
-1.791139961269791817e-02,-8.773785368625313108e-01,2.603249001358412862e+00
-2.492892041141528403e-02,-4.903942231212609637e-01,2.904547467598544763e+00
-2.977052971568598314e-02,-4.768641553032852420e-01,0.000000000000000000e+00
-3.448458548475281937e-02,-4.650368348239672378e-01,0.000000000000000000e+00
-3.908766459423984596e-02,-4.548136294031318028e-01,0.000000000000000000e+00
-4.359539361356450787e-02,-4.461038071929551152e-01,0.000000000000000000e+00
-4.802252533485525804e-02,-4.388239941722559267e-01,0.000000000000000000e+00
-5.238301005544888228e-02,-4.328976709430324421e-01,0.000000000000000000e+00
-5.669006199555623460e-02,-4.282547061989909754e-01,0.000000000000000000e+00
-6.095622120617585210e-02,-4.248309243105695132e-01,0.000000000000000000e+00
-6.519341129753573882e-02,-4.225677046373583212e-01,0.000000000000000000e+00
-6.941299329516947836e-02,-4.214116103365259658e-01,0.000000000000000000e+00
-7.362581590909651752e-02,-4.213140445847860516e-01,0.000000000000000000e+00
-7.784226248138935433e-02,-4.222309322716094604e-01,0.000000000000000000e+00
