-2.672419907615687151e+00,-9.026157372743415230e-02,0.000000000000000000e+00
-2.676092551367180050e+00,-7.011730318690845287e-01,4.622623844961490924e+00
-2.685761983018316812e+00,-1.287351675774355719e+00,4.622623844961490924e+00
-2.701186273093040491e+00,-1.849967634355454749e+00,4.622623844961490924e+00
-2.722134396861490835e+00,-2.390005325457645657e+00,4.622623844961490924e+00
-2.748384177397226402e+00,-2.908220778993825917e+00,4.622623844961490924e+00
-2.781656835111426140e+00,-3.833312927013171389e+00,8.379684687678871313e+00
-2.824032216073760537e+00,-4.725682690347381865e+00,8.379684687678871313e+00
-2.875186495621254057e+00,-5.585851952446960311e+00,8.379684687678871313e+00
-2.934795134273053829e+00,-6.412999498954088828e+00,8.379684687678871313e+00
-3.002518906378746077e+00,-7.204849218300074298e+00,8.379684687678871313e+00
-3.074721180441033930e+00,-7.235988240539549032e+00,2.461844172900935490e+00
-3.147158830340173186e+00,-7.250044619799819401e+00,2.461844172900935490e+00
-3.219656573048412351e+00,-7.246057223946782422e+00,2.461844172900935490e+00
-3.292030260968846989e+00,-7.223234542968234528e+00,2.461844172900935490e+00
-3.364088663865820727e+00,-7.180973117443709697e+00,2.461844172900935490e+00
-3.433246726521852477e+00,-6.593967483124147044e+00,-1.961540696201795608e+00
-3.496592692053476448e+00,-6.020164982227697692e+00,-1.961540696201795608e+00
-3.554265967519207869e+00,-5.461133711136792357e+00,-1.961540696201795608e+00
-3.606419942999007144e+00,-4.918070329204971003e+00,-1.961540696201795608e+00
-3.653218430208409639e+00,-4.391835036024080985e+00,-1.961540696201795608e+00
-3.690815223836003245e+00,-3.000774821419957661e+00,-1.029655071654145360e+01
-3.715229709464053620e+00,-1.769187181617166260e+00,-9.444760288692425121e+00
-3.727989099111759241e+00,-6.823377443112149665e-01,-8.603217451717666719e+00
-3.730559917711620432e+00,2.553179262777264813e-01,-7.606735160114336480e+00
-3.724420004215083235e+00,1.046576161467251742e+00,-6.544367596701608392e+00
-3.709052623875168209e+00,2.128775996050231267e+00,-9.664710265062694816e+00
-3.683027745443979484e+00,3.175471501026406074e+00,-9.664710265062694816e+00
-3.646676364656876501e+00,4.191769607991261637e+00,-9.664710265062694816e+00
-3.600284621599700419e+00,5.181346106220127368e+00,-9.664710265062694816e+00
-3.544109321310457528e+00,6.146180188739224448e+00,-9.664710265062694816e+00
-3.478170969440827154e+00,7.136184652005368001e+00,-1.010134089917174016e+01
-3.402402403073041981e+00,8.110026913223697065e+00,-1.019887620320784727e+01
-3.317248455303949850e+00,9.004495867848831381e+00,-9.806596462126988101e+00
-3.223574330030055890e+00,9.803370998828636829e+00,-9.338636523862732020e+00
-3.122503198252132961e+00,1.046945872573633451e+01,-8.634704361036993348e+00
-3.017279984528727255e+00,1.058063054524080648e+01,-4.538751796557023432e+00
-2.911106611484869600e+00,1.065503186090154308e+01,-4.538751796557023432e+00
-2.804371304574301060e+00,1.068821131951229830e+01,-4.538751796557023432e+00
-2.697503914369051348e+00,1.067638709733773794e+01,-4.538751796557023432e+00
-2.590968567962943059e+00,1.061658834096304815e+01,-4.538751796557023432e+00
-2.483670418613117992e+00,1.085140138295249379e+01,-7.944077762906216478e+00
-2.374444332610575081e+00,1.099189602344051764e+01,-7.944077762906216478e+00
-2.264254217724045670e+00,1.103379022186629221e+01,-7.944077762906216478e+00
-2.154098370624218717e+00,1.097473499124085805e+01,-7.944077762906216478e+00
-2.044988873394545159e+00,1.081457235686633389e+01,-7.944077762906216478e+00
-1.937964243655309504e+00,1.042226472864703091e+01,-9.647871169985663187e+00
-1.836813769306147703e+00,9.727399467482760187e+00,-9.647871169985663187e+00
-1.742892171963763337e+00,8.972649195323972648e+00,-9.647871169985663187e+00
-1.656738571386764614e+00,8.171406620678359545e+00,-9.647871169985663187e+00
-1.578756201528590308e+00,7.337378759705945441e+00,-9.647871169985663187e+00
-1.509126284516107530e+00,6.524534735120387730e+00,4.087947565537639605e+00
-1.447171809868062153e+00,5.810273770019134254e+00,4.087947565537639605e+00
-1.391956650609126989e+00,5.183735229195917782e+00,4.087947565537639605e+00
-1.342648742688347552e+00,4.635067857647009681e+00,4.087947565537639605e+00
-1.298510056576389182e+00,4.155408412299316012e+00,4.087947565537639605e+00
-1.258055862633105981e+00,3.923553794944830031e+00,9.490098633253204241e+00
-1.219912065038399884e+00,3.691590017802763413e+00,7.840619633084951801e+00
-1.184375544304341998e+00,3.394083959610923351e+00,5.066271190323431206e+00
-1.152363462168158215e+00,2.973492695569604827e+00,1.469237101733696260e+00
-1.125394457166852380e+00,2.366924088114925162e+00,-3.049012825297359175e+00
-1.101903397177194321e+00,2.331692095260465614e+00,6.912414130066269813e+00
-1.078643568023924582e+00,2.322938404581695870e+00,6.980944977792788109e+00
-1.055381940984929656e+00,2.333708686684504929e+00,6.963795339580225452e+00
-1.032027404512340985e+00,2.341066606305282960e+00,6.595517562959748226e+00
-1.008653422735094285e+00,2.336341997289672623e+00,6.114302824816287618e+00
-9.843966600958006241e-01,2.536574728410607715e+00,8.976980088822617887e+00
-9.581566149265849930e-01,2.732877058865463393e+00,8.773379027484057957e+00
-9.301805805947401806e-01,2.879318931962858485e+00,7.905296966648767132e+00
-9.010651970973022618e-01,2.954144402845321871e+00,6.735305235827602210e+00
-8.716661777601489858e-01,2.926466601231047626e+00,5.163803140465221375e+00
-8.415344411033010008e-01,3.121087736555534065e+00,7.723195009328765792e+00
-8.094085693923633862e-01,3.326435629965958984e+00,7.722452758726211286e+00
-7.753625667496355511e-01,3.502543943151149808e+00,7.244091787219670842e+00
-7.397381281689526800e-01,3.638470012176207469e+00,6.635295749771751517e+00
-7.029592359522304212e-01,3.729256785557714782e+00,5.970232977535373742e+00
-6.643132565811066259e-01,4.031244234318356767e+00,8.055135777383991780e+00
-6.222403423355502561e-01,4.423125662171429440e+00,8.914488005734572340e+00
-5.759341853369516206e-01,4.884591700308964946e+00,9.570203350070450199e+00
-5.247580428720352019e-01,5.402639281119244963e+00,1.009306818608538237e+01
-4.679323029037793513e-01,6.091679055917247787e+00,1.055732095515616109e+01
-4.075699948354152280e-01,5.973070629930641751e+00,2.100023449215167481e+00
-3.483213913966385356e-01,5.870226640733119616e+00,2.026014420675403382e+00
-2.900279861714226137e-01,5.783358952399106023e+00,1.969903594090064658e+00
-2.325441641398421633e-01,5.709353834924828952e+00,1.901843930691496709e+00
-1.757591885398126219e-01,5.644271070989161032e+00,1.813756605064245520e+00
-1.252617902158819629e-01,4.333862997040491827e+00,-8.603420559097914477e+00
-8.760575174629030293e-02,3.081550842925306455e+00,-8.603420559097914477e+00
-6.221938951467272799e-02,1.885011170490581422e+00,-8.603420559097914477e+00
-4.855976043403103376e-02,7.408121463485805025e-01,-8.603420559097914477e+00
-4.612107645044023069e-02,-3.550130445726219497e-01,-8.603420559097914477e+00
-4.965667927031921364e-02,-3.519670143615790114e-01,0.000000000000000000e+00
-5.316622865009823506e-02,-3.498916367616339840e-01,0.000000000000000000e+00
-5.665922487927022022e-02,-3.487418529129250322e-01,0.000000000000000000e+00
-6.014473619347042443e-02,-3.484766718850744183e-01,0.000000000000000000e+00
-6.363143823431308133e-02,-3.490589034811520941e-01,0.000000000000000000e+00
-6.712765092828436309e-02,-3.504549109981816013e-01,0.000000000000000000e+00
-7.064137297779249369e-02,-3.526343825263801302e-01,0.000000000000000000e+00
-7.418031414374821886e-02,-3.555701194680557231e-01,0.000000000000000000e+00
-7.775192548627657407e-02,-3.592378410490331686e-01,0.000000000000000000e+00
-8.136342771828046494e-02,-3.636160036810206497e-01,0.000000000000000000e+00
-8.502183781552251352e-02,-3.686856341127971448e-01,0.000000000000000000e+00
-8.873399401660714281e-02,-3.744301753818564671e-01,0.000000000000000000e+00
-9.250657933667359722e-02,-3.808353446465084224e-01,0.000000000000000000e+00
-9.634614370969843411e-02,-3.878890020417271600e-01,0.000000000000000000e+00
-1.002591248660072709e-01,-3.955810297605597547e-01,0.000000000000000000e+00
-1.044383889340240318e-01,-4.450415829598035056e-01,-3.369820210135543448e-01
-1.091076789305021055e-01,-4.935133369106248780e-01,-3.369820210135543448e-01
-1.142578028252978078e-01,-5.411492828319072190e-01,-3.369820210135543448e-01
-1.198810585523251149e-01,-5.880936574992446930e-01,-3.369820210135543448e-01
-1.259711494088430750e-01,-6.344825880735269763e-01,-3.369820210135543448e-01
-1.268512065299674807e-01,5.705782411342594784e-01,9.940627661968484574e+00
-1.175248176632965186e-01,1.369616546388497724e+00,6.997429089368331745e+00
-1.020237015631133004e-01,1.768501453747429730e+00,3.948946114288826692e+00
-8.434128014174234467e-02,1.768745356371996813e+00,7.789152990666993182e-01
-6.846869176289518966e-02,1.369150106067457573e+00,-2.524645977231400273e+00
-4.911409370198816654e-02,2.619169904747090882e+00,1.078446819932408829e+01
-1.974773574951437655e-02,3.320745770375003847e+00,6.667633321874342656e+00
1.413946248515916999e-02,3.472170233692921215e+00,2.350166215166129113e+00
4.704142362111801007e-02,3.072380356950159097e+00,-2.159980692594662521e+00
7.343495547932155088e-02,2.118855197582568017e+00,-6.877830445770745982e+00
9.276741267071124397e-02,1.710494677628084270e+00,-2.793467633951368434e+00
1.071139974360404284e-01,1.102985067523659213e+00,-4.599889462270704499e+00
1.144673579458244383e-01,2.926643687075319300e-01,-6.494801005213220790e+00
1.127738544669118492e-01,-7.263151883921703522e-01,-8.487935154532580739e+00
9.990120828726639646e-02,-1.964263327802858283e+00,-1.060581354661615094e+01
8.083277755336501502e-02,-1.838475296349439292e+00,1.929616847923333323e-01
6.252342390190307464e-02,-1.822682160506274185e+00,-6.277587324483723252e-01
4.386987279799852563e-02,-1.917654657728294687e+00,-1.489968277556976473e+00
2.376030667927635925e-02,-2.124348551894679638e+00,-2.393942620567969470e+00
1.070827765527227003e-03,-2.444269308372935434e+00,-3.343145590956205115e+00
-1.931037863944710942e-02,-1.549529115592719553e+00,6.496245403587472822e+00
-3.126740172670407214e-02,-7.698127202858648932e-01,5.890743919244357585e+00
-3.592498384077026652e-02,-9.951149796326638763e-02,5.276662896507464673e+00
-3.435773290615496550e-02,4.656401184786642111e-01,4.646344885755302911e+00
-2.759932537723670809e-02,9.295146348220449939e-01,4.000414459479866736e+00
-1.850394034859175266e-02,8.858675386165344445e-01,0.000000000000000000e+00
-9.827143150299411795e-03,8.461455721160457966e-01,0.000000000000000000e+00
-1.530853973394881613e-03,8.100920520946631731e-01,0.000000000000000000e+00
6.420527710962181146e-03,7.774695006513752116e-01,0.000000000000000000e+00
1.406030918137307281e-02,7.480583232720849907e-01,0.000000000000000000e+00
2.141967767724143462e-02,7.216555750460545982e-01,0.000000000000000000e+00
2.852786165147054229e-02,6.980738103517336590e-01,0.000000000000000000e+00
3.541228087837820782e-02,6.771400113220842343e-01,0.000000000000000000e+00
4.209868618373301119e-02,6.586945904639504024e-01,0.000000000000000000e+00
4.861128951804354753e-02,6.425904629208891716e-01,0.000000000000000000e+00
5.497288504977894397e-02,6.286921840193736566e-01,0.000000000000000000e+00
6.120496191236872441e-02,6.168751479129460646e-01,0.000000000000000000e+00
6.732780919782024864e-02,6.070248433288044643e-01,0.000000000000000000e+00
7.336061375072557011e-02,5.990361626196540890e-01,0.000000000000000000e+00
7.932155127936343919e-02,5.928127605252141441e-01,0.000000000000000000e+00
8.522787126555191051e-02,5.882664592486572808e-01,0.000000000000000000e+00
9.109597612185216242e-02,5.853166966505584101e-01,0.000000000000000000e+00
9.694149501361684629e-02,5.838900145545287135e-01,0.000000000000000000e+00
1.027793527341548663e-01,5.839195843431314037e-01,0.000000000000000000e+00
1.037542058712434129e-01,-4.887362851608672565e-01,-8.800073972314812920e+00
9.419843359626012269e-02,-1.518863389280591170e+00,-8.800073972314812920e+00
7.451333749370679660e-02,-2.511671245604496061e+00,-8.800073972314812920e+00
4.505147555147007848e-02,-3.471576114669252089e+00,-8.800073972314812920e+00
6.125733584768327036e-03,-4.401953990706561903e+00,-8.800073972314812920e+00
-3.381730589853794433e-02,-3.504816591899008849e+00,5.871200675311132322e+00
-6.499916405163037869e-02,-2.653777540259802059e+00,5.871200675311132322e+00
-8.786529353528937936e-02,-1.845325693792421617e+00,5.871200675311132322e+00
-1.028248565827377392e-01,-1.075723452396737390e+00,5.871200675311132322e+00
-1.102492710130206222e-01,-3.411792850703482260e-01,5.871200675311132322e+00
-1.082219927849449176e-01,8.584213379880167860e-01,9.940627661968484574e+00
-9.604086198088600257e-02,1.652381943595864655e+00,6.997429089368331745e+00
-7.773540995604827364e-02,2.046241862804967226e+00,3.948946114288826692e+00
-5.729897752132626781e-02,2.041446621886834123e+00,7.789152990666993182e-01
-3.872229761320309521e-02,1.636936986947190142e+00,-2.524645977231400273e+00
-2.774662213413630479e-02,4.478798365445693652e-01,-9.087263668763416291e+00
-2.607577135680128055e-02,-1.712861350419182804e-01,-4.847433048813915235e+00
-2.800889447638549301e-02,-2.199461536980636678e-01,-4.011344784516389650e-01
-2.783614243954185552e-02,3.032039710194502913e-01,4.248253466646917609e+00
-1.982066661882318434e-02,1.402594114599686526e+00,9.114470045798936937e+00
-1.112742764894605017e-02,2.269358208000490928e-01,-9.087263668763416291e+00
-1.160838232699328877e-02,-3.796100485182055673e-01,-4.847433048813915235e+00
-1.557100601623105478e-02,-4.165097881722848450e-01,-4.011344784516389650e-01
-1.731382078873968181e-02,1.175935898252580269e-01,4.248253466646917609e+00
-1.110800176356163856e-02,1.227125157906769681e+00,9.114470045798936937e+00
7.396682451380645444e-04,1.134241645618630834e+00,-3.369820210135543448e-01
1.168837226839974409e-02,1.047906007707963383e+00,-3.369820210135543448e-01
2.180143591039384460e-02,9.676459713332747903e-01,-3.369820210135543448e-01
3.113761117074624607e-02,8.930220043378419570e-01,-3.369820210135543448e-01
3.975139422513518372e-02,8.236251945186056078e-01,-3.369820210135543448e-01
4.788064038048212012e-02,8.003900289149258329e-01,0.000000000000000000e+00
5.579063140776623769e-02,7.800331133043620913e-01,0.000000000000000000e+00
6.350938217806886832e-02,7.623864016718606695e-01,0.000000000000000000e+00
7.106328802539944867e-02,7.472952118972900903e-01,0.000000000000000000e+00
7.847725419750441189e-02,7.346173073272996845e-01,0.000000000000000000e+00
8.577481641736234286e-02,7.242220431051386020e-01,0.000000000000000000e+00
9.297825318380946447e-02,7.159895730407479508e-01,0.000000000000000000e+00
1.001086903984277354e-01,7.098101129973460877e-01,0.000000000000000000e+00
1.023153992565908055e-01,-3.687317348235013004e-01,-8.800073972314812920e+00
9.393564774024011632e-02,-1.404079756923187317e+00,-8.800073972314812920e+00
7.537716315066891881e-02,-2.401499644249712517e+00,-8.800073972314812920e+00
4.699822347447925319e-02,-3.365494850855243580e+00,-8.800073972314812920e+00
9.116440125696251978e-03,-4.299555090549582737e+00,-8.800073972314812920e+00
-2.981799559711307765e-02,-3.405745791734356320e+00,5.871200675311132322e+00
-6.002230139789174052e-02,-2.557540121853687953e+00,5.871200675311132322e+00
-8.193702612186827550e-02,-1.751439644381602934e+00,5.871200675311132322e+00
