-4.451460269643573220e+00,-2.427036884466196032e-01,0.000000000000000000e+00
-4.451536610665224103e+00,2.756454346194144867e-01,-8.738214378000030536e+00
-4.446519834756498923e+00,7.749858452277894605e-01,-8.738214378000030536e+00
-4.436574291763081490e+00,1.260956511929047119e+00,-8.738214378000030536e+00
-4.421809866406128720e+00,1.738774884647966035e+00,-8.738214378000030536e+00
-4.402286051339021178e+00,2.213267197817152976e+00,-8.738214378000030536e+00
-4.379165302500100054e+00,2.431890553029913971e+00,-2.094260141823454102e+00
-4.353881046349421524e+00,2.645534565109930014e+00,-2.094260141823454102e+00
-4.326481444598205606e+00,2.854547760127235989e+00,-2.094260141823454102e+00
-4.297011519641342758e+00,3.059201737042398950e+00,-2.094260141823454102e+00
-4.265513925097075720e+00,3.259690884163129354e+00,-2.094260141823454102e+00
-4.229929933522322827e+00,3.925411168327308964e+00,-1.066715072932702135e+01
-4.187742788371348723e+00,4.579925095633120335e+00,-1.025286786843169473e+01
-4.138946968960309114e+00,5.249289616248781876e+00,-1.021944097536180429e+01
-4.083633480329564414e+00,5.879636895651359829e+00,-9.358569234039190832e+00
-4.022264179869677214e+00,6.454602266329497517e+00,-8.351088386180428813e+00
-3.958736241531393141e+00,6.226245682829549821e+00,1.798120365231046236e+00
-3.897542212877449508e+00,5.986908663001691444e+00,1.798120365231046236e+00
-3.838786708408325588e+00,5.737757322428810092e+00,1.798120365231046236e+00
-3.782562401168140021e+00,5.480015706599952630e+00,1.798120365231046236e+00
-3.728949548709417972e+00,5.214942643850499771e+00,1.798120365231046236e+00
-3.675955070919686207e+00,5.400990061008699605e+00,-2.612122561694296685e+00
-3.621144051178564194e+00,5.577120176064505941e+00,-2.612122561694296685e+00
-3.564619555760729419e+00,5.742455638815058272e+00,-2.612122561694296685e+00
-3.506493702703516568e+00,5.896060022494076236e+00,-2.612122561694296685e+00
-3.446888181661628803e+00,6.036953987764587026e+00,-2.612122561694296685e+00
-3.381941420716465085e+00,7.047668677551442329e+00,-1.010134089917174016e+01
-3.306997751697076993e+00,8.033093897398497774e+00,-1.019887620320784727e+01
-3.222602127952019391e+00,8.928168070213175156e+00,-9.806596462126988101e+00
-3.129728584565485416e+00,9.716947310035068952e+00,-9.338636523862732020e+00
-3.029603767392643032e+00,1.036313932613948019e+01,-8.634704361036993348e+00
-2.932429541800470219e+00,8.937563053455237494e+00,7.960217339198467634e+00
-2.849270709202304186e+00,7.566639575166702159e+00,7.960217339198467634e+00
-2.779555984458024653e+00,6.255182384001726881e+00,7.960217339198467634e+00
-2.722681592522319338e+00,5.004686544773170098e+00,7.960217339198467634e+00
-2.678040663410949929e+00,3.814156665928308154e+00,7.960217339198467634e+00
-2.645064661116810267e+00,2.676461825513039017e+00,8.000427723213059394e+00
-2.623607637835291051e+00,1.507238323902435617e+00,8.793612702452582752e+00
-2.613922023802019989e+00,3.199801389868963675e-01,9.462104341783067696e+00
-2.616200953703159637e+00,-8.883981612943609996e-01,1.013446509360562686e+01
-2.630670651320743403e+00,-2.121395783962510606e+00,1.079963830521280244e+01
-2.652602931198909886e+00,-2.279241171896082108e+00,1.199717560230284530e+00
-2.676070010667877863e+00,-2.427395313306523139e+00,1.199717560230284530e+00
-2.700975198689977042e+00,-2.565905318972883098e+00,1.199717560230284530e+00
-2.727222226601638155e+00,-2.694807830076609623e+00,1.199717560230284530e+00
-2.754715152716673110e+00,-2.814131141724203200e+00,1.199717560230284530e+00
-2.787068781252608485e+00,-3.743982339448297392e+00,8.379684687678871313e+00
-2.828570318643937043e+00,-4.640584935473572870e+00,8.379684687678871313e+00
-2.878890907037895186e+00,-5.504515135728518693e+00,8.379684687678871313e+00
-2.937701597252128760e+00,-6.335023371394312264e+00,8.379684687678871313e+00
-3.004659538500432436e+00,-7.129919838597436943e+00,8.379684687678871313e+00
-3.076124630482790945e+00,-7.163750480037652579e+00,2.461844172900935490e+00
-3.147852060110229555e+00,-7.180513885316884171e+00,2.461844172900935490e+00
-3.219666820301751109e+00,-7.179275036944704702e+00,2.461844172900935490e+00
-3.291385276497700740e+00,-7.159263164145550640e+00,2.461844172900935490e+00
-3.362816894256214439e+00,-7.119890062253869445e+00,2.461844172900935490e+00
-3.431376595623626624e+00,-6.535647727739710255e+00,-1.961540696201795608e+00
-3.494151609393400637e+00,-5.964554459258201824e+00,-1.961540696201795608e+00
-3.551280700921012556e+00,-5.408156818601747240e+00,-1.961540696201795608e+00
-3.602916425529598232e+00,-4.867634850897965215e+00,-1.961540696201795608e+00
-3.649221615251144080e+00,-4.343836792540196612e+00,-1.961540696201795608e+00
-3.686339469844426286e+00,-2.952932543515509156e+00,-1.029655071654145360e+01
-3.710275936197890534e+00,-1.721373513861761850e+00,-9.444760288692425121e+00
-3.722557469821787812e+00,-6.345399947727827783e-01,-8.603217451717666719e+00
-3.724651236865584636e+00,3.029420600670993391e-01,-7.606735160114336480e+00
-3.718037268506381832e+00,1.093733928869077277e+00,-6.544367596701608392e+00
-3.702193938307457799e+00,2.176916109306047176e+00,-9.664710265062694816e+00
-3.675683167176076349e+00,3.224601389517988803e+00,-9.664710265062694816e+00
-3.638836365034540776e+00,4.241785566274575814e+00,-9.664710265062694816e+00
-3.591941262691639380e+00,5.232018606006936245e+00,-9.664710265062694816e+00
-3.535257583062364706e+00,6.197138540198158019e+00,-9.664710265062694816e+00
-3.468809418148255830e+00,7.187076955078594231e+00,-1.010134089917174016e+01
-3.392534677731610770e+00,8.160155481736111938e+00,-1.019887620320784727e+01
-3.306886726100622287e+00,9.052825534759181281e+00,-9.806596462126988101e+00
-3.212741668552997254e+00,9.848751491846650552e+00,-9.338636523862732020e+00
-3.111234455505229590e+00,1.051069312131304123e+01,-8.634704361036993348e+00
-3.005260594618876624e+00,1.069619131663234235e+01,-5.187008926415852983e+00
-2.897615678484592561e+00,1.083975887879792310e+01,-5.187008926415852983e+00
-2.788744257825903183e+00,1.093588780105571345e+01,-5.187008926415852983e+00
-2.679143150228772363e+00,1.097973514785354787e+01,-5.187008926415852983e+00
-2.569353830112954817e+00,1.096733295260746921e+01,-5.187008926415852983e+00
-2.457832435301259721e+00,1.135634329343180582e+01,-9.813634877092557218e+00
-2.342965433649839557e+00,1.162281292457321769e+01,-9.813634877092557218e+00
-2.226012920342016255e+00,1.175946670033756902e+01,-9.813634877092557218e+00
-2.108296125399724552e+00,1.176173011634977428e+01,-9.813634877092557218e+00
-1.991167774501263033e+00,1.162827386862442758e+01,-9.813634877092557218e+00
-1.879045074556945583e+00,1.070343206100987210e+01,-5.277099795780067382e+00
-1.776170796222879433e+00,9.779825697052823230e+00,-5.277099795780067382e+00
-1.682502106085701055e+00,8.864227833524967792e+00,-5.277099795780067382e+00
-1.597929032274085115e+00,7.963208946530769161e+00,-5.277099795780067382e+00
-1.522278051357345507e+00,7.082812928430595178e+00,-5.277099795780067382e+00
-1.454972655248098379e+00,6.318296639518249158e+00,4.087947565537639605e+00
-1.394878923212867328e+00,5.648093434541783253e+00,4.087947565537639605e+00
-1.341101832575327224e+00,5.061702020197112795e+00,4.087947565537639605e+00
-1.292846746943401071e+00,4.549644902767129295e+00,4.087947565537639605e+00
-1.249409331326717831e+00,4.103429003598840552e+00,4.087947565537639605e+00
-1.209196125676386790e+00,3.932487962445450957e+00,9.490098633253204241e+00
-1.170749975842234836e+00,3.747158040170361470e+00,7.840619633084951801e+00
-1.134530779073560813e+00,3.477524282407309375e+00,5.066271190323431206e+00
-1.101655918398905865e+00,3.063228948928190754e+00,1.469237101733696260e+00
-1.073875369056032980e+00,2.437942334640872399e+00,-3.049012825297359175e+00
-1.048951548955455726e+00,2.562047596443765229e+00,8.976980088822617887e+00
-1.022766768717733532e+00,2.690615321772126478e+00,8.773379027484057957e+00
-9.954708863602612645e-01,2.780691832869213620e+00,7.905296966648767132e+00
-9.675447786149229401e-01,2.811010313150878126e+00,6.735305235827602210e+00
-9.397197944512321044e-01,2.751982736159190424e+00,5.163803140465221375e+00
-9.130921225430147503e-01,2.558886031870463373e+00,2.999030712052002112e+00
-8.880643659887536012e-01,2.438382853545463469e+00,3.614541435157592630e+00
-8.639086558973742003e-01,2.390946448093022703e+00,4.282541687023052823e+00
-8.398811821814806677e-01,2.419537353362043675e+00,5.028827127313622469e+00
-8.151942230766600073e-01,2.530289055937712916e+00,5.885201779281587164e+00
-7.886640795737139831e-01,2.803030721539609083e+00,7.723195009328765792e+00
-7.594035970443798744e-01,3.076765472054776573e+00,7.722452758726211286e+00
-7.275869721445172855e-01,3.310912087803665305e+00,7.244091787219670842e+00
-6.936543198179342395e-01,3.495617837887680768e+00,6.635295749771751517e+00
-6.581165264878929833e-01,3.627149349190663674e+00,5.970232977535373742e+00
-6.190787482435378131e-01,4.239652468864154145e+00,1.082413868574262850e+01
-5.754241933421452293e-01,4.520810346486527465e+00,7.590483374718902887e+00
-5.306609799037512731e-01,4.427189166063354442e+00,3.846316514511697093e+00
-4.887663670714348374e-01,3.937731264124407105e+00,-4.924813922582328418e-01
-4.532412169824067694e-01,3.087650458803842923e+00,-5.305808984703702436e+00
-4.193721846129032094e-01,3.751567562966525049e+00,8.033043202168615338e+00
-3.789798765634127542e-01,4.390412230573105923e+00,7.848818670281586307e+00
-3.322607955373850230e-01,5.016019141934669356e+00,7.742560276331969860e+00
-2.793577454502513824e-01,5.625919146292151396e+00,7.599174841192295915e+00
-2.204603174995107273e-01,6.212744596824636645e+00,7.385788126348850291e+00
-1.643922368110421750e-01,4.876783956391818720e+00,-8.603420559097914477e+00
-1.214243994826026962e-01,3.598382669892601360e+00,-8.603420559097914477e+00
-9.098582474988003987e-02,2.376193308692219119e+00,-8.603420559097914477e+00
-7.252591796754881415e-02,1.207456861895413347e+00,-8.603420559097914477e+00
-6.552569314996800620e-02,8.862546307490995479e-02,-8.603420559097914477e+00
-6.472701849380503580e-02,6.934710743177957548e-02,0.000000000000000000e+00
-6.411673922730251607e-02,5.102807572921674861e-02,0.000000000000000000e+00
-6.368564220574532420e-02,3.358495559039442746e-02,0.000000000000000000e+00
-6.342532317799068342e-02,1.693986292774095001e-02,0.000000000000000000e+00
-6.332813338498430311e-02,1.020029360082570736e-03,0.000000000000000000e+00
-6.338713015197808276e-02,-1.424258139783872966e-02,0.000000000000000000e+00
-6.359603119407371274e-02,-2.891163022472556521e-02,0.000000000000000000e+00
-6.394917237460083503e-02,-4.304673427438721056e-02,0.000000000000000000e+00
-6.444146867438398096e-02,-5.670377543328128378e-02,0.000000000000000000e+00
-6.506837814723032132e-02,-6.993518721545440020e-02,0.000000000000000000e+00
-6.582586865306583324e-02,-8.279022164187113675e-02,0.000000000000000000e+00
-6.671038717512789429e-02,-9.531519754381673204e-02,0.000000000000000000e+00
-6.771883154156159434e-02,-1.075537316296512613e-01,0.000000000000000000e+00
-6.884852438473271219e-02,-1.195469535603379263e-01,0.000000000000000000e+00
-7.009718918362491114e-02,-1.313337061915119675e-01,0.000000000000000000e+00
-7.146292824589337012e-02,-1.429507320580471197e-01,0.000000000000000000e+00
-7.294420249655934885e-02,-1.544328471007669346e-01,0.000000000000000000e+00
-7.453981295000144947e-02,-1.658131025637978317e-01,0.000000000000000000e+00
-7.624888375088333115e-02,-1.771229359247409596e-01,0.000000000000000000e+00
-7.807084667799635280e-02,-1.883923116580343560e-01,0.000000000000000000e+00
-8.000542701273756496e-02,-1.996498525742840813e-01,0.000000000000000000e+00
-8.205263068112679525e-02,-2.109229624246705403e-01,0.000000000000000000e+00
-8.421273258492857627e-02,-2.222379404095131683e-01,0.000000000000000000e+00
-8.648626604362445736e-02,-2.336200881834417376e-01,0.000000000000000000e+00
-8.887401327470614842e-02,-2.450938099061257813e-01,0.000000000000000000e+00
-9.137699684506524200e-02,-2.566827058469275946e-01,0.000000000000000000e+00
-9.399647203116603955e-02,-2.684096600139419531e-01,0.000000000000000000e+00
-9.673392003023133234e-02,-2.802969222424644968e-01,0.000000000000000000e+00
-9.959104196887037797e-02,-2.923661851447880156e-01,0.000000000000000000e+00
-1.025697536594560727e-01,-3.046386562921812313e-01,0.000000000000000000e+00
-1.058586623274879873e-01,-3.582653988096487496e-01,-3.369820210135543448e-01
-1.096775479385386776e-01,-4.105278603471202437e-01,-3.369820210135543448e-01
-1.140135766716764004e-01,-4.616038109366156772e-01,-3.369820210135543448e-01
-1.188556443453285816e-01,-5.116604872288480488e-01,-3.369820210135543448e-01
-1.241942746028818489e-01,-5.608553638205883152e-01,-3.369820210135543448e-01
-1.243482056045819156e-01,6.420213197001558569e-01,9.940627661968484574e+00
-1.143164281803498022e-01,1.439106480435775159e+00,6.997429089368331745e+00
-9.812878957068926766e-02,1.836176600978445483e+00,3.948946114288826692e+00
-7.977757486016877342e-02,1.834695300295885456e+00,7.789152990666993182e-01
-6.325307824993299521e-02,1.433457039157532975e+00,-2.524645977231400273e+00
-4.325948888142423093e-02,2.682589582234763625e+00,1.078446819932408829e+01
-1.326326860869404822e-02,3.383213780770470525e+00,6.667633321874342656e+00
2.124434139070442012e-02,3.533712347532433906e+00,2.350166215166129113e+00
5.475847057260067874e-02,3.133245150773823706e+00,-2.159980692594662521e+00
8.175971417749142156e-02,2.179579991420185436e+00,-6.877830445770745982e+00
1.016984771621045058e-01,1.771052175008838159e+00,-2.793467633951368434e+00
1.166516323329556543e-01,1.163809342016828507e+00,-4.599889462270704499e+00
1.246164709539600984e-01,3.542509199080148830e-01,-6.494801005213220790e+00
1.235444050682420886e-01,-6.634596904636796966e-01,-8.487935154532580739e+00
1.113079562575921416e-01,-1.899707955642079726e+00,-1.060581354661615094e+01
9.288554585255802409e-02,-1.773786666389776112e+00,1.929616847923333323e-01
7.522471843891372079e-02,-1.757604658365048866e+00,-6.277587324483723252e-01
5.722456738761289019e-02,-1.851975193704968214e+00,-1.489968277556976473e+00
3.777517168318529628e-02,-2.057907811557028843e+00,-2.393942620567969470e+00
1.575390910812214662e-02,-2.376981596643266581e+00,-3.343145590956205115e+00
-3.950817138304669497e-03,-1.481371086385643299e+00,6.496245403587472822e+00
-1.522117278757012873e-02,-7.004754952905135612e-01,5.890743919244357585e+00
-1.917936030053870797e-02,-2.880376811020396444e-02,5.276662896507464673e+00
-1.689848364719250678e-02,5.378229204724457313e-01,4.646344885755302911e+00
-9.411446207413780990e-03,1.003220435886424955e+00,4.000414459479866736e+00
2.398951024107669932e-04,9.196596642317726999e-01,-3.369820210135543448e-01
9.081402050744017199e-03,8.417471681842173536e-01,-3.369820210135543448e-01
1.716765804488890393e-02,7.690663366540174684e-01,-3.369820210135543448e-01
2.454921171006652428e-02,7.012293804622287130e-01,-3.369820210135543448e-01
3.127285636451364315e-02,6.378754083147292198e-01,-3.369820210135543448e-01
3.756927174289482335e-02,6.199983742311671042e-01,0.000000000000000000e+00
4.369704150782449670e-02,6.043465478082464815e-01,0.000000000000000000e+00
4.967782617074783386e-02,5.907904331795549302e-01,0.000000000000000000e+00
5.553203840216716647e-02,5.792108699842508646e-01,0.000000000000000000e+00
6.127894314694722067e-02,5.694983231006786051e-01,0.000000000000000000e+00
